#mjd: 59965.11378
#filter: i
#airmass: 1.42
#seeing: 1.0616914499999999
#m5sigma: 20.2065
#exptime: 20.0
#night: ut230120
#ra dec flux fluxerror
88.235388,15.763304,nan,776.15626752899
88.024655,15.763891,98766.207,50.129248047523
88.009483,15.762850,2898.214,63.831207744529
88.058732,15.762948,2445.190,41.669554664326
88.100972,15.762827,nan,108.00855740617
88.118543,15.764306,7819.604,63.090190084544
88.109261,15.763800,1674.264,87.591325635837
87.994731,15.764892,10009.752,40.931435261012
88.020031,15.764737,4849.331,43.062535786810
88.048574,15.765413,7690.679,50.739467696696
88.150474,15.763665,608.332,37.664148675242
88.171466,15.764613,812.405,43.918914949154
88.130095,15.765539,4041.441,41.177432064046
88.077639,15.765262,1592.736,44.390566880904
88.120055,15.765517,2966.776,46.581719253529
88.003005,15.764824,923.259,241.44999167596
88.091197,15.766039,3278.052,41.010439742564
88.078701,15.766907,4336.182,165.48290114855
88.013251,15.768390,23578.947,43.077386566794
88.008371,15.766441,1637.834,47.736616985711
88.197485,15.768275,20162.421,45.990294497613
88.099339,15.767433,2558.190,37.744934817353
88.185710,15.767104,3407.378,38.667074240268
88.159335,15.767528,2373.551,81.550703625255
88.105312,15.768010,2078.924,39.520884794847
88.047491,15.767609,1584.775,62.387055303936
88.168413,15.768876,7938.238,37.559005008464
88.151763,15.767726,1015.746,38.314182173684
88.038249,15.768880,5885.571,73.203721188327
88.120176,15.768305,1497.305,36.793529279810
88.226802,15.768518,1105.275,45.126373013342
88.106963,15.770052,8163.114,69.914679788955
88.234701,15.768687,1185.090,42.923563261288
88.085916,15.769659,1965.732,138.48377656277
88.011010,15.770309,6820.872,43.489783069660
88.068648,15.769447,935.384,51.168372866836
88.149382,15.771435,17661.735,33.168558323800
88.049889,15.770516,1759.313,60.686188041397
87.994583,15.770707,3520.379,44.153083452017
88.022759,15.770011,894.037,57.790681252319
88.235638,15.771352,7992.230,43.776287002929
88.224551,15.770718,3134.078,36.292428993769
88.013767,15.771815,4181.521,120.34579774720
88.035810,15.771528,2347.390,37.217307253067
88.182692,15.770758,1408.870,86.458177268777
88.168286,15.772706,15464.752,511.40730177404
88.199502,15.770960,1565.142,211.88288059574
88.081905,15.771262,1249.086,36.281489855082
88.036842,15.774790,61906.955,79.731567792175
88.072874,15.773285,30325.386,36.495227109808
88.138613,15.771280,933.202,42.824896495755
88.008044,15.772804,8501.731,46.646649927273
88.113850,15.771675,1161.028,39.660184405153
88.051057,15.772705,3436.553,66.973308791993
88.232391,15.772721,3393.495,39.982190642157
88.125408,15.772345,832.891,39.713708477667
87.989796,15.773640,6747.350,41.615609652704
88.203842,15.772784,1826.886,44.107002155123
87.993778,15.772838,1185.653,59.269528632146
88.043582,15.772528,811.374,41.966371727968
88.083373,15.773066,1261.556,204.81461762069
88.146107,15.773957,6694.996,37.682846466883
88.206910,15.773678,3009.531,35.555819252694
88.049029,15.776446,25299.783,40.550506807052
88.133895,15.773701,896.290,51.027738763545
88.188036,15.773803,918.164,91.996922411463
88.066698,15.773957,670.645,39.985786209214
87.994255,15.774979,3805.359,36.179244499454
88.216933,15.776691,12157.177,42.319968371632
88.118399,15.774960,1438.240,41.829435825838
88.170181,15.774671,1163.055,622.92194573440
88.176240,15.775100,1371.971,91.272784880566
88.074394,15.774891,900.420,70.109687351082
88.007190,15.778933,71548.927,49.919487563605
88.206193,15.776838,12948.948,194.42544132774
88.045724,15.776621,6610.381,38.982419624868
88.167425,15.776399,5609.550,50.611474755338
88.020100,15.778259,20687.437,39.686969263771
88.227830,15.776881,3207.645,37.521096332438
88.157497,15.777313,4010.965,37.642360182385
88.014071,15.777368,1068.351,37.609487414461
88.142025,15.777637,2386.983,44.492611290299
88.079081,15.777357,909.941,41.052406674125
88.169270,15.776987,452.018,183.72125283913
88.050965,15.777905,2019.878,38.933590221900
88.054075,15.778330,3621.105,40.267999618379
88.063301,15.779280,1105.182,36.833412422617
88.102810,15.778050,1327.675,1243.3204797405
88.084276,15.778174,676.622,75.445043594008
88.150067,15.778984,2080.674,317.43053011225
88.222258,15.783975,158242.023,33.195101614973
88.011988,15.780105,6888.737,59.715989626558
88.164338,15.781902,43475.806,128.04010144593
88.203952,15.779880,1081.646,61.413724523090
88.000523,15.780917,4259.249,42.988945480606
88.200559,15.781986,11450.106,39.154406085153
88.233675,15.781202,4015.184,33.651976149147
88.045972,15.780623,761.320,41.963300832331
88.136410,15.780395,681.706,33.819790714722
88.124649,15.780933,910.538,398.32547612947
88.142249,15.781238,1029.577,47.001107557445
88.227723,15.781233,1226.001,38.886518395963
88.068481,15.784212,53521.922,98.701405973812
88.147669,15.782010,5155.085,34.974668952606
88.155101,15.782068,2293.465,42.941611985166
87.985595,15.783062,8857.492,37.120293023546
88.139720,15.781939,880.200,612.68132326214
88.197404,15.782161,602.233,85.146416859846
88.178558,15.781992,899.300,35.544083998475
88.012855,15.785804,66625.853,47.161155845375
88.122661,15.784378,11546.723,33.864360871048
88.029841,15.783123,1248.465,70.788892908746
87.993685,15.783614,1466.509,90.686247694624
88.186501,15.783078,909.676,34.748625558917
88.071554,15.785710,4893.239,44.080720104335
88.179700,15.785181,9401.965,373.18957275773
88.166597,15.783868,807.127,108.68914404189
88.194283,15.784270,1743.621,44.040539266909
88.017963,15.787085,46314.023,51.718799385870
88.104746,15.785672,14405.709,38.303488287294
88.017043,15.784246,1008.066,40.433790807390
88.065368,15.785004,3250.992,141.09599059734
88.189346,15.784464,882.968,120.17855834250
88.135203,15.785313,2338.372,48.252496608087
88.145273,15.786965,20108.556,42.042753004328
88.162695,15.786548,12767.749,84.051031031913
88.201588,15.785651,3432.465,53.335080017539
88.001683,15.784980,1015.736,46.646175752994
88.004242,15.786779,8146.467,38.004015608704
88.236692,15.786311,nan,100.75912014481
88.128478,15.786639,5128.412,189.79905956132
88.089559,15.786370,3439.492,53.861682077736
88.074499,15.785883,824.334,647.09290694010
88.113000,15.787582,12018.770,771.26362763651
88.192947,15.788394,18075.743,50.725341021794
88.057728,15.787230,5326.236,38.255888466913
88.141168,15.790710,94502.941,36.896205856909
88.004052,15.790411,80645.678,37.776912000841
88.191126,15.787635,4281.321,37.728996553567
88.050574,15.786528,854.285,43.489552047411
88.048437,15.787163,828.541,38.077696824426
88.165626,15.787222,1662.771,43.158711286810
88.080144,15.787741,1349.477,71.330966238109
88.196224,15.787887,1088.589,40.324787122050
88.063553,15.787595,1065.864,90.951508506705
88.179796,15.787528,745.032,39.505991434419
88.221208,15.789111,7408.028,58.350809816887
88.010041,15.788281,1720.487,34.937996637814
88.021111,15.789451,10646.814,44.334379537164
88.115603,15.788443,1294.169,51.027066788595
88.133880,15.789416,7118.753,44.864149628450
88.061854,15.788418,659.241,39.511442431526
88.150025,15.789538,2953.197,44.683574502920
88.147337,15.790313,3956.426,39.433309075152
87.985493,15.789306,1168.231,42.167265604500
88.225219,15.789844,1135.924,47.404983207950
88.174766,15.789564,1712.135,46.929955507084
88.040987,15.789299,742.681,138.23155658317
87.998302,15.789620,1048.387,43.792716080605
88.096613,15.790299,2216.172,36.031831200702
88.230097,15.790343,2527.282,72.084551754570
88.123576,15.792284,16726.703,56.162106051497
87.982859,15.790359,642.273,170.40672690655
88.232476,15.790817,849.019,100.04070577162
88.059530,15.792461,7294.671,61.780691573256
87.990764,15.791944,4403.610,43.866620273030
88.218721,15.793541,18864.204,38.984970388059
87.988525,15.792770,9237.158,44.737689750452
88.019123,15.792501,3910.956,43.984221941308
88.161592,15.792239,3657.021,817.85686071328
88.194934,15.792253,1417.449,137.02703294633
88.082157,15.792487,2534.745,349.39994899094
88.117741,15.792381,520.471,46.220809523177
87.988322,15.796407,87086.267,43.747096238044
88.188884,15.794621,18331.233,79.759716398693
88.192556,15.796127,41726.580,33.759808407906
88.114458,15.793755,2193.559,39.045261254745
88.172663,15.793979,2527.276,44.868651851527
88.118479,15.795034,8741.798,179.14976233677
88.208366,15.793347,684.540,49.833256568601
88.224538,15.794574,2674.064,38.989192726663
88.100122,15.794107,1172.379,75.486797084242
88.083221,15.796832,18566.449,42.278253290819
87.997091,15.795149,2628.170,95.209083411085
88.085232,15.794993,1340.070,40.542076011103
88.175260,15.795717,8482.560,38.767452247253
88.072822,15.794637,752.610,636.55328430314
88.006727,15.796280,8457.641,34.217597333167
88.081864,15.795475,1615.744,37.929773423046
88.041431,15.794950,813.191,42.262544780123
87.991517,15.799389,69941.506,52.276051078126
88.207257,15.795780,1301.013,46.658236536935
88.003600,15.795515,803.810,41.196633873034
88.146397,15.796343,2600.531,185.21169067305
88.169208,15.797100,3511.134,61.998473654832
88.151623,15.797403,2887.227,76.000944294802
88.041356,15.796954,820.647,37.358713338124
88.151651,15.799277,23531.206,298.54985460770
88.120856,15.798379,6924.577,92.844337246316
88.189518,15.798327,8225.202,48.509767350217
88.159783,15.797423,1553.969,42.151264166871
87.994587,15.799817,32133.037,61.758665818025
88.129941,15.799731,12052.311,48.495394179555
88.071702,15.798036,3036.527,36.601456778897
88.126064,15.798048,2838.518,44.664697873003
88.206359,15.798449,5385.104,120.41053889284
87.983906,15.798352,2054.614,108.90476788156
88.123741,15.798429,1783.918,37.854724498463
88.027265,15.798471,1301.752,38.448090373276
88.096893,15.800605,15357.186,35.178676890920
88.043886,15.800767,13293.722,149.02268676606
88.090132,15.799987,1147.856,48.099457002885
88.030549,15.800405,1200.850,53.762311584309
88.160116,15.800177,1048.169,1151.0119532869
88.102150,15.802664,18406.128,35.956952853080
87.985375,15.801369,2882.358,87.325588179801
88.158624,15.801909,3867.589,77.087294209434
87.992030,15.805477,133646.000,779.52480386670
88.109278,15.800911,809.588,710.44909946616
88.171493,15.802979,11138.782,51.119361377578
88.040190,15.803011,9342.618,35.411505077212
88.024889,15.805830,94715.217,87.117019780984
88.103049,15.805283,89463.952,62.251599207267
88.207770,15.802299,3824.881,40.846517674630
88.056956,15.801809,592.807,275.19089276478
88.226040,15.803945,8462.664,175.47564890825
88.031206,15.803651,7128.641,54.563059425750
88.167363,15.803457,3126.019,331.34445802701
88.177149,15.805894,32295.794,111.65505600922
88.136650,15.804813,20583.277,51.346688977331
88.190460,15.803614,3572.622,41.827118088408
88.187093,15.806453,42993.763,40.216789090816
87.993005,15.803896,1457.225,56.685759134673
88.165116,15.804562,3723.400,461.21142135760
88.033543,15.804685,2170.389,40.732995159699
88.087893,15.804658,1855.704,37.204171677224
87.987781,15.805525,4825.693,51.658250834622
88.129640,15.808173,60192.681,34.499935219683
88.065880,15.805123,753.721,1189.7221595073
88.190000,15.806199,1659.304,183.63521325902
88.001975,15.806430,3470.676,44.302333080922
88.167086,15.805960,1348.707,37.112219532281
88.227768,15.811722,158731.061,59.133495565104
88.097856,15.808489,22588.079,197.52430344041
88.143417,15.806839,3164.509,127.00344983600
88.062671,15.806157,960.874,42.678030923000
88.099959,15.807200,4197.913,41.397964124645
88.008087,15.808743,24159.820,42.688325196032
88.016448,15.808805,12686.144,51.917876325943
88.153987,15.807157,1000.654,47.237760363776
87.991245,15.807563,1865.215,55.567769457141
88.171777,15.807719,2319.653,41.068508219445
88.157596,15.808153,4396.869,38.245587205677
88.235872,15.807847,1634.708,38.624980051557
88.067385,15.808467,3589.928,127.24892025088
88.193524,15.808630,2173.980,49.273869276277
88.122841,15.808142,1013.351,166.13633208145
88.173739,15.808288,791.611,42.674081083935
88.102165,15.810065,14374.098,45.316201396411
88.226311,15.809300,3150.381,63.972852566291
88.121825,15.810685,18859.204,41.125006970857
87.985937,15.809238,2013.543,40.371680644749
88.107427,15.809620,2460.227,45.323455334759
88.206868,15.810716,7492.386,35.859598725323
88.023337,15.809340,853.171,349.51168579625
88.038277,15.810294,2752.551,571.90317376868
88.155824,15.810074,1955.724,60.043019972796
88.213208,15.810092,1093.507,42.237632268750
88.142681,15.813485,45195.284,38.852604917682
88.227592,15.814466,73008.108,144.13099367237
88.087217,15.811488,3786.127,189.96047852790
88.028203,15.810660,682.630,45.393993715544
88.231035,15.810741,1157.127,46.157712114872
88.024417,15.812999,14868.088,42.270587535964
88.010936,15.813404,22163.290,35.132310389272
88.212829,15.812242,3731.203,37.391879497115
88.037503,15.812258,2944.184,145.86164987528
88.198720,15.811915,1401.648,46.849594345255
88.195009,15.811591,936.431,48.177816361951
88.176661,15.812006,1030.532,218.36739170644
88.175266,15.814563,18899.698,38.295706836091
88.097248,15.812397,1030.531,37.357551014190
88.102338,15.812751,2614.113,100.62091244099
88.050803,15.814661,22066.865,123.91368516768
88.209743,15.812614,1411.341,125.58079958465
88.218233,15.812640,1307.292,855.87468158980
88.180608,15.814195,11295.018,126.74714022963
88.166145,15.814643,15464.907,74.141129403836
88.162351,15.814363,13848.077,346.33776009676
88.046306,15.817221,115283.741,36.295722020852
87.995923,15.814855,13821.666,40.234765168469
88.171793,15.814789,7919.829,34.941498334215
88.079893,15.816938,44355.202,189.25024285371
88.189149,15.814136,1483.680,56.586482049529
88.000141,15.813721,1162.889,46.133588825156
88.168036,15.814185,1600.080,42.206088530031
88.104918,15.816456,21335.975,66.534330595792
88.204963,15.815634,5792.840,70.135397110253
88.229946,15.815434,3434.896,41.124947247734
88.065181,15.815040,1045.218,45.643369280195
88.170800,15.816541,6753.294,44.643438551775
88.093347,15.816224,6607.383,38.081143441442
88.086725,15.814509,524.509,44.193323133083
88.040514,15.815529,2613.199,240.26131708199
88.153170,15.816025,3225.759,42.306259811235
88.222609,15.815725,1405.859,78.811652229845
88.002443,15.815719,1527.834,43.855133612382
88.160948,15.818528,32023.693,57.343586075921
88.077234,15.816356,2162.244,36.335131677541
88.157307,15.817258,7992.471,36.772182868367
88.138041,15.816668,1382.653,211.16281418257
88.074253,15.818007,5774.907,73.762286395354
88.184117,15.817103,1408.018,279.91956175524
88.179065,15.817325,762.794,40.512123068849
88.183059,15.819438,22515.124,415.19728320898
88.070716,15.819388,8525.495,45.067181242860
88.007478,15.819872,29599.266,37.568796778763
88.189035,15.819050,2864.046,44.161992252268
88.073017,15.821907,53771.529,163.90539974695
88.050733,15.819452,3534.320,41.615434430491
88.192142,15.818827,588.146,37.456716860110
88.094337,15.819721,2422.995,41.318528142914
88.004962,15.820632,15921.732,38.213658281127
88.156244,15.819065,821.908,89.260182632153
88.212959,15.819796,2081.575,42.701434033371
88.228690,15.819996,1253.303,89.088601018810
88.103250,15.820244,2130.866,35.784184869298
88.010327,15.821081,8211.286,59.883326348305
88.226979,15.820804,2174.882,39.780305202612
88.110765,15.821554,9532.395,44.653758058460
88.167840,15.820703,688.296,46.850518510045
88.123765,15.821561,5595.935,37.084033486480
88.084192,15.821182,1779.116,43.224318165726
88.198110,15.821758,1766.829,42.702248415586
88.034838,15.822700,4092.751,52.195702360010
88.179132,15.821888,1363.154,48.088952745674
88.051079,15.822109,1853.550,43.761265072902
87.993515,15.822099,1452.385,36.889426669638
87.983824,15.822242,2739.070,42.252762249792
88.214193,15.822606,2645.217,85.610039232283
88.001918,15.822598,1506.669,34.343189858598
88.075140,15.823041,770.902,36.048362151576
88.085309,15.823320,1636.668,33.557607379108
88.229216,15.824441,8620.845,33.742470255080
88.098885,15.824207,1188.282,49.619440330823
88.137117,15.823944,727.180,46.555561966913
88.181738,15.823797,854.788,40.907614091423
88.104474,15.823947,613.213,249.17167045856
88.039165,15.825766,3525.364,63.855571864211
88.131116,15.825961,3048.078,64.046157658262
88.108784,15.825667,2053.449,40.755073629335
88.181724,15.829312,27682.115,37.593197464163
88.109001,15.827818,6358.560,40.966561199402
88.089236,15.827705,6960.050,45.004655249052
88.134706,15.827544,1027.247,45.395486913071
88.030740,15.827516,661.785,125.98249499490
87.984266,15.827214,851.769,40.593623683315
88.050163,15.827949,3119.988,46.941959876652
88.218097,15.828061,2472.242,36.639505097265
88.068581,15.830231,15182.450,80.032474477092
88.005222,15.827562,903.578,52.441899419850
88.068765,15.828368,2038.898,88.566584398139
88.210952,15.828202,891.384,37.126730050165
87.994425,15.829669,7759.755,680.42650224568
88.103411,15.828914,3425.124,54.018166757582
88.187427,15.829931,8997.614,38.535221467121
88.023138,15.828474,822.989,64.585410632023
87.984295,15.832087,82726.754,50.822859571948
88.174834,15.829326,3237.660,34.958251067503
88.039915,15.829480,1763.851,48.710460550922
88.178189,15.830285,5757.061,66.224180352326
88.134315,15.830003,2982.638,155.45900769379
87.991171,15.829499,1265.678,36.943379701253
88.183337,15.830468,2786.286,99.402077947834
88.166280,15.831121,7149.340,41.075903365030
88.175090,15.832187,15859.309,33.652583115678
88.066385,15.829980,542.250,38.927948392036
88.201555,15.832560,10594.327,311.22444404771
88.179502,15.832904,1564.622,40.707819904991
88.184831,15.833056,1145.395,42.707658195927
88.161483,15.833195,1180.438,38.586390173552
88.105680,15.836057,34797.351,85.723667843342
88.007227,15.833206,1020.487,38.998701962398
88.168848,15.834118,2807.322,397.19994657311
88.057086,15.833474,1710.439,42.566195113142
88.023389,15.835187,8003.072,79.883506608974
88.061948,15.833686,948.790,37.579711706052
87.992510,15.836443,42212.648,36.797550488745
88.001995,15.833472,747.579,38.688517319076
88.036346,15.835267,8095.044,34.304621412871
87.993048,15.833993,751.047,44.037267019628
88.200694,15.834545,1311.933,79.489754613429
88.181086,15.834599,1406.248,84.726476328973
88.207378,15.834112,524.102,38.063203454368
88.071227,15.835136,1595.445,152.10529411711
88.210778,15.836923,9004.480,42.403918966121
88.223751,15.836459,7713.824,289.68799903156
88.148568,15.835189,961.400,45.190869203730
88.012109,15.838198,15750.907,101.75663387818
87.987199,15.835362,1156.759,417.81149658173
88.195048,15.838196,28888.652,40.218122786246
87.994990,15.836321,2134.621,305.19805630691
88.101267,15.837419,9542.732,33.603908348190
88.079469,15.839572,44784.502,38.811808242159
88.049194,15.836710,1008.559,1274.7834496888
88.046141,15.839694,33418.152,294.33938691631
88.126485,15.837194,609.167,38.796753128440
88.136899,15.838188,1323.372,37.213303170278
88.122476,15.843322,126725.870,818.70100933821
88.075312,15.841179,32575.901,40.691130956631
88.197219,15.838884,2101.960,34.317794875787
88.065776,15.838974,1334.583,38.829876848883
88.001698,15.842648,92910.503,37.336390756798
88.216055,15.839120,2899.903,71.433725154779
88.016974,15.839029,969.261,40.549095445128
88.228420,15.838823,1369.692,49.438658598827
88.192852,15.838951,933.855,38.924253123366
88.203341,15.840237,6388.536,40.118511374833
87.988998,15.839360,975.032,43.507410530574
88.109482,15.840826,3164.832,46.003662610511
88.039959,15.840008,1065.375,45.778455046559
88.169949,15.840884,2202.099,43.972352682216
88.057670,15.841261,3738.927,45.465963495520
88.165609,15.841070,2605.744,35.966405700626
88.185377,15.841093,2159.094,77.151502689059
88.013887,15.841228,2983.983,38.345854489052
87.985932,15.840359,744.199,46.590764278276
88.151918,15.840970,1267.175,37.872567874243
88.024791,15.842555,7852.529,64.777240630391
88.123582,15.841144,1322.395,101.43612162402
88.052919,15.841742,2735.834,327.92077015289
88.018267,15.841115,1367.203,295.36451890988
88.059406,15.842212,6426.767,51.353389279715
88.143402,15.843002,9338.914,47.086323484022
88.036126,15.844347,36120.050,48.853851716802
88.068072,15.843798,26357.767,173.92768788248
88.076554,15.842554,4381.929,53.465394709032
88.211011,15.842016,2549.978,72.744299965123
88.218663,15.842373,3111.308,57.688161125387
88.132834,15.844054,16727.368,34.862180231575
88.234879,15.843263,3873.843,42.914152759996
88.181205,15.844142,5983.318,114.63202574890
88.119181,15.843605,3482.275,141.11931018377
88.208369,15.842926,717.387,78.106758097136
88.157829,15.843053,855.749,67.177724239949
88.051064,15.845224,11928.058,35.287347382288
87.986719,15.845753,16164.514,54.687704672700
88.104159,15.845783,7096.225,417.34458069731
88.047134,15.846506,5676.115,48.542701191248
88.172504,15.845161,805.950,39.365881894012
88.080042,15.846285,3129.581,44.859932174719
88.132018,15.848844,40426.722,97.539191403886
88.144472,15.847016,3166.745,45.088886748740
88.118317,15.846438,787.680,43.787653461128
88.002180,15.846572,1616.586,38.718187807306
88.147920,15.848658,9502.570,39.140179360412
88.132885,15.847067,1545.390,85.551249441317
88.216738,15.846521,1213.805,39.235569297602
88.147031,15.846636,874.890,1536.0661924504
88.185560,15.847140,1053.605,38.398818888247
88.012433,15.848915,8404.857,64.246706057172
88.095568,15.847327,661.806,58.188352035890
88.129959,15.852068,151236.685,185.36925855163
87.988962,15.848274,851.531,44.419069402558
88.158895,15.848695,4551.448,52.665874601095
88.152049,15.848948,4338.903,60.071636658469
88.027496,15.850971,26096.113,57.428274001874
88.154809,15.849351,1711.106,57.268964561409
88.219290,15.850085,2991.274,44.286589911720
88.001636,15.850235,3769.766,770.46942295330
88.098083,15.850214,4191.217,42.374882541090
88.199600,15.850237,4187.367,35.899505249607
88.184946,15.850089,2246.194,34.455502756899
88.225722,15.853788,80014.137,58.890891260414
87.986473,15.850066,1522.227,40.767374278034
88.148850,15.850547,1379.937,37.556689259089
88.212698,15.850529,1093.532,47.635213101605
88.174255,15.851284,4868.633,40.409994219578
88.086020,15.850849,1332.836,74.112115556199
88.011109,15.851381,634.812,35.756647944028
88.089501,15.852019,1475.579,476.77878208875
88.004806,15.851786,1096.309,40.001475096815
88.017593,15.853087,6315.920,40.873245687881
88.163993,15.852113,1066.063,38.921220085836
88.071748,15.855349,47013.366,64.374286407802
88.212844,15.852647,2177.109,37.200427221972
88.137269,15.852050,1021.218,36.427026538723
88.157296,15.852060,931.422,117.45432397211
88.183305,15.853532,5521.199,49.901919190430
88.059110,15.852469,668.231,35.155814372398
87.989110,15.852236,542.886,41.170197370686
88.086333,15.854545,11358.643,47.852905582203
88.179093,15.854159,3516.883,47.057686668483
88.144788,15.853337,1198.678,79.308135557617
88.162996,15.853794,2154.269,135.97740565748
88.045785,15.853928,2032.798,149.21772543978
88.136079,15.854923,3205.880,52.622732692221
87.990213,15.855543,8326.373,38.780938038897
88.175682,15.856049,12759.747,75.548087235638
88.177766,15.856570,13979.802,66.209436904164
88.207536,15.855716,4017.961,45.430166143013
88.169134,15.855157,1238.852,38.368437511703
88.096649,15.856254,5943.777,98.874142169642
88.124846,15.855631,2680.102,387.32980627905
88.127684,15.855707,2931.053,47.644468764339
88.042568,15.854997,846.502,44.022956643288
88.003568,15.857037,8721.312,54.328447693082
88.196405,15.860475,42995.633,70.666043067244
88.075590,15.855419,878.717,41.176348145815
88.024483,15.855508,827.535,321.06311601556
88.100726,15.856785,4419.370,324.46268425562
88.026275,15.857092,5553.901,227.98757875024
88.143062,15.857106,2130.961,152.72369932699
88.034400,15.859368,31197.376,36.830251671118
88.040914,15.859741,34395.314,37.208525973046
88.108423,15.859337,22065.456,129.67181012284
88.080504,15.858955,15206.321,35.490138070521
88.037582,15.857698,1339.097,42.436735361578
88.106193,15.857713,1402.383,60.659521911376
88.032084,15.859345,12833.708,44.805305508183
88.230499,15.857890,881.036,843.81378402473
88.009852,15.858284,1378.737,40.810690790235
87.992977,15.859137,4138.770,60.228374733616
88.177637,15.859027,1783.236,52.252126580807
88.151751,15.862245,78774.352,90.879775925111
87.984465,15.858300,583.086,39.086565997580
88.122661,15.860268,4484.782,41.035885540444
88.139162,15.859981,2777.464,81.526970447101
88.030462,15.860799,9178.648,96.427143568740
88.048109,15.859678,1052.953,75.999306911011
88.199328,15.859993,1312.023,84.192467263074
88.099347,15.861319,6999.963,41.967801021413
88.220383,15.861626,8614.063,38.402335032512
88.141088,15.861066,5480.896,404.04025571628
87.986669,15.861671,8128.371,83.811424346894
88.217564,15.861308,1820.519,31.787190593640
88.136668,15.861501,1339.989,85.599557340304
88.179522,15.866303,38649.629,38.461490647364
88.050378,15.863631,7274.313,74.078330811051
88.038400,15.862357,639.422,39.803680687344
88.082276,15.864182,7950.442,38.528339353392
87.997101,15.862549,857.369,47.143075368871
88.031967,15.864197,5953.565,37.703108791896
88.100470,15.863761,1144.965,49.008988153361
87.996926,15.864468,1513.947,37.518428916520
88.230247,15.865320,3142.647,34.718595764813
88.013923,15.865044,1584.265,51.197771907007
88.198117,15.865244,2952.317,39.231169571252
88.126503,15.865123,1036.559,37.626100286432
87.989921,15.865382,881.908,1232.9905017381
88.018730,15.866557,4338.062,69.964021015002
88.085828,15.865651,678.416,37.559443118668
88.105656,15.866610,1036.784,55.282397963156
88.198079,15.871694,123436.925,35.832044734474
88.175940,15.867650,4983.347,150.19296810507
88.195283,15.866483,560.365,113.81231401216
88.165928,15.867492,3472.295,39.382244673700
88.036611,15.866506,842.861,133.54702508925
88.029575,15.869190,14852.928,150.87369965425
88.133771,15.869453,9590.347,40.273565379931
88.174020,15.868613,1407.063,147.39082262608
87.995945,15.870189,13713.901,64.077533007612
88.141733,15.870559,14009.235,38.940786394136
88.057830,15.868566,670.378,645.26052067938
88.229087,15.871719,17045.412,69.678739067170
88.117021,15.870127,3046.947,51.709049284988
88.096560,15.869615,1373.795,39.399072195444
88.063849,15.873708,67558.574,40.625926781671
87.993994,15.871029,7465.450,39.405381495782
88.146846,15.870269,3372.444,154.63873241288
87.999822,15.870520,1107.414,49.400431256139
88.080480,15.870578,890.261,36.661817590471
88.160683,15.870541,890.867,66.183237664978
88.232914,15.872786,16077.094,49.413560815971
88.223997,15.871368,3238.553,35.979636530857
88.163717,15.871098,1557.878,37.081227863378
88.149589,15.871615,4416.629,629.13082913122
88.034346,15.871730,2523.048,35.574040428143
88.201308,15.871373,878.074,70.597774102881
88.154493,15.871139,815.021,403.87877725845
88.220514,15.874982,60548.351,71.944717960625
88.173257,15.870948,509.371,36.061777763230
88.205345,15.873700,3264.489,46.802516747842
88.029580,15.874720,42837.185,39.712746703845
88.125951,15.873245,4738.958,44.153292937763
88.208238,15.872799,929.790,49.512431836072
88.027372,15.873118,2848.648,47.213764220886
87.998242,15.873259,1170.592,298.58425718765
88.166538,15.873793,2000.705,117.15578954127
88.003251,15.873998,2038.870,40.820645828034
88.214069,15.874820,3121.865,30.873980181803
88.078676,15.876785,28805.907,48.910407991007
88.156533,15.876386,11076.384,108.19558264268
88.182792,15.875232,1046.684,40.397812573570
88.187065,15.874693,667.128,36.302148534368
88.062743,15.875626,2485.736,179.50079733049
88.104869,15.876674,9952.007,46.021869209734
88.074186,15.875720,754.263,589.72680002089
88.217051,15.875744,1162.664,314.37448456047
88.212770,15.881134,16546.481,35.497203769152
88.119926,15.877641,2432.311,43.584039666488
87.985625,15.880433,65406.755,49.196688536799
88.084320,15.879922,30802.212,60.999223727420
88.216487,15.878079,1066.895,49.121597234585
88.092708,15.878554,905.339,45.799291913582
88.137304,15.879453,2991.886,54.983812151066
88.034322,15.880432,6034.815,236.65382099229
88.124253,15.880177,2953.804,59.904730758066
88.057655,15.880546,3336.219,42.521083822031
88.135103,15.880412,3637.916,471.37865574191
88.111672,15.882215,22640.162,33.867812423660
88.079366,15.881180,5622.227,39.515746460034
88.194108,15.880587,1819.879,923.84479441791
87.992374,15.883673,51561.772,148.68819311225
88.105892,15.881008,880.089,65.939516365558
88.230012,15.881415,1340.697,38.828506593897
88.046204,15.885549,103402.775,116.17237034526
88.183386,15.882568,14182.220,40.598329066988
88.019501,15.882213,5836.009,44.463962932571
88.042248,15.881376,1421.978,39.693734098840
88.123792,15.882848,9249.951,76.669140679912
88.158370,15.881286,638.118,38.685281282700
88.128805,15.882061,2486.692,39.837504870591
88.210993,15.882674,1173.368,1195.3788618054
88.102372,15.883870,6094.398,146.99570814454
88.016520,15.883435,1721.893,38.614147422964
88.004338,15.883106,1366.145,642.60203227094
88.076647,15.888014,115654.894,39.349401688206
88.174098,15.885486,13053.616,158.04892610578
87.996876,15.883546,1078.279,48.038024720685
88.236372,15.888186,39102.031,51.479619545056
88.082550,15.887065,58982.928,36.936826888921
88.034160,15.884327,3001.255,89.132290396137
88.231870,15.885952,17093.286,40.406304466223
88.073788,15.884390,1637.629,35.816367928375
88.154269,15.884494,2136.366,100.40836980888
88.027897,15.883768,715.924,54.270151750014
88.019013,15.885644,8546.715,59.270862776808
88.031174,15.884167,1263.432,56.237833911551
88.214480,15.884301,1329.270,45.480216732654
88.171931,15.885576,9599.268,52.429618629355
88.122976,15.884755,3638.798,38.674973096982
88.146005,15.885243,3386.982,49.955121475737
88.089935,15.885769,2479.366,48.418481905302
88.004300,15.885723,1984.045,78.215130390955
88.084347,15.885744,2620.402,47.547730138946
88.169967,15.885751,1596.616,187.64505410964
88.032249,15.886222,2558.276,42.029557400030
88.127851,15.886610,3636.881,38.154072659518
88.229597,15.888546,4896.985,39.389331632149
88.087705,15.886997,3446.883,77.640814800537
88.142613,15.888017,13779.589,50.116854231554
88.002159,15.887079,2257.510,49.568708813862
88.040390,15.887301,1304.405,58.676911907803
88.011369,15.887374,1091.201,52.603629017395
88.186134,15.888469,6203.894,55.066295478029
88.069539,15.888232,1955.633,73.715575742868
88.170787,15.888302,2865.530,44.870475356070
88.046101,15.888448,3544.468,54.604610727928
88.133009,15.888764,2792.388,43.512072576197
88.130384,15.889111,2984.080,53.724198638750
88.148808,15.890157,6155.256,34.954699262078
88.134962,15.889269,1792.066,37.950564749774
88.193103,15.889712,4214.314,31.569445083258
88.062740,15.889309,2148.611,41.384060985114
88.066142,15.890897,4479.262,319.14385933368
88.081026,15.889823,730.009,44.167350173465
87.997447,15.890069,793.755,1230.3012841492
88.233132,15.890040,565.351,46.150104685128
88.218455,15.890809,1331.711,40.122899821670
88.046717,15.893045,24435.991,65.589177333361
88.229856,15.891457,2504.521,41.440203574444
88.076541,15.896530,137302.186,47.258596893427
88.025210,15.891772,2006.774,43.133000833171
88.109622,15.891918,2125.003,41.152686169258
88.032668,15.892122,3593.106,40.784177025202
88.009191,15.891784,957.974,30.689970226610
88.085959,15.892383,2462.301,39.146400869169
88.194210,15.892485,2665.586,58.118980406037
88.117318,15.891955,616.853,44.238662713189
88.209373,15.892906,2375.637,37.604466370554
88.214998,15.892120,664.165,257.26572161249
88.131292,15.893157,1692.859,36.606570613920
87.992339,15.893454,3698.360,176.70974633123
87.998320,15.893279,2463.583,40.951430880205
88.014822,15.892773,723.278,39.554246731412
88.162885,15.895458,21965.609,50.848250762039
88.164167,15.893685,1533.544,94.810986436654
88.028413,15.895426,18274.347,35.253131578231
88.169704,15.893990,1845.868,38.970204448693
88.043987,15.893549,731.669,98.390300718893
88.132729,15.894532,2960.139,113.80739245255
88.190279,15.896011,8390.560,55.334972491468
88.184510,15.894534,1336.655,47.633443505874
88.072708,15.895199,1019.696,45.233029366275
88.208618,15.896667,8170.558,39.504189815642
88.197985,15.897187,9963.819,258.42538120387
88.009987,15.896248,4075.189,86.568694342007
88.060864,15.896236,2477.936,39.946731445712
88.002455,15.896368,1346.551,44.811642594807
88.121708,15.896701,1567.178,45.962774130422
88.102064,15.898619,24620.001,64.758010801998
88.106650,15.897866,8658.301,49.118160928540
88.233672,15.897579,2514.149,38.515955942366
87.995272,15.897674,2024.303,52.871287827494
87.983080,15.897343,1113.714,364.53435050618
87.984851,15.898674,5214.707,41.544447187255
88.095906,15.898610,2320.904,49.719036931003
88.074213,15.897895,795.082,1217.8934036440
88.043080,15.899136,5061.623,38.328813537873
88.183851,15.901090,31706.791,60.520784568431
88.203483,15.898959,2357.915,36.578785872659
88.007223,15.899668,3758.222,153.95142158784
88.014184,15.903836,143811.030,653.78853931127
88.128156,15.899710,1244.185,70.480930216492
88.229202,15.901116,4674.960,44.122435755374
88.112802,15.899894,787.551,35.840534262124
88.209370,15.902159,17337.776,50.839393807018
88.217724,15.904121,69314.604,38.854243725642
88.154671,15.901738,3846.908,48.936254650094
88.163267,15.901355,2255.417,42.428815255086
88.168198,15.901053,1207.185,39.889889173117
88.219552,15.901755,3584.366,36.160754221569
88.200959,15.900977,853.096,40.307378419647
88.205839,15.902040,2998.599,310.52074357997
88.035211,15.902006,1857.291,39.016838544047
88.081163,15.902109,1239.547,268.47435839397
88.145700,15.901871,616.440,41.061653332051
88.181956,15.901925,798.202,374.27405217865
88.198307,15.904722,28195.943,57.596599125693
88.057042,15.902689,988.716,306.35040551616
88.233643,15.905443,27066.861,63.248686397821
88.027273,15.903843,1302.827,62.714311903822
88.076815,15.906019,35369.744,46.516782254490
88.017949,15.904691,5989.025,82.520912322699
88.142461,15.906342,25724.867,53.307676612306
88.214182,15.904669,4795.198,98.276459467545
88.136658,15.905548,4330.133,54.242319555514
88.139092,15.905015,2655.762,38.213915112166
88.207559,15.905468,5483.791,41.974320232252
88.225073,15.905597,4152.545,599.23808189142
88.013695,15.906225,11345.239,321.53867135999
87.992326,15.905972,4483.015,134.58865081693
88.020982,15.905324,1082.827,39.532966764440
88.159427,15.905396,1637.734,37.139295329904
88.117874,15.909643,54524.943,38.265404946717
88.202303,15.908704,28594.765,40.103975474685
88.166903,15.907963,12727.841,43.176263641854
88.235275,15.906448,1194.741,58.619360441302
88.040684,15.906788,1011.350,275.71872506051
88.191036,15.906550,779.057,37.418287210458
88.063360,15.907042,1655.857,88.217697157439
88.140986,15.907477,1160.333,46.192456666466
88.049975,15.908189,2633.168,72.379624397047
88.096123,15.910617,29394.831,39.133932243662
88.169115,15.907965,1037.932,39.725182754259
88.119779,15.909246,7323.466,43.807221470128
88.018338,15.908548,2600.870,79.363032520290
88.227900,15.910289,6475.732,43.275613906425
88.080769,15.908312,1178.172,50.790355623624
88.107564,15.908229,851.129,100.17088371055
88.010498,15.908725,1191.183,36.043511971010
88.148973,15.910167,5262.553,39.555349848410
88.155500,15.909280,1523.578,42.781632630927
88.173307,15.910020,3361.378,38.997166761000
88.161121,15.910795,7100.547,82.070288496914
88.110571,15.909553,563.307,46.903454577117
88.143565,15.909815,894.473,42.786919443953
88.089318,15.910347,1600.288,43.113157007705
88.103090,15.910248,1063.267,103.14543336468
88.066192,15.911419,6719.877,33.069904039469
88.233267,15.911135,2501.094,43.140086483355
88.008221,15.910484,1038.779,875.89435127701
88.070598,15.910397,789.052,54.285407317768
88.084104,15.911891,9652.986,65.194229206567
88.192278,15.910490,629.121,39.744360838069
88.033064,15.911125,798.467,43.475170115764
88.110408,15.915313,89743.316,290.52198836814
88.050705,15.912131,2207.181,46.604165331492
88.227976,15.912690,5383.213,179.41521026631
88.179951,15.912485,1289.587,33.565573239718
88.038355,15.912999,2365.052,517.61861407438
87.998483,15.915217,31422.504,464.76014179816
88.174864,15.913503,2989.148,150.93648774121
88.028194,15.914862,20185.792,36.734134074857
88.170139,15.912821,582.724,144.55507431577
88.163328,15.916914,48241.733,39.241737311605
88.176050,15.915952,38812.542,54.701087479068
88.153072,15.914747,11867.643,410.48400136601
88.017527,15.913218,868.292,465.50844757821
88.222727,15.914886,14022.188,72.749707380824
88.032983,15.912988,572.965,164.49518440589
88.078971,15.914280,3190.653,61.358497140371
88.216853,15.916830,46538.846,1086.8776904154
88.190912,15.917587,42781.612,1047.5735831094
88.165122,15.915392,5378.060,577.61637169699
88.231519,15.916435,18442.298,38.162566753627
88.142057,15.915852,4675.893,43.866284134007
88.139432,15.919667,103492.588,98.122433632324
88.126915,15.919846,88233.751,63.515280823675
88.174327,15.918544,50499.496,52.988445085533
88.061700,15.915269,1159.253,33.882313623416
88.179268,15.915889,1959.036,39.890573798222
88.229564,15.917273,10108.029,36.370261536350
88.064523,15.917584,3978.571,37.639420307283
88.076031,15.916855,2855.251,38.720338827543
88.131687,15.915927,604.789,76.516664671298
88.181379,15.916869,878.759,47.819008862127
88.144334,15.916622,1467.049,39.023943694155
88.214612,15.916974,769.462,211.97701165709
88.171325,15.917796,1815.125,78.082393800237
88.123622,15.918920,6444.365,80.690161236851
88.114978,15.918156,2824.418,35.907749548622
88.157302,15.917918,985.123,70.998177376965
88.023793,15.920244,23050.961,660.57369209710
88.216492,15.919493,5774.216,40.744346448340
88.087704,15.919832,7203.398,36.017478590078
88.065692,15.919036,1111.342,99.381440522254
88.135903,15.919899,4341.856,38.397537199102
87.984921,15.922455,79132.439,41.852555599792
88.011534,15.919843,1936.544,127.54821573244
88.030323,15.919834,724.227,36.290332768848
88.192853,15.921420,7706.910,38.896030762223
88.058989,15.919947,702.433,1519.9224296758
88.081193,15.920519,2079.008,43.509678336812
88.200797,15.922131,11952.349,65.500730636855
88.183225,15.920630,1130.617,82.140282661963
87.983376,15.920543,702.551,41.144172742502
88.191443,15.926070,137214.859,43.895049236361
88.044489,15.921530,1842.041,39.311782929203
88.185347,15.922335,4053.247,41.575617536027
88.201586,15.923839,6372.937,525.20461185458
88.070119,15.922174,1750.915,149.21979810421
88.035039,15.922505,2522.869,70.236252012821
88.219733,15.922092,1277.256,42.298410592943
88.019761,15.922608,2226.471,49.841576606907
88.204594,15.927320,51394.998,35.801992843170
88.192380,15.923772,12785.652,133.97327051490
88.137641,15.923491,4184.413,53.650257935383
88.094897,15.922573,962.502,53.613268274824
88.097195,15.923619,2617.862,117.34127499583
88.016594,15.922955,1135.285,92.254705236595
88.126781,15.924769,11723.362,72.477444070770
87.991693,15.923911,4502.074,48.468741368539
88.134230,15.923961,3020.493,41.117851745196
88.220772,15.925753,7359.369,41.087994245155
88.185326,15.925260,7614.413,37.030507913881
88.017127,15.925261,6505.432,77.835295638847
88.143562,15.924528,2657.581,94.540540956760
88.045047,15.924609,1358.616,41.211111742337
88.218514,15.924482,899.689,466.97952390462
87.998061,15.924933,1724.132,44.487180099384
88.156674,15.925772,5625.001,854.81071837508
87.983496,15.925893,9738.803,50.909887470517
88.042987,15.925280,1120.475,82.027307425926
88.063653,15.928384,45589.055,88.315932495657
88.076924,15.925273,1104.572,57.163508355366
88.115835,15.929484,83912.553,36.869871918609
88.101696,15.926423,2278.288,42.034396324647
88.034884,15.926636,7846.548,495.01743024754
88.028729,15.927345,8701.199,39.872243107968
88.212780,15.926697,4329.337,518.61042348590
88.013576,15.926400,1088.264,58.271045651973
88.138633,15.926347,955.259,40.336912569302
88.211840,15.929992,53202.017,113.01622906336
88.130580,15.926923,765.087,59.351940228860
88.232879,15.930835,58607.488,78.981269110341
88.218798,15.928202,4941.822,38.991444351247
88.018395,15.927593,808.836,35.482250244479
88.151704,15.930499,7748.362,37.837375128752
88.093821,15.929971,3202.305,670.76060994848
88.030049,15.930800,6178.992,47.162928049121
88.060166,15.929584,1065.982,36.504514725701
88.123329,15.929722,633.734,35.819943401405
88.175861,15.930270,1085.323,99.389231700287
88.180038,15.933595,60395.984,40.679610673788
87.986607,15.931223,2201.161,53.065853600792
88.054134,15.930893,745.232,298.11461500679
88.217339,15.931154,529.803,57.380457969182
88.025670,15.933108,9231.507,34.434614701563
88.019324,15.932024,1277.119,39.670054875494
88.176829,15.932717,2616.979,60.311792520917
88.116108,15.934825,28101.153,42.502923225199
88.063415,15.934179,5461.892,58.178835294320
88.040962,15.933898,792.505,40.275925913851
88.133555,15.934311,1212.477,56.333259787731
88.049045,15.935598,6352.802,35.060840938378
87.984247,15.934187,614.861,40.063531914488
88.181179,15.936065,4499.505,64.208955389226
88.235895,15.936305,2520.080,83.711854505061
88.225528,15.936935,3745.181,50.560461402819
88.055444,15.935822,1315.260,36.116755313588
88.018310,15.936389,2109.610,1157.2355099339
88.077415,15.936715,4707.794,1078.8193276270
88.071447,15.937653,7939.007,989.63138578097
87.984869,15.937013,3489.108,37.398951405082
88.065080,15.937411,1180.382,46.558031606353
88.046346,15.942437,153335.029,34.226291912616
87.995489,15.943327,140237.223,35.679192737250
88.117904,15.942160,91634.952,75.820486678912
88.093238,15.937818,908.278,44.790841525771
88.223033,15.938611,2663.923,40.702413191132
88.019002,15.938275,959.028,44.485892312135
88.126282,15.938076,750.348,71.651440307073
88.194895,15.938721,1619.112,70.878383354463
88.038055,15.939288,3274.905,42.488785548653
88.212912,15.939229,1525.678,37.709598388017
88.088412,15.940799,2165.591,196.37159554888
88.186897,15.941567,5091.402,36.876938185189
88.176364,15.941464,3839.237,36.859358962156
88.137401,15.940848,980.941,36.633256046556
88.001766,15.941312,948.060,40.125411341374
88.062101,15.943844,23784.957,45.435278197666
88.017520,15.941680,1074.766,38.875848214272
88.142919,15.942143,1450.062,44.162143885753
88.130423,15.942228,1034.595,42.124828763768
88.218883,15.942591,889.955,529.68292852145
88.048926,15.943392,1810.557,39.134119062002
88.230213,15.943015,1853.039,43.716698326110
88.032634,15.943108,2449.304,41.299629049499
88.051555,15.942638,944.038,60.609946156627
88.057832,15.947072,57327.737,184.82267934619
88.036802,15.943156,729.180,61.591277651781
88.070766,15.943208,1173.536,124.11373961825
88.135512,15.943232,969.109,38.962067583998
88.006672,15.944132,6115.745,43.292929997193
88.136389,15.945819,14967.468,45.233886170272
87.997037,15.944770,4942.678,71.667004516400
88.189309,15.944969,9945.748,80.291091833796
87.987121,15.943643,755.790,42.495088257846
88.090563,15.944789,1749.608,41.861073966678
88.141488,15.945289,2093.823,42.053672095880
88.072871,15.946044,6899.047,42.234417200639
88.094487,15.946864,6136.937,44.463724561781
88.027793,15.945832,710.102,46.720387203076
87.986549,15.946248,1365.702,44.254455095600
88.100625,15.946342,2099.764,364.53204911052
88.122139,15.947007,1762.191,41.703582438279
88.089157,15.946983,1891.336,40.060532679883
88.156024,15.946993,1811.442,35.360946432846
88.138581,15.946831,1353.306,43.110160434310
88.141687,15.950024,33348.948,55.708329428727
88.050876,15.947369,1123.760,91.750773232149
88.170993,15.947605,1083.712,615.51443873899
88.180724,15.947389,650.712,50.457080916706
88.019181,15.948003,2132.577,44.372901404709
88.099378,15.948193,1565.668,66.464638297403
88.179641,15.949256,7022.067,58.899118574399
88.148462,15.951214,57996.329,101.46355844122
88.221283,15.948938,4022.966,193.12157901157
88.054731,15.949253,3074.469,34.352104986065
88.225937,15.948818,3769.341,46.039050606677
88.048289,15.949636,4582.127,46.584424111263
88.006645,15.950498,10662.661,39.183256233565
88.151912,15.950779,17987.327,201.99324910351
88.229430,15.948971,771.426,47.884056198058
88.011208,15.949725,1247.506,40.125077196661
87.991463,15.950047,2927.102,61.393063575734
88.200456,15.950106,1101.125,39.736838107098
88.162520,15.951818,16347.720,128.45033899015
88.195445,15.950905,2434.970,35.284295341799
88.090114,15.950702,1315.674,42.907621343872
88.003943,15.951947,5780.004,57.816634929930
88.102060,15.950208,675.723,39.084036368616
87.988308,15.952645,14749.430,38.428083436967
88.212606,15.951187,1279.089,373.09745454881
88.143715,15.951778,2360.956,38.854376267236
88.181242,15.951876,3519.123,38.352286995836
88.206997,15.951536,1428.361,111.74707228746
88.040496,15.951480,1390.890,102.92982871448
88.177628,15.954281,34035.042,38.260770450575
88.184196,15.951642,1077.840,35.556061708078
88.042914,15.951876,1093.424,51.318218728942
88.098196,15.953651,7448.131,121.02554153348
88.153827,15.953949,7532.233,644.18279662315
88.113706,15.952513,988.053,36.414627548110
88.139402,15.952552,1078.925,35.119741740955
88.090479,15.953488,3291.615,38.212824161598
88.195577,15.954556,10900.533,63.633545283279
88.032818,15.956890,82522.756,45.697365051442
88.127764,15.953095,1078.343,39.814053804761
88.063915,15.953728,1342.712,40.335692593738
88.165834,15.954120,1125.011,36.645057844518
88.043480,15.955035,5425.057,82.925452202030
88.157893,15.954523,1875.454,248.61806839619
88.173777,15.954932,1516.174,38.800238034764
88.055044,15.955185,1934.315,36.408707378195
88.126604,15.956099,1879.585,76.384331977245
88.022270,15.958525,10379.076,35.324399799336
88.190641,15.958547,22217.047,47.529621784249
87.999293,15.956876,923.322,133.57469685202
88.172825,15.957076,1261.760,41.497951412427
88.230658,15.958691,7858.233,59.422136022041
88.148773,15.957498,1150.985,44.974000642700
88.005490,15.958052,2927.723,33.963651482473
88.050314,15.959405,14745.771,40.436430734651
88.164284,15.958264,2180.800,46.655538819565
87.983745,15.959070,1129.279,47.158645411335
88.166766,15.958664,2391.355,36.834146971686
88.171804,15.958718,1015.269,70.418383063320
88.144536,15.958687,1404.858,105.10205084250
88.067098,15.959849,3253.480,170.20044726124
88.053553,15.959656,2128.900,43.734451162784
88.014599,15.959411,773.262,43.315225946515
88.212539,15.960514,5404.038,39.476879459848
88.104422,15.961198,9065.761,67.957853276316
88.064873,15.961705,19158.594,138.62739379521
88.138576,15.960449,1287.576,197.47649131961
88.113372,15.960235,789.004,38.830212218556
88.110882,15.960504,1810.592,508.91199969944
88.230867,15.961521,6780.667,67.844883936411
87.987972,15.961989,17781.799,37.174087346857
88.109239,15.962574,19333.831,68.137242060810
88.012556,15.960376,789.698,76.501207432095
88.218805,15.964578,54471.514,144.88572522710
88.170265,15.961725,4272.208,39.075220929301
88.004647,15.961268,1266.611,134.60252151758
88.096751,15.962126,6159.337,35.807873033633
88.153622,15.962227,5024.701,42.644409585209
88.032769,15.963164,16522.200,43.851634758577
88.023388,15.961622,1196.859,42.810562604856
88.086127,15.963441,11842.840,36.946912304435
88.204740,15.962757,1184.790,739.15875442695
88.201465,15.962605,791.863,59.184125114548
87.996354,15.963881,2188.373,55.991008859972
88.143989,15.963149,1595.051,204.79932533442
88.146954,15.963271,1258.737,84.708630279865
88.194893,15.966858,76873.555,127.99117366604
88.035453,15.964278,4674.197,38.238529515556
88.060090,15.964325,4478.244,48.433747058907
88.179611,15.965601,16844.161,46.395508471498
88.134426,15.964771,6466.295,270.57831884478
88.198160,15.965080,11898.196,39.334627940454
88.196106,15.963878,717.699,40.553820187447
88.081465,15.964800,2394.919,401.05865141321
88.182739,15.964892,1626.213,1016.5541036661
88.090498,15.966902,27468.872,785.63552996842
88.010293,15.964892,775.873,37.862637208102
88.065500,15.965005,676.140,199.11419118095
88.034641,15.968385,54932.760,50.302698270529
88.163334,15.969713,100487.348,42.993434372706
88.179120,15.969563,67724.634,41.558243572606
88.123782,15.966018,1018.147,47.099661016710
88.044534,15.968782,29311.117,47.688019573786
88.029525,15.966340,1209.573,40.764379551917
88.100775,15.966240,820.479,174.16976632119
88.170784,15.967320,1779.804,56.854877347986
88.027453,15.967598,3588.300,46.452073771889
88.036390,15.967515,2183.468,45.290853105705
88.057709,15.967084,1313.542,43.293565618803
88.184778,15.969227,15312.285,42.227751183536
88.140802,15.968425,3538.658,36.832007705063
88.032479,15.968459,3573.632,36.603601211490
88.049351,15.968192,2880.399,355.14488780357
88.081552,15.968563,2274.425,56.396389494748
88.012016,15.968160,1666.408,73.003956417752
88.138828,15.968101,1055.696,57.149553566156
88.213009,15.967802,752.533,100.82824029895
88.172402,15.970901,32424.848,40.797303234646
88.025260,15.968934,1771.629,869.46309141435
87.982991,15.969940,6343.913,232.95752784385
88.057438,15.970037,4601.447,57.648006027249
88.197503,15.970760,11301.138,43.054773948178
88.087196,15.969664,806.289,117.61431983387
88.088619,15.974876,103738.342,157.69267553284
88.119232,15.972897,22906.364,42.247399944100
88.027021,15.971015,2421.495,1611.5348205472
88.054693,15.970854,1187.514,1001.8343189491
88.216778,15.972118,10298.881,417.64910334817
88.166979,15.972852,16873.683,54.975617051497
88.137847,15.971859,2390.056,40.349870623905
88.145499,15.976164,149692.136,72.601701464722
88.127056,15.978200,114354.654,38.957479212938
88.038481,15.975071,58250.385,37.194329187473
88.047007,15.973672,4515.103,57.006221585998
88.116328,15.972265,1184.645,58.383476191789
88.170472,15.973171,5718.307,40.024382200784
88.190963,15.972302,1667.482,862.37743773739
88.185087,15.972166,1052.984,35.990549473750
88.201365,15.972729,3929.286,71.956522310398
88.107951,15.973612,4921.897,45.649389263918
88.065484,15.973382,1918.272,33.702732387152
88.062008,15.977813,117979.008,48.882292884295
88.229818,15.973054,962.865,39.098065056158
88.016320,15.974553,6902.273,36.987938367629
88.029599,15.974078,2500.465,93.209176886896
88.142776,15.973692,1181.673,43.741550087330
88.031844,15.974415,3340.437,39.870852712048
88.173772,15.974199,1432.318,70.945779886048
88.114292,15.974104,706.985,41.148697256323
88.031273,15.976153,11209.080,43.807135806260
88.094748,15.974680,1426.641,67.370498405330
88.128512,15.975151,1518.310,45.698581116610
88.230714,15.976412,5918.454,536.39593137896
87.989494,15.975634,1117.665,38.969285034670
88.174776,15.975776,1829.163,75.844929003997
88.002426,15.976411,7098.055,34.359034821342
88.066245,15.976101,2605.086,62.337942470978
88.169453,15.978871,51563.028,240.23910520710
88.194848,15.975923,2015.284,64.571779311463
87.990253,15.977508,9191.100,68.681973141383
88.234827,15.975957,1018.556,69.768873164681
88.147569,15.976680,4314.979,43.192927987878
88.203217,15.978551,21784.921,1322.3145650719
87.984522,15.977294,6592.253,57.167713934995
88.080354,15.976921,1362.782,37.150379738734
87.993127,15.977887,7038.562,38.294942878301
88.011026,15.977050,2291.325,36.503805036294
88.201916,15.981471,113808.474,51.763115309277
88.188789,15.977805,4117.339,44.008207176728
88.098270,15.977420,1600.669,62.027532118360
88.004895,15.977493,2138.527,37.328560031945
88.150705,15.977108,731.378,43.889347402171
88.119662,15.978024,3849.180,37.778064036962
88.221955,15.978142,2078.866,44.983724338532
88.216256,15.978144,3054.458,371.09916210387
88.014345,15.977681,1661.442,48.750436447781
88.016294,15.978462,4007.529,103.47134758510
88.124855,15.978271,1273.275,42.740215295061
88.018945,15.979326,3991.592,227.03572915715
88.229493,15.981673,43404.482,52.987361379920
88.061739,15.979890,3557.500,272.18005184412
88.068491,15.981128,11594.450,58.141106977250
88.182219,15.979953,1378.438,520.70258514615
88.173540,15.982113,18397.760,66.679081519823
88.092130,15.981461,3173.342,39.192278725165
88.155498,15.983415,19868.529,182.04577277381
88.195603,15.981785,2779.789,152.31821661541
88.037200,15.985141,68045.336,329.50847007079
88.126281,15.982605,4973.069,47.708139102400
87.985190,15.981811,1112.540,40.713969165064
88.081339,15.984262,20002.237,39.016282342187
88.068599,15.984169,17892.815,42.513738615475
87.991921,15.985304,43274.510,47.307994910543
88.078982,15.983011,2209.805,39.385895745865
88.014791,15.982737,1991.216,52.363518847115
88.086477,15.982982,1177.509,42.358776709335
88.189985,15.983155,2017.332,888.95735811627
88.026158,15.983945,3508.526,38.813716433621
88.039510,15.983393,899.321,43.949703883518
88.214688,15.983725,2871.528,74.709491536746
88.006791,15.983829,1323.767,43.890391030970
88.118253,15.987881,86248.013,35.665817794428
88.224120,15.983994,1513.498,38.937037354593
88.051693,15.984057,1271.538,36.165138346145
88.170301,15.985346,5078.327,37.453821498310
88.089070,15.985104,2310.403,54.174544809649
88.062151,15.984873,769.900,38.361660243493
88.151803,15.985112,823.007,1151.7766496895
88.208320,15.985483,931.305,59.180103227448
88.199449,15.985992,876.162,42.391340710553
88.055056,15.986965,3977.709,374.82418206001
88.050062,15.986427,1388.294,40.285971401425
88.198832,15.991622,108166.947,39.837491878863
88.221262,15.987123,4917.130,78.396368505976
87.988899,15.986513,742.267,46.110616560005
88.182435,15.989545,36000.026,312.74553069223
88.004847,15.986872,708.912,145.62975635754
88.028053,15.986900,876.530,54.906730540694
88.166666,15.990053,5661.066,35.279497881266
88.015448,15.989027,2264.407,40.716260300341
88.232133,15.991785,34156.057,216.48640153528
88.187595,15.990312,15265.728,111.11556135700
88.001399,15.989576,4274.960,35.686083598343
88.185224,15.988575,888.784,269.75977891745
87.982592,15.988939,650.029,74.008795523126
88.229458,15.991711,18923.744,37.156761169783
88.127032,15.990889,11160.641,65.586905094611
88.161471,15.989620,770.476,41.197889027513
88.143689,15.991710,29184.252,87.826096851931
88.201623,15.990868,6372.129,205.16970224455
88.110417,15.989585,538.831,43.587245747212
88.092227,15.990826,4935.124,121.76194215263
88.105523,15.991036,2847.431,98.953266569886
88.056923,15.992563,6798.926,92.724226536913
88.165516,15.992927,17194.317,131.90089314107
88.171620,15.991591,2691.965,72.731473001259
88.066490,15.992711,14943.479,48.819357870301
88.157152,15.992320,7818.355,39.252243147654
87.983446,15.992620,8557.120,71.978510203788
88.014215,15.993355,16236.930,42.986096162532
88.005633,15.992883,7970.722,36.963301823946
88.097118,15.992773,2992.571,36.257801854325
88.141730,15.992175,1731.875,34.920316028410
87.988398,15.993379,7055.326,41.057208427361
88.185323,15.992991,2839.628,243.50817866801
88.112124,15.992471,834.928,40.413981044036
88.020931,15.992591,737.832,940.14307010479
88.128185,15.993369,846.306,44.861646089248
88.032224,15.993415,782.668,37.716025682279
88.210612,15.995628,25350.892,60.555973075925
88.038310,15.993933,1659.551,48.679626341186
88.232090,15.998432,111166.698,75.374851181163
88.186650,15.994613,2914.221,61.779709693089
88.142547,15.994773,963.526,59.982533800656
88.193526,15.994764,3800.599,62.992954513279
88.024626,15.995268,2990.920,36.520849457345
88.166046,15.995641,6258.227,37.629611142372
88.220681,15.995630,4496.482,64.422989337991
88.164299,15.996353,4536.894,49.178980778450
88.153914,15.996564,4494.532,171.40648425370
87.998624,15.995902,753.984,44.242311266964
88.215785,15.996206,956.962,41.915250743948
88.186727,15.997515,4218.558,36.597353362254
88.053336,15.997478,4664.059,38.243256760083
88.042796,15.998917,22041.722,39.420728498270
88.171225,15.996923,2662.320,299.16933747329
88.217785,15.997131,1443.707,35.727596999146
88.144767,15.996846,1141.551,38.891201797139
88.064995,15.997226,1733.886,150.73857095275
88.096382,15.997596,1383.982,38.750211666326
88.165294,15.999524,27998.233,1217.3390397021
88.190274,15.997189,671.455,45.931441168185
88.195744,15.997757,1475.879,37.842835001095
88.214129,16.000326,14962.158,43.148360468131
88.228657,15.998680,1928.025,43.619830605914
88.225224,16.002890,128572.994,35.535025078803
88.080149,15.998598,1925.301,39.993617804752
87.987248,15.998472,581.549,49.449680293059
88.029907,15.999315,1143.140,30.269559121030
88.208708,15.999851,2749.739,41.046056202431
88.019027,15.999446,984.615,43.318611269430
88.094768,16.000057,1249.269,41.131716440748
88.026738,16.000928,4075.993,63.609849982110
87.992937,16.000047,766.735,40.918439248765
88.063923,16.000183,1057.547,60.085340221647
88.192681,16.000263,1106.568,37.133588212701
88.109848,16.000494,628.683,36.698334182449
88.122975,16.001572,4566.507,52.080035819515
88.000543,16.000914,1013.299,70.803723610408
88.182435,16.001970,3801.477,42.642777712597
88.042299,16.000950,894.674,396.20754395736
88.060629,16.001476,931.107,450.39074205594
88.117134,16.002847,3356.145,172.79621286496
88.208296,16.002875,5871.202,57.514458056938
88.090578,16.002620,2007.218,37.979938774798
88.043414,16.004550,53115.646,63.988198649616
87.992782,16.005239,54649.350,46.875273770749
88.020834,16.004438,22712.079,36.922566291538
88.084042,16.003723,5726.198,52.274579331786
88.012545,16.002833,668.389,212.13100089859
88.069046,16.004019,5458.632,36.512094065029
88.052153,16.003543,1765.317,41.101137206244
88.231377,16.003209,831.252,45.894313752600
88.054055,16.004348,2929.110,37.986108021477
88.133234,16.006032,21122.555,40.666695261765
88.155892,16.004367,895.889,39.175857341093
88.115194,16.004053,1198.268,35.978268975191
88.004275,16.004757,2216.435,""
88.168561,16.005356,1372.566,""
88.107956,16.006119,1369.357,""
88.104638,16.005842,1412.258,""
88.064950,16.006222,732.820,""
