#mjd: 58882.02046
#filter: i
#airmass: 1.517
#seeing: 1.21979481
#m5sigma: 18.5894
#exptime: 15.0
#night: ut200202
#ra dec flux fluxerror
88.044594,15.753483,40283.252,1
88.003350,15.753312,21588.452,1
88.194498,15.753263,5725.195,1
88.015633,15.754844,52742.282,1
88.063624,15.756763,23370.239,1
88.147030,15.755500,3847.527,1
88.035261,15.755546,8027.482,1
88.070736,15.756957,13537.259,1
88.052803,15.756736,9471.598,1
88.089363,15.756314,7145.455,1
88.135714,15.756399,1289.913,1
88.099232,15.758676,30615.294,1
88.212007,15.757014,1819.287,1
88.198301,15.756466,934.838,1
88.077521,15.757324,1689.514,1
88.041706,15.758358,20787.152,1
88.074624,15.758992,24981.066,1
88.066249,15.758330,9277.760,1
88.010618,15.757291,683.453,1
88.107507,15.757946,1248.464,1
88.085237,15.759939,5048.647,1
88.016585,15.761554,22425.901,1
88.117484,15.761024,3493.734,1
88.175156,15.762769,37229.762,1
88.065492,15.762014,15272.226,1
88.024683,15.763951,105935.219,1
88.009549,15.762936,3177.946,1
88.235604,15.763214,3720.154,1
88.001176,15.764161,7086.393,1
88.118569,15.764381,8503.798,1
88.020039,15.764775,5150.926,1
88.048590,15.765468,7752.843,1
88.120087,15.765604,2260.342,1
88.130116,15.765608,3554.806,1
88.091220,15.766124,3331.510,1
88.078735,15.766980,4789.586,1
88.185715,15.767153,3225.927,1
88.197496,15.768325,18581.582,1
88.013272,15.768442,25689.645,1
88.099400,15.767516,2804.474,1
88.168425,15.768928,5202.074,1
88.105367,15.768115,2148.669,1
88.038299,15.768934,6168.618,1
88.106978,15.770151,8559.879,1
88.085962,15.769756,2252.072,1
88.011009,15.770359,6991.557,1
88.149390,15.771516,16129.660,1
88.235617,15.771401,8176.237,1
88.224584,15.770745,3125.490,1
88.013765,15.771859,4479.950,1
88.168304,15.772766,11374.374,1
88.072891,15.773369,32230.846,1
88.008063,15.772845,9399.035,1
88.232385,15.772758,3142.763,1
88.051092,15.772791,3509.072,1
88.036884,15.774841,67563.006,1
88.146124,15.774047,6046.183,1
88.049042,15.776511,26805.904,1
88.045748,15.776692,7057.568,1
88.216934,15.776763,12074.979,1
88.167427,15.776467,3451.619,1
88.206209,15.776899,9851.237,1
88.007204,15.778987,77344.665,1
88.227827,15.776916,3340.047,1
88.157489,15.777395,3238.470,1
88.020115,15.778313,21993.242,1
88.241260,15.778398,5100.952,1
88.054095,15.778424,3360.779,1
88.012002,15.780146,7415.848,1
88.164352,15.781959,35528.992,1
88.000518,15.780955,4246.496,1
88.233687,15.781246,3767.556,1
88.200575,15.782072,7832.723,1
88.222254,15.784005,143850.553,1
88.147673,15.782079,4463.210,1
88.068502,15.784292,55286.791,1
88.122669,15.784466,9872.010,1
88.012881,15.785855,71402.705,1
88.179696,15.785238,8998.813,1
88.104784,15.785759,15162.139,1
88.065385,15.785093,3403.154,1
88.201570,15.785691,2646.880,1
88.071559,15.785845,4936.143,1
88.017985,15.787147,49992.177,1
88.162693,15.786615,11221.692,1
88.145271,15.787019,17168.909,1
88.089591,15.786449,3566.061,1
88.004277,15.786826,8751.964,1
88.128471,15.786713,4937.112,1
88.141591,15.786995,3566.016,1
88.113011,15.787657,11554.042,1
88.057770,15.787307,5650.523,1
88.191126,15.787713,3407.608,1
88.192960,15.788454,15867.734,1
88.221194,15.789148,7899.115,1
88.141168,15.790762,68447.713,1
88.004076,15.790461,86126.344,1
88.021146,15.789514,11579.592,1
88.133865,15.789478,6625.958,1
88.150016,15.789596,2004.646,1
88.147365,15.790373,3693.747,1
88.123585,15.792330,16283.201,1
88.183071,15.791898,3806.092,1
88.218721,15.793567,14268.691,1
88.059571,15.792511,7629.022,1
88.161611,15.792276,3764.273,1
88.019117,15.792535,4036.633,1
88.188885,15.794661,13015.996,1
88.172670,15.794041,2129.348,1
88.224531,15.794600,2519.405,1
88.192555,15.796162,42209.208,1
88.118489,15.795079,7554.245,1
88.175266,15.795751,7356.296,1
88.083271,15.796900,18708.747,1
88.006754,15.796346,8922.346,1
88.146453,15.796419,1710.322,1
88.169214,15.797153,3442.111,1
88.151648,15.797434,2756.500,1
88.120832,15.798422,5433.376,1
88.189518,15.798374,4477.274,1
88.206342,15.798470,3975.484,1
88.151655,15.799319,20313.800,1
88.129947,15.799769,10225.293,1
88.096912,15.800651,14538.130,1
88.043921,15.800831,13253.510,1
88.158681,15.801975,3527.681,1
88.102169,15.802704,16239.730,1
88.207735,15.802321,2816.580,1
88.171492,15.803019,10017.366,1
88.040245,15.803065,8857.198,1
88.103071,15.805325,66300.475,1
88.031242,15.803714,6975.573,1
88.226034,15.803965,7298.382,1
88.190434,15.803646,3367.863,1
88.167352,15.803491,2786.798,1
88.024920,15.805886,96700.244,1
88.136648,15.804841,14606.938,1
88.165136,15.804604,2897.717,1
88.177151,15.805930,27334.570,1
88.187089,15.806478,37069.957,1
88.208188,15.806775,6890.965,1
88.001990,15.806460,3613.276,1
88.129645,15.808204,58211.039,1
88.143440,15.806863,2277.832,1
88.099964,15.807255,4396.409,1
88.006312,15.807480,3746.051,1
88.097857,15.808534,21795.410,1
88.157597,15.808232,3427.776,1
88.008116,15.808792,24756.176,1
88.171797,15.807757,1460.805,1
88.016491,15.808866,12989.610,1
88.067414,15.808508,3431.939,1
88.160904,15.809860,20401.847,1
88.227769,15.811754,136886.736,1
88.102173,15.810103,13473.412,1
88.121823,15.810709,18387.924,1
88.206850,15.810751,5559.884,1
88.038291,15.810324,3128.974,1
88.087240,15.811558,4051.742,1
88.142699,15.813515,44846.615,1
88.212832,15.812264,2683.810,1
88.024432,15.813049,14496.410,1
88.010966,15.813450,22520.864,1
88.037520,15.812284,3020.178,1
88.227590,15.814501,74675.956,1
88.146146,15.813429,3455.195,1
88.175275,15.814598,13927.218,1
88.050822,15.814698,21449.612,1
88.162360,15.814388,12511.551,1
88.180605,15.814222,6337.758,1
88.166154,15.814663,10346.480,1
87.995935,15.814920,14343.876,1
88.229919,15.815449,3574.499,1
88.046340,15.817257,114665.001,1
88.079932,15.816990,41863.166,1
88.104915,15.816485,20008.935,1
88.040523,15.815572,2922.190,1
88.204937,15.815655,4892.698,1
88.153154,15.816053,3054.478,1
88.093347,15.816266,6462.925,1
88.088551,15.816133,2809.769,1
88.157325,15.817283,7661.327,1
88.160955,15.818555,24071.284,1
88.238033,15.816872,1484.073,1
88.074295,15.818067,5660.184,1
88.183060,15.819455,16768.372,1
88.007508,15.819904,29708.987,1
88.070748,15.819434,8137.415,1
88.050753,15.819471,3572.424,1
88.005003,15.820645,16098.526,1
88.073061,15.821943,52140.494,1
88.010369,15.821105,8180.391,1
88.226979,15.820847,2426.131,1
88.110776,15.821587,9427.583,1
88.123753,15.821575,4786.092,1
88.034845,15.822758,3949.630,1
88.018370,15.823650,3767.424,1
88.229219,15.824481,8528.076,1
88.039209,15.825812,3349.729,1
88.131167,15.825989,2841.572,1
88.108783,15.825674,2267.262,1
88.063862,15.826199,3472.514,1
88.089261,15.827721,7102.345,1
88.108976,15.827856,6295.381,1
88.050188,15.827973,3276.273,1
88.181715,15.829329,20565.276,1
88.187413,15.829945,8599.079,1
88.068608,15.830263,14623.330,1
88.178185,15.830295,4807.651,1
88.183345,15.830490,2040.426,1
88.166291,15.831138,3580.485,1
88.217017,15.831530,9135.392,1
88.036144,15.831299,7799.253,1
88.175084,15.832201,15193.448,1
88.201549,15.832581,7966.632,1
88.216505,15.834453,3270.534,1
88.105685,15.836066,25604.268,1
88.036371,15.835307,7876.793,1
88.023412,15.835216,8051.574,1
88.238750,15.835768,4333.441,1
88.223757,15.836477,6707.992,1
88.210765,15.836931,9397.374,1
88.195028,15.838209,20612.670,1
88.101269,15.837417,8913.439,1
88.012175,15.838200,16248.341,1
88.079495,15.839574,42292.941,1
88.046186,15.839738,31481.134,1
88.216061,15.839112,2645.178,1
88.203343,15.840238,6345.423,1
88.075335,15.841182,31903.734,1
88.076577,15.842551,4558.098,1
88.001725,15.842680,94223.814,1
88.122472,15.843327,119273.780,1
88.165625,15.841084,1835.213,1
88.057680,15.841307,3849.524,1
88.013910,15.841248,3412.848,1
88.053005,15.841775,2917.719,1
88.059434,15.842247,5937.462,1
88.024830,15.842578,7947.394,1
88.218677,15.842387,2903.834,1
88.211012,15.842023,2480.886,1
88.143411,15.843012,8587.010,1
88.068098,15.843803,24856.874,1
88.036154,15.844363,34550.808,1
88.132829,15.844047,12044.988,1
88.234876,15.843271,3451.676,1
88.119176,15.843631,3306.801,1
88.240888,15.843086,1967.715,1
88.181188,15.844135,4951.215,1
88.051084,15.845231,11549.589,1
88.104147,15.845780,6720.700,1
88.169917,15.846713,5011.349,1
88.047154,15.846515,5994.869,1
88.054006,15.847446,3110.574,1
88.132024,15.848838,33870.488,1
88.144494,15.847030,2016.713,1
88.147916,15.848652,7292.550,1
88.158908,15.848703,4529.913,1
88.012448,15.848912,8196.044,1
88.152053,15.848967,2922.415,1
88.129970,15.852047,140684.486,1
88.027520,15.850999,25119.936,1
88.199578,15.850235,4347.529,1
88.001675,15.850248,4064.535,1
88.098102,15.850225,3395.154,1
88.174222,15.851271,4124.673,1
88.225725,15.853785,72772.150,1
88.017634,15.853097,6035.772,1
88.147129,15.853105,3732.958,1
88.183311,15.853537,4804.489,1
88.086339,15.854541,10818.512,1
88.179106,15.854154,3379.344,1
88.071779,15.855344,44700.722,1
88.140500,15.855173,11927.017,1
88.014520,15.854171,3436.242,1
88.175691,15.856029,8542.796,1
88.177766,15.856547,10458.734,1
88.167731,15.855953,4953.788,1
88.075636,15.857777,120952.491,1
88.207516,15.855698,3461.865,1
88.127698,15.855717,3084.100,1
88.124847,15.855637,2830.347,1
88.096656,15.856237,5456.427,1
88.166500,15.857405,12146.216,1
88.100748,15.856773,4332.559,1
88.026307,15.857091,5539.502,1
88.003602,15.857052,8376.060,1
88.020675,15.860444,77306.373,1
88.080523,15.858942,13384.916,1
88.108431,15.859322,20359.163,1
88.034429,15.859358,29968.244,1
88.032108,15.859347,12011.284,1
88.040944,15.859731,32314.614,1
88.122643,15.860253,3194.217,1
88.232081,15.860664,7045.240,1
88.151746,15.862204,63773.819,1
88.030498,15.860782,8491.933,1
88.141100,15.861036,4986.886,1
88.020941,15.862658,66666.657,1
88.099344,15.861303,6677.920,1
88.220409,15.861626,6738.581,1
88.239051,15.863285,1353.396,1
88.050390,15.863624,6750.233,1
88.082284,15.864157,7545.022,1
88.031982,15.864190,5531.668,1
88.179527,15.866295,31505.868,1
88.198109,15.865245,2291.905,1
88.018751,15.866554,3969.817,1
88.175970,15.867646,5192.667,1
88.165939,15.867483,2999.997,1
88.163066,15.867731,3377.251,1
88.029614,15.869196,13306.509,1
88.133776,15.869442,8845.180,1
88.198083,15.871679,118971.393,1
88.141730,15.870538,13065.422,1
87.995950,15.870189,13239.667,1
88.117015,15.870116,2674.197,1
88.146850,15.870274,3080.862,1
88.238691,15.870505,972.617,1
88.229104,15.871727,16988.020,1
88.223997,15.871396,3254.589,1
88.149613,15.871636,3531.688,1
88.063866,15.873689,63128.994,1
88.232930,15.872797,15226.758,1
88.125986,15.873245,3719.017,1
88.220527,15.874967,44723.685,1
88.027419,15.873125,3046.519,1
88.029551,15.874693,39701.189,1
88.205334,15.873804,3486.109,1
88.214068,15.874817,2679.138,1
88.156542,15.876393,10845.718,1
88.078680,15.876773,27125.866,1
88.104871,15.876651,8953.935,1
88.119952,15.877643,2381.687,1
88.084329,15.879903,29301.945,1
88.124309,15.880174,2304.374,1
88.034351,15.880414,5673.015,1
88.079374,15.881160,4541.883,1
88.057705,15.880537,3012.037,1
88.111666,15.882205,18883.558,1
88.019529,15.882216,5326.112,1
88.183398,15.882556,13089.044,1
88.123823,15.882838,8809.855,1
88.102383,15.883865,5157.949,1
88.046218,15.885536,97290.774,1
88.057597,15.884539,6346.131,1
88.122970,15.884739,3267.502,1
88.174101,15.885473,12341.509,1
88.019015,15.885642,7527.272,1
88.171927,15.885548,6094.836,1
88.146015,15.885201,3140.629,1
88.231882,15.885938,17052.056,1
88.082558,15.887040,55660.092,1
88.076660,15.887980,107676.100,1
88.127866,15.886619,2792.832,1
88.087711,15.886966,3126.070,1
88.142627,15.887983,12360.921,1
88.229607,15.888465,4600.988,1
88.186132,15.888477,5783.403,1
88.046139,15.888454,3573.528,1
88.130383,15.889111,2761.716,1
88.193113,15.889717,3823.083,1
88.148802,15.890129,4113.493,1
88.237373,15.891449,9473.813,1
88.066152,15.890873,4039.782,1
88.105449,15.891956,10065.276,1
88.032688,15.892159,3702.234,1
88.046726,15.893037,23876.498,1
88.209397,15.892912,2589.488,1
88.162195,15.893457,3748.533,1
88.241755,15.894284,13844.082,1
88.076548,15.896533,130031.110,1
88.162888,15.895445,20238.637,1
88.028436,15.895421,17531.028,1
88.190267,15.896013,8405.645,1
88.010030,15.896262,4125.095,1
88.208619,15.896650,7999.981,1
88.197993,15.897159,9968.354,1
88.106657,15.897844,8180.688,1
88.102073,15.898587,23567.709,1
88.233739,15.897512,2483.456,1
88.043087,15.899125,4889.825,1
88.125316,15.899287,7146.012,1
88.095943,15.898620,2237.017,1
88.007226,15.899674,3535.482,1
88.241477,15.900074,10860.947,1
88.183856,15.901070,31446.314,1
88.020849,15.901027,13508.760,1
88.229222,15.901118,4707.825,1
88.209394,15.902144,16858.822,1
88.014190,15.903832,136290.403,1
88.154711,15.901750,3767.161,1
88.219543,15.901725,3864.424,1
88.217737,15.904101,68540.661,1
88.091138,15.903276,6344.080,1
88.198306,15.904715,27427.437,1
88.233656,15.905420,26576.725,1
88.017948,15.904715,5441.866,1
88.214203,15.904681,4516.509,1
88.076823,15.905994,32886.543,1
88.136685,15.905523,3911.779,1
88.142481,15.906333,24768.088,1
88.207570,15.905440,5526.362,1
88.240891,15.905411,4178.963,1
88.225104,15.905558,4311.361,1
88.013694,15.906213,10850.296,1
88.166915,15.907956,12295.348,1
88.202313,15.908675,27353.622,1
88.117882,15.909624,51096.072,1
88.050034,15.908209,2448.200,1
88.119814,15.909221,6767.565,1
88.096128,15.910579,27335.605,1
88.173287,15.909995,3390.371,1
88.227927,15.910289,6657.484,1
88.148976,15.910161,4894.605,1
88.161120,15.910787,6659.873,1
88.066237,15.911373,5755.500,1
88.084104,15.911857,8959.814,1
88.227950,15.912657,5196.577,1
88.110407,15.915280,83837.066,1
88.174879,15.913526,2630.583,1
88.028190,15.914845,18984.711,1
88.153092,15.914732,10585.239,1
88.222730,15.914854,13934.336,1
87.998492,15.915212,31166.369,1
88.078976,15.914267,3400.059,1
88.176063,15.915932,37025.948,1
88.165118,15.915383,5409.745,1
88.231525,15.916392,16302.501,1
88.216856,15.916785,46474.492,1
88.163333,15.916892,46573.951,1
88.190912,15.917558,41094.909,1
88.142086,15.915872,4103.301,1
88.179262,15.915871,2250.244,1
88.229575,15.917223,10032.822,1
88.076050,15.916796,3240.360,1
88.174336,15.918524,48297.247,1
88.064644,15.917484,4096.775,1
88.139445,15.919639,96035.715,1
88.126937,15.919832,82219.784,1
88.123634,15.918916,6159.568,1
88.087700,15.919796,6461.633,1
88.216494,15.919455,5707.268,1
88.023803,15.920247,21844.665,1
88.135927,15.919882,3724.590,1
88.192834,15.921383,7140.504,1
88.200802,15.922085,11350.099,1
88.185340,15.922282,3826.820,1
88.192395,15.923736,11856.687,1
88.201577,15.923780,6198.002,1
88.137671,15.923483,3870.161,1
88.191427,15.926025,132242.957,1
88.134248,15.923940,2498.022,1
88.126806,15.924758,10823.429,1
88.185322,15.925193,7029.664,1
88.243845,15.925199,7129.887,1
88.220722,15.925638,6956.537,1
88.017126,15.925250,5979.467,1
88.083591,15.927146,49797.189,1
88.156687,15.925763,5809.349,1
88.034879,15.926640,7470.425,1
88.108252,15.925850,3098.935,1
88.063644,15.928354,44260.437,1
88.028740,15.927318,8478.594,1
88.212777,15.926618,4303.762,1
88.241422,15.927389,6627.307,1
88.115846,15.929457,78598.080,1
88.218797,15.928131,4421.761,1
88.211841,15.929932,51851.263,1
88.232882,15.930769,58565.588,1
88.240502,15.929054,3494.014,1
88.151701,15.930476,7388.815,1
88.030060,15.930817,5844.996,1
88.180023,15.933541,57657.533,1
88.025688,15.933099,8723.529,1
88.116119,15.934790,26676.052,1
88.063440,15.934186,5339.274,1
88.154647,15.934665,4315.229,1
88.049049,15.935584,5666.672,1
88.181165,15.936023,4018.086,1
88.077414,15.936694,4752.052,1
88.225528,15.936851,3442.509,1
88.071424,15.937656,7575.423,1
88.038033,15.939262,3266.191,1
88.117908,15.942129,85316.179,1
88.046366,15.942384,147080.955,1
88.186852,15.941527,4673.993,1
88.176330,15.941437,3613.132,1
88.062092,15.943829,22652.062,1
88.006684,15.944110,5884.771,1
88.181054,15.944292,3703.864,1
88.239344,15.945259,9152.361,1
88.189286,15.944936,9574.683,1
88.042840,15.944641,5325.106,1
88.136413,15.945792,13472.781,1
88.057837,15.947046,55109.147,1
88.072883,15.946018,6677.509,1
88.094503,15.946843,5865.844,1
88.225889,15.948794,3777.406,1
88.179591,15.949235,6703.308,1
88.221277,15.948894,4070.386,1
88.141717,15.949965,30925.752,1
88.048286,15.949634,4177.726,1
88.148477,15.951178,53166.485,1
88.006641,15.950475,10468.236,1
88.151928,15.950733,16582.979,1
88.162529,15.951795,15469.134,1
88.063287,15.951535,11212.883,1
88.003933,15.951912,5903.366,1
88.181212,15.951855,3063.524,1
88.177617,15.954224,32808.212,1
88.098171,15.953635,7422.999,1
88.090425,15.953445,3025.869,1
88.153857,15.953908,7382.253,1
88.195551,15.954523,11028.133,1
88.043474,15.955008,5337.157,1
88.032812,15.956862,78769.391,1
88.190629,15.958511,21920.120,1
88.022266,15.958512,10053.735,1
88.230663,15.958649,8249.420,1
88.050324,15.959382,14194.386,1
88.067123,15.959844,3501.669,1
88.212515,15.960510,5046.504,1
88.104414,15.961173,8716.092,1
88.064875,15.961682,18021.321,1
88.230866,15.961493,7250.733,1
88.096753,15.962128,5768.284,1
88.109218,15.962566,17367.691,1
88.170267,15.961669,3385.988,1
88.153615,15.962222,4785.401,1
88.032756,15.963137,16520.940,1
88.086119,15.963422,11468.657,1
88.218806,15.964558,56270.495,1
88.035430,15.964258,4577.003,1
88.060091,15.964322,4418.415,1
88.198133,15.965039,11555.182,1
88.134439,15.964770,6142.615,1
88.194879,15.966821,75517.978,1
88.179595,15.965556,16236.394,1
88.090498,15.966882,25558.240,1
88.034622,15.968364,53800.758,1
88.021381,15.966857,4993.123,1
88.044532,15.968762,29015.365,1
88.027453,15.967585,3540.581,1
88.179110,15.969512,66224.157,1
88.163324,15.969661,94705.742,1
88.184760,15.969175,14872.708,1
88.140811,15.968379,3109.671,1
88.049340,15.968210,2524.027,1
88.032482,15.968447,3564.128,1
88.172389,15.970858,30866.708,1
88.057413,15.970031,4749.253,1
88.197494,15.970739,11251.948,1
88.216755,15.972086,10310.607,1
88.166968,15.972802,16417.332,1
88.008220,15.971740,3357.751,1
88.119243,15.972885,21886.091,1
88.077714,15.973332,11996.470,1
88.079305,15.974708,107658.755,1
88.240435,15.973947,28201.128,1
88.201362,15.972679,3751.925,1
88.170484,15.973141,5372.171,1
88.088583,15.974856,98236.687,1
88.107922,15.973613,4786.396,1
88.038475,15.975059,58049.525,1
88.145501,15.976113,138091.575,1
88.047016,15.973652,4398.542,1
88.016318,15.974524,7048.908,1
88.031838,15.974383,3377.814,1
88.031272,15.976141,11225.723,1
88.062000,15.977793,115309.158,1
88.078827,15.976617,26067.180,1
88.002407,15.976406,6782.182,1
88.126969,15.978035,110582.021,1
88.230719,15.976378,6288.214,1
88.147578,15.976635,4012.203,1
88.169449,15.978837,49474.321,1
88.242908,15.977163,8351.917,1
88.188771,15.977775,4254.557,1
88.203208,15.978519,22487.406,1
88.119685,15.978007,3591.594,1
88.239450,15.978492,4387.746,1
88.216282,15.978127,3069.317,1
88.016280,15.978443,3809.099,1
88.018944,15.979338,4305.755,1
88.201904,15.981438,113505.622,1
88.061764,15.979879,3603.679,1
88.229493,15.981635,43548.875,1
88.068500,15.981122,11319.765,1
88.173536,15.982075,17753.814,1
88.195592,15.981773,2675.284,1
88.155479,15.983381,18934.834,1
88.126255,15.982585,4487.604,1
88.068598,15.984148,17355.724,1
88.081339,15.984252,19923.814,1
88.037193,15.985125,67790.036,1
88.026161,15.983901,3510.475,1
88.170315,15.985298,5046.499,1
88.118244,15.987852,82743.963,1
88.055072,15.986927,3853.593,1
88.221250,15.987099,4698.773,1
88.216224,15.987450,4828.756,1
88.182426,15.989497,36103.474,1
88.198827,15.991573,107691.540,1
88.001393,15.989522,4298.602,1
88.187575,15.990264,14841.310,1
88.166668,15.990007,5304.732,1
88.201621,15.990821,6709.894,1
88.143662,15.991675,26440.560,1
88.127012,15.990869,9950.774,1
88.232125,15.991748,36289.016,1
88.092215,15.990795,5339.105,1
88.229445,15.991671,20080.226,1
88.171602,15.991564,2632.279,1
88.157143,15.992302,7459.064,1
88.066500,15.992676,14832.647,1
88.056929,15.992535,6876.781,1
88.165501,15.992893,16579.171,1
88.005628,15.992841,8065.509,1
88.014211,15.993318,15926.079,1
88.186617,15.994564,2714.555,1
88.193516,15.994720,3907.230,1
88.166039,15.995567,6219.842,1
88.024611,15.995168,2823.085,1
88.220673,15.995592,4601.209,1
88.164255,15.996284,4352.501,1
88.232003,15.998444,108570.397,1
88.153903,15.996526,4373.053,1
88.239433,15.997183,11435.596,1
88.042790,15.998847,nan,1
