#mjd: 58471.21013
#filter: i
#airmass: 1.425
#seeing: 1.7291593650000001
#m5sigma: 19.2411
#exptime: 10.0
#night: ut181218
#ra dec flux fluxerror
88.049037,15.776506,20408.218,97.698720498181
88.050974,15.778005,1701.283,97.662590333583
88.118385,15.775036,1037.878,84.155187294660
88.216917,15.776750,9689.169,87.049451006449
88.206190,15.776893,10175.434,96.891423453879
88.007203,15.778986,54154.082,170.00526121051
88.045728,15.776683,5312.815,88.195661182902
88.167433,15.776485,4453.140,76.902152473214
88.248586,15.775822,1514.578,74.298523215101
88.020108,15.778323,16225.371,100.06191693610
88.227820,15.776949,2520.206,83.805087111639
88.157507,15.777377,3257.946,70.136422660193
88.241295,15.778441,3962.269,74.286255006067
88.054081,15.778410,3021.956,83.091316654026
88.142026,15.777736,1737.837,82.685040814603
88.150077,15.779008,1734.635,75.915719166549
88.011980,15.780133,5381.887,77.936117451031
88.164341,15.781938,34903.089,113.01842895684
88.222251,15.784010,127008.610,419.62887765211
88.203935,15.779910,986.217,73.545970050955
88.200550,15.782053,8990.427,89.280513026720
88.233690,15.781255,3224.172,88.503617955494
88.255859,15.780722,2331.482,74.955209518914
88.147679,15.782064,4053.403,81.445210892812
88.068479,15.784254,42978.075,169.04417698273
88.155113,15.782122,1867.567,74.123136443775
88.012863,15.785848,54201.428,192.26654675105
88.122670,15.784429,9556.257,82.406010201924
88.179677,15.785224,7503.679,72.483451557115
88.071532,15.785778,3997.592,86.737185005588
88.104731,15.785725,11735.902,93.407200081728
88.194309,15.784332,1498.350,72.996334654651
88.017971,15.787132,38015.220,159.51749415007
88.065378,15.785091,2674.570,75.769961142883
88.162694,15.786587,10449.850,74.445665124819
88.201615,15.785709,2739.849,83.198194520631
88.135190,15.785363,1779.227,69.080563539391
88.089526,15.786395,2931.470,76.197849926303
88.171257,15.785556,927.391,76.013366858832
88.113003,15.787619,9538.409,99.295565038691
88.128489,15.786687,4128.557,71.438219953027
88.004245,15.786811,6154.017,88.084765045980
88.062022,15.785974,1727.957,78.116927503814
88.057726,15.787282,4491.226,87.781236480191
88.191116,15.787693,3358.228,89.531732514752
88.192951,15.788438,14071.137,89.532412825644
88.141166,15.790749,77006.344,215.64386630376
88.165626,15.787224,1243.767,69.586253039839
88.043672,15.787818,1475.546,84.506370591574
88.080129,15.787805,1167.217,78.643810170859
88.221193,15.789153,5842.091,82.910643688762
88.021117,15.789492,9000.963,92.914005175933
88.010063,15.788328,1468.186,79.245801202031
88.133874,15.789456,6021.878,75.413371547349
88.150021,15.789588,2395.006,79.245367404631
88.247364,15.790000,2570.768,74.498413095036
88.174789,15.789665,1443.106,85.514867906900
88.147341,15.790355,3095.807,81.385106797074
88.230103,15.790405,2045.550,77.626388429126
88.096587,15.790345,1778.668,72.112481791846
88.123576,15.792319,13736.696,93.017215352014
88.251967,15.790620,1135.499,77.816789436976
88.218723,15.793565,15750.401,119.85178553467
88.059520,15.792501,6026.000,82.907188334159
88.161592,15.792263,2967.466,77.567503799448
88.019122,15.792511,3196.212,87.970674484389
88.082159,15.792530,2127.252,80.617896621793
88.188875,15.794656,15097.074,109.57464235229
88.114473,15.793791,1897.508,75.395091766938
88.172674,15.794000,2012.941,78.956778681145
88.192552,15.796150,33886.324,142.02951771379
88.118475,15.795059,6781.202,88.493252654879
88.175280,15.795744,6685.764,79.401462900648
88.224555,15.794638,2219.527,82.866772606950
88.245851,15.794346,1721.029,74.653353589340
88.083228,15.796864,15227.502,99.103663825386
88.081866,15.795526,1363.137,99.096466770278
88.006757,15.796309,6547.601,83.417741913973
88.252923,15.797385,5678.227,82.912738052352
88.249146,15.797183,4004.109,77.418762719226
88.146458,15.796408,1936.020,78.055194722473
88.169205,15.797143,2683.919,79.545246870407
88.189523,15.798341,6276.722,89.121763489127
88.151630,15.797392,2168.391,94.042798893078
88.151648,15.799284,18793.305,94.041876794847
88.071677,15.798070,2568.965,82.938621902249
88.206360,15.798480,4386.437,86.203939504125
88.120844,15.798401,5786.368,81.839045332224
88.126061,15.798096,2419.954,80.207462184796
88.123799,15.798473,1507.164,80.191821013269
88.129937,15.799742,9309.299,83.953943354001
88.027283,15.798523,1215.547,67.799984416729
88.043903,15.800807,10859.994,91.861312891781
88.096891,15.800620,12505.896,91.780866301130
88.241357,15.799575,2075.537,75.256735665763
88.103043,15.805283,72806.220,232.80511517361
88.102135,15.802658,14734.578,100.55577763976
88.158638,15.801915,3177.132,71.573263525952
88.171497,15.802982,8945.333,96.420521723936
88.241134,15.802299,2504.764,77.194750988887
88.238864,15.802919,5017.068,77.200630364090
88.207779,15.802347,3076.685,74.804602997703
88.040210,15.803022,7450.518,94.260529591656
88.249609,15.803500,5591.527,83.651003289068
88.226044,15.803962,6502.343,79.641462972816
88.031215,15.803671,5791.825,70.683243400870
88.033564,15.804717,1703.117,70.683205467901
88.024896,15.805859,73479.540,238.08157532899
88.136641,15.804810,16343.759,98.805538736092
88.190442,15.803616,2702.751,72.009228697337
88.187091,15.806470,35048.395,141.67146718581
88.167331,15.803472,2456.933,73.131778555101
88.165111,15.804600,2940.071,73.100329538114
88.177134,15.805899,25889.924,124.77542530111
88.087854,15.804643,1548.034,85.237319350448
88.129633,15.808175,47943.799,147.84797252410
88.208208,15.806775,6378.429,88.986396690991
88.252689,15.809675,94948.590,268.51359087535
88.190003,15.806233,1446.940,76.189869839381
88.143435,15.806873,2683.948,77.095950753141
88.099975,15.807197,3396.150,90.039323153468
88.097835,15.808484,18015.314,90.001290565553
88.008114,15.808766,18833.059,102.78378588085
88.006295,15.807460,2787.567,102.82847401179
88.227761,15.811716,129137.597,321.23211386023
88.242800,15.807447,2515.318,75.509085846953
88.157597,15.808170,3786.298,76.505590530834
88.016457,15.808822,10247.804,108.86844463446
88.171778,15.807690,1842.051,70.590149306247
88.067387,15.808469,2974.036,75.058395925865
88.160906,15.809840,17555.360,99.567542696834
88.102141,15.810067,11701.513,83.157147387111
88.193552,15.808653,1853.383,72.762334903299
88.226306,15.809338,2413.353,70.619075389598
88.121820,15.810702,15307.217,99.896591326763
88.107397,15.809627,1879.306,78.842579064328
88.206873,15.810725,6241.217,75.552718082372
88.038261,15.810289,2175.073,79.553595402379
88.037503,15.812266,2244.590,79.552131138804
88.155830,15.810100,1569.440,71.051689494837
88.142689,15.813486,36366.856,134.29231665318
88.087226,15.811484,2955.020,80.411551918734
88.024438,15.812995,11473.957,103.68762989720
88.227580,15.814471,60291.932,132.82380406820
88.229975,15.815452,2798.887,132.81074227642
88.010949,15.813401,17552.154,123.16062285073
88.212872,15.812243,2524.427,78.402821324563
88.198718,15.811921,1183.701,65.446970918428
88.180624,15.814199,9364.585,90.139586627603
88.175264,15.814578,14812.164,95.183596520104
88.102343,15.812786,2162.819,67.956729489423
88.050792,15.814663,17101.661,118.86997003161
88.166155,15.814645,12492.883,81.070170516501
88.162352,15.814351,10722.186,85.741845706678
88.171808,15.814817,6574.568,80.928552611325
88.170809,15.816544,5282.582,80.941993689035
88.046314,15.817219,91992.054,273.83187430873
88.079887,15.816946,35644.147,132.20899384485
88.104908,15.816462,17023.945,99.548345713541
88.093338,15.816247,5628.066,81.881532898190
88.204976,15.815648,4655.513,78.419536030724
88.040516,15.815543,2056.675,74.489152719483
88.153171,15.816031,2535.790,78.163251187663
88.088553,15.816071,2052.870,70.688798942090
88.222623,15.815779,1444.784,74.764070269553
88.160958,15.818531,25963.557,108.79543446859
88.077254,15.816373,1867.609,79.219123704436
88.157306,15.817258,6784.219,81.667416521033
88.074267,15.818007,4975.505,73.895302466536
88.238009,15.816834,1195.444,83.881182976972
88.007494,15.819882,23005.711,123.13843361261
88.183051,15.819428,17981.650,107.88787897506
88.245859,15.817508,1291.518,82.679583582780
88.070721,15.819422,6517.910,86.566221522870
88.189058,15.819075,2381.922,73.739446844483
88.245551,15.821050,18129.462,102.66089204873
88.050726,15.819435,2821.044,80.137438247834
88.073012,15.821897,42213.649,162.49362927158
88.004975,15.820651,12298.629,106.76575292762
88.094350,15.819726,2045.900,67.442636277444
88.212989,15.819794,1875.711,83.020464200478
88.010345,15.821065,6110.245,83.154844393646
88.103263,15.820238,1984.393,81.292299710384
88.110760,15.821575,7783.286,86.412596521853
88.226976,15.820799,1558.266,74.550346754817
88.123752,15.821573,4586.648,78.576318809659
88.084236,15.821179,1454.998,80.836784449842
88.085337,15.823330,1357.204,80.823071964203
88.198116,15.821746,1448.183,79.443250854893
88.034834,15.822714,3478.804,71.603340578713
88.051102,15.822122,1656.413,79.417752087709
88.214249,15.822609,2258.999,86.446313651197
88.248074,15.824066,8062.192,75.645296740888
88.250094,15.824939,2316.335,75.631093203336
88.249418,15.827280,2820.796,75.650447963457
88.018367,15.823573,3096.434,72.854667465788
88.229214,15.824431,6977.394,76.152012990336
88.241437,15.824618,2059.478,83.485370071116
88.039191,15.825759,2564.843,72.291039053030
88.108806,15.825680,1399.750,82.118628807375
88.109008,15.827812,4992.027,82.114315803731
88.131168,15.825963,2501.206,78.144654769175
88.063837,15.826152,2510.677,87.173435372898
88.089234,15.827695,5447.060,98.653341316636
88.181732,15.829312,22387.323,98.355065785206
88.183370,15.830470,2539.180,98.338922068596
88.169998,15.826955,1505.063,76.553767224507
88.218108,15.828078,2138.264,73.381303062031
88.050193,15.827991,2350.050,76.091187017209
88.103403,15.828930,2817.521,80.053911078888
88.068789,15.828361,1481.631,79.554462017289
88.068583,15.830226,12135.047,79.545385093582
88.187443,15.829920,7173.389,85.006471941631
88.174896,15.829341,2625.298,81.370026456354
88.178186,15.830259,4670.626,91.011064963659
88.039889,15.829488,1397.951,77.777913862134
88.254074,15.831417,14811.176,105.19232987986
88.134307,15.830029,2491.171,74.204224646787
88.166286,15.831115,6452.415,83.230441587490
88.175078,15.832194,12662.831,94.262979042943
88.201571,15.832562,8473.832,83.129441494874
88.179519,15.832904,1375.373,79.332796583130
88.181096,15.834616,1228.526,79.325759093963
88.057107,15.833500,1370.672,85.279092852632
88.168841,15.834102,1961.837,77.373937505963
88.105681,15.836054,28080.961,141.63156464673
88.256630,15.835989,nan,92.359021145979
88.023400,15.835170,6171.331,81.899769496346
88.036323,15.835291,6299.018,81.451442313759
88.238786,15.835768,4829.924,75.908981932203
88.223765,15.836472,6422.840,85.150803844625
88.210777,15.836919,7508.671,79.280910014051
88.071216,15.835120,1359.199,92.867639781658
88.195043,15.838206,22926.583,92.892872315066
88.197228,15.838904,1593.032,70.608886291098
88.101260,15.837426,7307.240,123.31724914018
88.012143,15.838150,12382.499,145.40244896652
88.079466,15.839555,35139.311,126.17750571461
88.046149,15.839709,26216.840,88.588234839813
88.075306,15.841157,25615.172,88.579399172851
88.076541,15.842533,3471.648,71.394853908968
88.216057,15.839138,2272.213,84.811626281786
88.203364,15.840257,5060.177,447.40708730227
88.122465,15.843326,101085.538,72.437699776717
88.189590,15.839912,1385.855,74.508286794999
88.245902,15.839744,1581.348,66.485096922773
88.039957,15.840037,1073.986,70.235776797444
88.109513,15.840794,2275.019,79.715533213277
88.057645,15.841226,3016.955,79.716350529529
88.059418,15.842206,5226.715,86.124838312453
88.013891,15.841238,2601.057,75.297999809813
88.169930,15.840916,1815.442,76.323240094845
88.052946,15.841720,2099.431,72.423717127083
88.165639,15.841122,1969.546,85.280173242599
88.185385,15.841119,1652.283,83.687880716418
88.024806,15.842554,6414.592,97.830944222456
88.068069,15.843790,20350.197,82.814562780277
88.211014,15.842036,2077.269,82.965896134959
88.143399,15.843018,7635.226,83.415059054801
88.218677,15.842415,2523.745,138.64441966178
88.036120,15.844335,29019.767,77.838839984934
88.234879,15.843274,3221.827,94.638981797152
88.132825,15.844051,13361.260,79.922508524615
88.240926,15.843094,2534.963,82.941158391423
88.119165,15.843597,2654.121,84.822701717407
88.181204,15.844164,4689.538,85.560040944213
88.051061,15.845218,9785.771,84.648986968218
88.104145,15.845795,5658.221,84.613379243857
88.047141,15.846488,4625.613,70.991199834814
88.080068,15.846286,2529.393,86.543857134702
88.169978,15.846720,5899.167,92.091878065241
88.147931,15.848670,7717.259,121.02216687153
88.132023,15.848863,31713.386,121.05954326924
88.132897,15.847095,1393.936,81.239544635503
88.144514,15.847047,2556.527,81.733688746076
88.216792,15.846522,1032.460,77.370128083173
88.053951,15.847430,2785.827,387.45317632629
88.129965,15.852072,118508.567,84.439729567377
88.152065,15.848973,3492.957,85.522203878522
88.012442,15.848899,6436.036,85.618023860026
88.246206,15.849222,8137.275,82.389986870771
88.158913,15.848720,3545.531,103.14645471004
88.027502,15.850971,20443.297,82.015355187403
88.154852,15.849388,1303.656,74.217668018313
88.199550,15.850266,3416.662,76.714640912677
88.219302,15.850132,2308.801,78.196087223830
88.098086,15.850221,3120.332,105.87842892801
88.091528,15.850837,2280.513,81.422206239514
88.184992,15.850066,1768.998,81.014278405855
88.250397,15.851294,6367.950,262.06203134443
88.225724,15.853793,66767.227,87.625644516092
88.174242,15.851283,4065.120,73.935747975597
88.017592,15.853086,4805.368,90.850890222240
88.147147,15.853120,3581.388,79.444414568533
88.183330,15.853536,4261.121,76.766859452803
88.212843,15.852645,1604.074,134.24790602285
88.071760,15.855339,36482.717,90.242172569907
88.086340,15.854516,8910.120,93.779610041122
88.140485,15.855203,12656.873,80.192075220420
88.179104,15.854144,2717.509,72.627824002311
88.014539,15.854159,2454.717,77.233329978393
88.163030,15.853816,1613.269,73.317167822765
88.045793,15.853906,1568.013,79.302863082801
88.256515,15.856596,nan,86.915747190635
88.124798,15.855598,2146.859,86.892813210257
88.175668,15.856051,10082.999,86.889632980397
88.177774,15.856572,11115.343,71.903545769338
88.177697,15.859099,1354.475,74.839994327203
88.253168,15.855156,3717.774,84.462899033920
88.136062,15.854945,2368.872,84.436564685550
88.167706,15.856000,4716.824,80.634079390083
88.166501,15.857427,12799.903,77.962170038508
88.207509,15.855724,3226.735,78.218956071993
88.127677,15.855711,2325.093,83.287335032530
88.096629,15.856248,4683.684,72.785698661024
88.026262,15.857079,4338.804,87.056553818700
88.100752,15.856774,3430.246,72.122356334095
88.003568,15.857042,6955.553,72.938900228351
88.143050,15.857119,1725.153,104.16841427919
88.217340,15.857473,1832.551,104.16564276634
88.034405,15.859341,24647.273,104.15802852974
88.032084,15.859319,9835.072,100.24247305761
88.030473,15.860777,7420.048,118.98249191611
88.080509,15.858940,12221.624,108.12770371935
88.108428,15.859340,16342.604,194.70749961121
88.040919,15.859719,26609.782,82.799090365859
88.151750,15.862251,61833.473,83.624171182235
88.122650,15.860254,3266.926,75.154583346475
88.232077,15.860654,5472.968,75.158281180278
88.139167,15.860016,2270.732,77.195160332472
88.141102,15.861086,4235.950,79.801858162326
88.099369,15.861318,5351.377,66.769675600586
88.220398,15.861645,6783.362,122.82330991360
88.136608,15.861503,1000.125,83.012761666702
88.252551,15.865088,33480.161,115.37557366745
88.050385,15.863628,5607.960,84.382969331384
88.179529,15.866302,30321.540,78.988411158497
88.082289,15.864180,6028.094,69.616765643780
88.031965,15.864192,4587.979,77.965924140779
88.198087,15.865245,2322.081,76.418169581443
88.230261,15.865309,2389.591,74.735865491852
88.013946,15.865017,1209.586,87.619844955280
88.248347,15.866715,7236.704,91.888017480053
88.018731,15.866552,3115.818,79.359067109064
88.244890,15.868133,14573.323,75.984135816173
88.175968,15.867659,3861.122,75.385872415144
88.165926,15.867459,2545.147,90.213577085688
88.163042,15.867750,3809.194,236.65200656615
88.029567,15.869202,11359.888,82.014576158457
88.198086,15.871677,97747.785,85.549862965135
88.133767,15.869433,7368.742,98.077870637109
88.141720,15.870536,10675.684,70.209869449666
88.229099,15.871709,13841.821,76.637387980054
88.117003,15.870146,2420.144,214.72680825510
88.146828,15.870262,2614.964,214.78780539496
88.063851,15.873716,53178.572,89.190179222299
88.062755,15.875667,1917.915,92.353226445791
88.149593,15.871593,3556.279,68.187614461527
88.232919,15.872767,12810.065,68.690345532265
88.223983,15.871378,2415.645,65.817945547763
88.034317,15.871769,1971.029,86.980686987209
88.105589,15.871561,1653.177,152.31175802848
88.205327,15.873744,2586.269,151.03004955008
88.220522,15.874968,48701.501,82.624939938563
88.029577,15.874721,32909.555,77.315390531080
88.125989,15.873231,3642.804,71.225642160450
88.027366,15.873094,2157.748,74.074233542406
88.166536,15.873795,1597.155,86.897553702185
88.003224,15.874013,1813.404,130.06621087690
88.214074,15.874835,2772.100,85.859466052940
88.078683,15.876793,22036.775,90.551719491690
88.156528,15.876367,8786.369,104.85443291311
88.104880,15.876660,7940.844,78.836073057550
88.212754,15.881150,13535.595,84.132675115669
88.230961,15.877630,2227.104,132.06873680578
88.119914,15.877656,1906.948,89.968954757467
88.084323,15.879920,24008.296,74.243194929773
88.245335,15.879562,5008.518,74.212783199513
88.137317,15.879468,2485.424,81.116596097195
88.135095,15.880398,2800.545,82.747422934830
88.034339,15.880425,4665.705,120.00853582776
88.124253,15.880212,2331.144,86.658612732483
88.111665,15.882199,17390.464,79.978861305435
88.057695,15.880542,2604.051,100.56587189055
88.079367,15.881199,4330.581,75.712945461129
88.183396,15.882560,11309.065,88.605301441343
88.194111,15.880548,1405.803,88.584992040770
88.123793,15.882841,7327.877,71.557685655801
88.122993,15.884727,2909.063,82.403069865367
88.042287,15.881314,1067.297,300.89014041787
88.019516,15.882188,4538.523,76.998643782975
88.046198,15.885522,79312.207,78.233326937446
88.128802,15.882052,1838.813,76.672524254894
88.102364,15.883866,4476.058,87.121503741632
88.016555,15.883417,1410.609,86.237226549404
88.057581,15.884539,5050.714,86.791799085052
88.034154,15.884332,2355.052,82.846907185420
88.231849,15.885910,13438.420,82.851468330340
88.174104,15.885458,10284.250,320.53475899230
88.171950,15.885568,7514.592,143.55494496408
88.076649,15.887984,90072.253,143.56293474781
88.082551,15.887052,45681.296,82.952126955166
88.084388,15.885739,1932.068,96.187461921333
88.154282,15.884482,1740.964,83.994223695769
88.019007,15.885623,6414.648,76.814051757660
88.146000,15.885188,2530.453,76.835827142145
88.241958,15.885253,2185.255,82.139262733866
88.243648,15.886603,1514.676,82.115007711037
88.089912,15.885731,2066.939,156.68661707378
88.087699,15.886977,2891.274,79.178721417106
88.236402,15.888155,32116.631,81.229713618629
88.004277,15.885749,1580.044,96.470992322134
88.032263,15.886225,1946.023,73.526494772220
88.142618,15.887994,10624.583,87.456537815468
88.127869,15.886596,2605.414,78.421832038238
88.229569,15.888445,3867.853,75.110916002478
88.186143,15.888455,4824.094,76.838662174130
88.170781,15.888256,2228.177,74.432213638671
88.046135,15.888438,2675.153,68.879336556785
88.069549,15.888262,1624.694,68.883879785212
88.133036,15.888741,2113.344,74.856871497770
88.134994,15.889297,1307.962,75.640602736658
88.130411,15.889078,2363.944,72.646209308267
88.193130,15.889719,3452.000,74.161023558313
88.148808,15.890120,4598.601,77.917445914056
88.062716,15.889269,1661.304,90.209287059825
88.066150,15.890881,3213.516,154.31984351247
88.237360,15.891452,7794.819,73.885072014980
88.046723,15.893029,19602.434,69.633576073071
88.229867,15.891435,1993.739,77.642031746649
88.109615,15.891833,1443.545,78.432981917727
88.032688,15.892105,2537.262,274.60327998470
88.025180,15.891807,1502.000,71.893753248387
88.076538,15.896514,106840.331,75.733490967104
88.194227,15.892417,2004.314,93.616896128901
88.209404,15.892882,1887.905,79.360223925176
88.241743,15.894239,10932.194,82.950103525376
88.085968,15.892342,1674.026,82.973633806357
88.162176,15.893435,3049.928,82.969300632744
88.162891,15.895424,17401.483,69.528789067545
88.164232,15.893659,1153.093,69.541184191982
88.131287,15.893171,1446.926,91.604071236091
88.132734,15.894499,2354.235,65.384471653542
88.028413,15.895391,13853.948,84.990313190486
88.169728,15.893956,1472.853,84.359265651594
88.190286,15.895992,6233.839,82.557956657600
88.208612,15.896622,6178.533,67.634988012889
88.197984,15.897133,7649.261,75.258090342281
88.009989,15.896244,3232.823,95.431965707638
88.060843,15.896202,1952.156,74.307572219865
88.102064,15.898573,19120.290,83.637485548494
88.252964,15.895624,1105.550,78.546546126637
88.106666,15.897814,6839.978,82.469938191785
88.233680,15.897527,2114.955,78.980606064416
88.125310,15.899290,5824.524,69.881654433944
88.095868,15.898578,2001.117,85.229566439037
88.043077,15.899098,3932.227,124.10616798551
88.241454,15.900034,8558.460,77.524461298078
88.183856,15.901045,24809.049,72.585322805926
88.203494,15.898957,1742.737,101.66835019557
88.007212,15.899646,2778.500,215.41302631342
88.020818,15.900975,11118.008,215.40870717761
88.014175,15.903785,112156.795,106.58896390246
88.013699,15.906175,8596.987,72.506753113272
88.209368,15.902109,13697.744,77.542189679735
88.229194,15.901036,3726.901,85.849674026128
88.219550,15.901696,2928.299,75.527309448205
88.154676,15.901720,2948.080,163.17136996846
88.163278,15.901333,1865.073,79.281729789871
88.217710,15.904061,54357.269,69.590215826675
88.205816,15.901980,2338.163,77.783977419553
88.035198,15.901996,1597.622,90.016597060287
88.244291,15.901945,1593.001,120.58842977100
88.091158,15.903247,5164.203,90.952068394242
88.198307,15.904671,21341.213,134.85355259198
88.246857,15.903611,6337.806,138.08856447956
88.233638,15.905367,20801.508,87.304634794502
88.076824,15.905960,26908.738,79.798071096044
88.214206,15.904606,3705.857,89.369621573990
88.017936,15.904663,4497.574,96.039340715764
88.240886,15.905388,4535.060,105.71791265889
88.207570,15.905405,4324.837,77.226585706289
88.142468,15.906307,19881.736,77.244360197457
88.136653,15.905497,3147.514,75.715530609304
88.139109,15.904974,2046.089,77.518814659689
88.225064,15.905537,3185.142,85.844520114923
88.159460,15.905345,1253.823,128.93575406619
88.166932,15.907930,9683.636,128.99881834665
88.117877,15.909603,42372.525,125.59981920143
88.119785,15.909201,5853.856,85.929132387976
88.202302,15.908634,22034.306,79.779532697307
88.050006,15.908174,1851.943,80.268123691097
88.018321,15.908492,1927.033,105.78955980637
88.253313,15.909112,6748.898,80.716950085587
88.096122,15.910554,22856.484,80.713436465308
88.227902,15.910255,5147.659,86.200225814588
88.227956,15.912625,3911.049,77.185909948790
88.148967,15.910151,4368.495,78.905294010745
88.161116,15.910759,5399.322,91.474827426672
88.173305,15.909942,2643.412,84.734398634346
88.066210,15.911356,5265.571,77.235838464050
88.084112,15.911830,7319.085,81.882271637293
88.233264,15.911119,1982.077,205.69931585888
88.050691,15.912079,1888.517,83.679055671783
88.110412,15.915268,69841.113,68.624340635251
88.256280,15.911759,nan,106.11554578896
88.174848,15.913462,2581.366,84.438143047373
88.038374,15.912972,1964.057,151.10502860835
88.028189,15.914790,15553.835,91.771346763609
88.222722,15.914837,10667.546,76.511620812481
88.176053,15.915904,29818.209,137.49745989723
88.153066,15.914715,9156.040,109.00470201854
88.078988,15.914234,2430.349,109.02226359822
88.216844,15.916776,36511.174,95.160793161451
88.163329,15.916876,38194.980,95.155528109454
88.165134,15.915371,4415.529,119.94293107269
88.231510,15.916372,14243.781,80.544199519811
88.229545,15.917235,7802.396,71.049456853272
88.190905,15.917529,33108.632,187.65709412223
88.251316,15.916518,12486.178,73.425881227741
88.142063,15.915821,3501.963,231.20578877435
88.174325,15.918499,39521.852,278.55767645303
88.179269,15.915841,1393.675,75.187390797135
88.126925,15.919817,68985.811,83.926488864265
88.139432,15.919628,81858.475,73.425310035274
88.076053,15.916832,2119.458,71.838044984269
88.064626,15.917466,3159.710,89.044733914404
88.171386,15.917789,1555.648,70.905125764995
88.115001,15.918136,2316.485,109.47497641376
88.123628,15.918891,5505.642,80.661372958327
88.087705,15.919800,5751.916,74.968533742235
88.023796,15.920198,17722.043,68.373705250439
88.216489,15.919463,4432.355,241.61963214784
88.135918,15.919848,3416.265,241.70161067075
88.011522,15.919812,1391.904,241.67626331945
88.192855,15.921366,6254.543,83.527847213778
88.191425,15.926016,106363.398,83.530185232709
88.192378,15.923729,9853.562,70.739434147695
88.200787,15.922078,8983.543,73.210499375276
88.201564,15.923753,4932.110,156.84850403277
88.081213,15.920489,1702.794,71.018317782730
88.185366,15.922286,3217.986,71.145297076999
88.248261,15.924903,39425.722,75.473105342907
88.044490,15.921538,1491.059,203.77145826729
88.070145,15.922138,1275.532,79.202819508285
88.035024,15.922485,2103.390,74.574047601523
88.204582,15.927244,40481.661,87.172070367349
88.255223,15.923151,3002.665,75.839147174140
88.019761,15.922593,1777.724,63.541845349757
88.126781,15.924731,8917.315,73.567708658176
88.137636,15.923465,3248.631,72.618298690904
88.097224,15.923595,2061.316,96.969646332128
88.134252,15.923929,1968.397,78.331395868107
88.143561,15.924487,1997.122,80.634878953932
88.220753,15.925693,5990.582,71.077948727420
88.185329,15.925215,5987.967,76.418463352031
88.243812,15.925226,5501.062,76.353477104283
88.084860,15.923987,1126.132,80.677915320454
88.017107,15.925218,5014.173,69.178312238146
88.252776,15.924961,1812.441,69.958313036453
88.156699,15.925760,4838.309,76.354918265405
88.045066,15.924573,965.635,147.55954943973
88.108242,15.925831,2206.443,261.14360434013
88.034884,15.926611,6150.263,74.539462563642
88.063657,15.928352,36257.752,82.344030044606
88.115840,15.929450,66222.862,86.140120320939
88.101702,15.926368,1722.558,82.325869918407
88.212799,15.926666,3270.383,82.323317789560
88.028746,15.927331,7047.884,173.81092253913
88.241426,15.927447,5134.394,73.331580923908
88.240578,15.929135,2644.904,167.92947063454
88.211839,15.929940,41721.090,81.759246752860
88.218783,15.928137,3817.087,92.319165120804
88.232886,15.930793,47010.120,78.612023514055
88.093852,15.929938,2580.806,266.25540092374
88.151693,15.930470,6295.833,86.809145982693
88.030037,15.930772,4876.183,95.230121141802
88.180021,15.933529,46912.539,120.47893399309
88.118278,15.932681,2229.092,81.061873386700
88.025678,15.933066,7117.954,85.111879428791
88.116114,15.934771,21941.861,79.594189453974
88.176803,15.932668,1872.467,79.812955629116
88.063421,15.934141,4597.774,81.805694020528
88.154625,15.934634,3697.257,79.654047068858
88.049058,15.935579,5089.342,82.859442519266
88.181173,15.936008,3477.841,85.094885246758
88.080022,15.935706,1881.769,75.099114478124
88.077403,15.936687,3950.879,71.535623731364
88.055417,15.935813,1068.123,79.405944721645
88.235855,15.936282,1915.710,85.710689409050
88.225523,15.936890,3214.858,74.927287144433
88.018284,15.936380,1856.846,410.73936730903
88.071461,15.937638,6349.012,72.812037182148
88.240346,15.937406,2098.481,73.185353547981
88.046344,15.942372,119696.812,276.02670858477
88.246467,15.938396,2879.059,87.831739264204
88.223014,15.938557,2255.664,70.187782586929
88.117907,15.942106,71997.478,82.212251752654
88.038048,15.939262,2417.305,84.071346520193
88.212926,15.939239,1262.162,70.752411825651
88.176364,15.941387,2958.627,100.47775069085
88.088438,15.940769,1537.891,70.125498922430
88.186879,15.941510,3945.638,78.624036299918
88.062111,15.943799,18544.854,70.939754297091
88.243502,15.942781,1278.644,72.949996783709
88.032640,15.943079,1883.210,82.021756206396
88.230245,15.942979,1528.878,77.172398648402
88.048918,15.943348,1613.198,87.376816092486
88.006720,15.944075,4625.080,76.030003599682
88.042830,15.944598,4121.545,78.869590860330
88.239312,15.945243,7512.496,177.69456238429
88.181051,15.944314,3384.038,77.145111198045
88.189318,15.944923,7905.303,94.606772450324
88.057846,15.947032,44739.750,84.298910498236
88.011007,15.944156,1625.240,72.657966179396
88.136379,15.945762,11811.508,64.746213225431
88.090574,15.944780,1319.682,78.639547870219
88.072880,15.945987,5534.786,60.187735593341
88.141513,15.945285,1649.274,73.030415530611
88.094504,15.946802,4783.270,179.32793788939
88.100625,15.946320,1666.422,71.848594036098
88.122163,15.947019,1232.434,69.481425518697
88.244724,15.950443,72609.055,77.990299349967
88.089165,15.946944,1431.689,139.75750827892
88.156062,15.946958,1310.378,77.673051101148
88.019226,15.947974,1760.768,73.236410266548
88.141700,15.949960,27099.426,79.509790127529
88.221275,15.948902,3083.605,186.25242600921
88.225848,15.948761,3083.611,99.713846356034
88.179635,15.949242,5547.175,74.453669920821
88.148460,15.951174,46698.823,76.913434004575
88.151906,15.950739,14297.743,85.870110762614
88.054777,15.949232,2275.314,92.259379390984
88.048289,15.949616,3560.468,94.520889425059
88.006667,15.950449,8395.549,83.339889903945
88.063277,15.951525,9711.688,73.469906967840
88.162536,15.951778,12942.925,80.749625711771
88.003927,15.951910,4832.524,75.826214501329
88.195435,15.950853,1672.657,133.11974774484
88.181257,15.951838,2665.453,79.911977346033
88.143685,15.951769,1892.357,98.017912613665
88.177633,15.954240,25753.014,77.862795803667
88.098186,15.953621,6013.836,79.708036628314
88.153818,15.953915,6102.261,258.46182188644
88.090474,15.953439,2510.343,69.531727352777
88.195557,15.954521,8337.048,73.156543665754
88.032822,15.956832,64268.071,84.282480695567
88.043474,15.954986,4001.652,75.335217863975
88.157879,15.954492,1528.110,113.93334618858
88.055040,15.955150,1678.342,85.852492275220
88.126613,15.956046,1408.937,81.980035373778
88.190649,15.958527,17751.651,92.261781157131
88.022270,15.958467,8337.023,74.249048839263
88.230643,15.958636,6289.788,74.281803131750
88.050329,15.959349,11047.997,67.974346464413
88.164323,15.958223,1622.332,75.480887688483
88.166791,15.958648,1772.014,77.660547734004
88.005488,15.958019,2108.304,81.177412590512
88.067088,15.959810,2708.980,85.334227040511
88.081165,15.959249,1491.378,107.59501271052
88.053571,15.959584,1902.064,91.944421813056
88.212524,15.960465,4417.683,74.098484658676
88.064883,15.961647,15060.260,82.931594219402
88.104423,15.961157,7206.689,82.775726546589
88.256426,15.960821,nan,101.50468595677
88.253260,15.960332,2105.189,81.316165596344
88.230851,15.961480,5628.555,84.369047439342
88.110873,15.960510,1543.782,92.901052514735
88.109242,15.962533,15387.460,131.69172767527
88.170278,15.961660,2971.575,77.968864189410
88.096774,15.962094,4962.042,90.294289754772
88.032768,15.963105,13188.379,78.119502303496
88.218793,15.964537,43569.806,82.730239720222
88.153607,15.962194,4032.165,79.544118601029
88.086154,15.963394,9285.443,76.298006540872
88.256654,15.963413,nan,82.595052852009
88.143995,15.963127,1526.470,91.464010077846
88.060079,15.964292,3642.591,162.38166342277
88.035451,15.964239,3541.892,113.23974814060
88.134411,15.964731,4980.802,79.233713750190
88.198152,15.965026,9502.138,121.68611558458
88.179609,15.965567,12570.121,121.68126107795
88.194879,15.966814,60045.254,121.70387466512
88.090517,15.966871,22070.641,77.080139757464
88.081491,15.964813,1727.101,85.838332700447
88.034640,15.968349,43220.245,162.63498583124
88.036423,15.967498,1659.427,246.47590745163
88.032489,15.968435,2924.868,72.184649413363
88.123710,15.965925,954.895,114.36719787519
88.021388,15.966838,4047.681,85.206823879043
88.179120,15.969525,52538.361,85.215721935339
88.163333,15.969674,78602.100,73.466694703588
88.248208,15.967187,2776.761,86.268575691891
88.044536,15.968728,23589.898,79.573575363522
88.027478,15.967553,2975.753,74.195544149242
88.025271,15.968916,1502.449,84.685174847722
88.170822,15.967353,1342.544,87.677865425545
88.184775,15.969181,11374.402,98.558558236094
88.140814,15.968383,2797.410,79.042743040623
88.049395,15.968200,2136.712,138.35676373087
88.081590,15.968530,1909.510,150.40776725255
88.011993,15.968151,1593.171,80.361845596803
88.172392,15.970872,25275.731,230.18885757585
88.197482,15.970711,8982.462,70.146486171282
88.253259,15.971355,22346.710,81.083428418985
88.246856,15.972021,50093.253,93.310426939754
88.057435,15.970011,3811.763,88.858547224502
88.076662,15.976707,67102.780,97.715904897032
88.216771,15.972058,8249.642,218.69285022572
88.027041,15.971012,1969.646,218.71170196114
88.119236,15.972860,17859.680,233.82367518720
88.166970,15.972824,13340.919,75.861016868284
88.240448,15.973935,21525.932,158.39830408661
88.145517,15.976140,118030.295,197.41394209967
88.147601,15.976655,3375.006,197.32126650076
88.088627,15.974852,84177.699,91.575574449761
88.137835,15.971824,1999.221,75.220686428810
88.038484,15.975042,47829.217,78.193545691959
88.127049,15.978169,91431.652,64.296375824445
88.124958,15.978282,1177.065,67.380738859446
88.077731,15.973342,10163.271,78.951413297525
88.201366,15.972694,3132.251,68.010960199315
88.170482,15.973137,4311.345,80.317623308082
88.190955,15.972240,1389.217,77.386844582098
88.047023,15.973650,3752.801,77.380908736705
88.107953,15.973625,3889.945,77.391611111147
88.065502,15.973422,1552.896,234.91747899780
88.016314,15.974544,5365.511,234.88485386555
88.029646,15.974050,2077.805,73.966533571273
88.031838,15.974375,2656.004,75.851960178623
88.031281,15.976131,9147.634,73.456885295383
88.062020,15.977796,97167.789,69.935360920516
88.061764,15.979886,3055.546,81.762446522874
88.094684,15.974684,1295.265,156.70354624150
88.230710,15.976344,4603.898,71.268625154216
88.174798,15.975752,1456.587,106.43608514160
88.066288,15.976090,2133.893,71.117761212810
88.242895,15.977167,6232.233,72.259818125409
88.169437,15.978848,40842.708,153.40039137525
88.194798,15.975917,1547.375,82.639064067715
88.203206,15.978514,17717.786,71.485203936545
88.011019,15.977043,2000.202,322.91047314026
88.188789,15.977766,3341.313,70.525228256211
88.229487,15.981625,35631.934,70.533189040773
88.119679,15.978008,3075.781,78.669003547831
88.098307,15.977447,1337.273,69.449469158468
88.201895,15.981436,91704.401,74.407892549444
88.014396,15.977649,1426.367,67.523720937933
88.016311,15.978458,3403.759,109.91583159617
88.239479,15.978577,3274.342,66.674537707162
88.216230,15.978116,2507.238,81.099317885371
88.221919,15.978100,1514.772,105.95159580255
88.004939,15.977498,1652.255,85.559467297361
88.256059,15.980206,10548.612,121.00567799861
88.018935,15.979312,3403.021,82.119987506724
88.068519,15.981123,9486.986,76.895049069133
88.173537,15.982083,14681.393,235.60824054482
88.092167,15.981471,2503.169,104.16537490572
88.155491,15.983394,16471.877,96.224027634949
88.195575,15.981753,2119.841,72.121328233179
88.126275,15.982594,3995.632,77.697382838693
88.037207,15.985124,56799.534,74.551320042583
88.081344,15.984243,16385.256,74.736136196320
88.068618,15.984162,14519.751,81.207618063773
88.189974,15.983099,1681.050,76.757780059760
88.079017,15.983029,1732.228,71.898199781626
88.014755,15.982743,1528.770,77.154211388933
88.026180,15.983919,2864.305,205.35863862534
88.214688,15.983677,2335.297,87.812504671622
88.255587,15.983600,1550.499,89.306801572473
88.224095,15.984002,1353.965,73.589810691116
88.006815,15.983846,1063.924,78.681977986785
88.118252,15.987864,69803.064,93.760906536815
88.170294,15.985336,4217.572,157.33267958275
88.089057,15.985087,2367.143,75.721040518564
88.221235,15.987100,4088.241,439.25170414053
88.050113,15.986426,1241.494,97.271553941234
88.055068,15.986988,3323.227,77.639802944014
88.182424,15.989500,29176.339,519.67068722997
88.216233,15.987460,3726.371,84.637554566378
88.198817,15.991577,87644.959,76.160845957626
88.187579,15.990271,12062.892,110.33626812866
88.081671,15.989247,2100.412,110.31423249124
88.248240,15.993016,70208.299,87.645743005835
88.015488,15.989044,1852.630,169.05376084712
88.166655,15.990025,4511.119,92.435437943340
88.143671,15.991677,23015.196,130.98690257078
88.141710,15.992178,1483.009,78.087078404858
88.201626,15.990837,5599.528,78.076037172714
88.232125,15.991756,29093.431,92.671606225500
88.127033,15.990867,8909.009,83.928242328944
88.229457,15.991688,16097.198,78.284334406981
88.092231,15.990799,4036.843,99.436025627115
88.105537,15.991051,2346.821,88.166073073626
88.066497,15.992694,12566.458,109.72114124286
88.171589,15.991571,2390.507,92.763537649107
88.157134,15.992299,6284.251,72.670036264417
88.056941,15.992546,5686.085,74.028678647229
88.165494,15.992888,13388.698,74.019757889757
88.014225,15.993352,13737.798,131.94557696416
88.005640,15.992884,6837.525,69.958872568140
88.097108,15.992736,2432.920,68.412453928251
88.185338,15.992966,2354.431,451.80541611508
88.186647,15.994574,2452.712,65.779976765033
88.210592,15.995587,20889.745,85.771049264251
88.193504,15.994731,3224.298,90.016714184104
88.038324,15.993988,1402.756,75.738138464132
88.232070,15.998407,91824.229,69.742120678752
88.220676,15.995622,3809.514,87.593982682319
88.024655,15.995286,2393.826,72.206976239659
88.239430,15.997202,9599.994,110.30565374280
88.153896,15.996529,3500.114,75.555080581626
88.171213,15.996883,2080.273,77.120594139318
88.053334,15.997471,3909.481,105.96547555415
88.186708,15.997472,3173.330,62.692457089896
88.042810,15.998906,18601.226,72.115299252147
88.252923,15.998215,6326.671,74.794866324494
88.065006,15.997218,1545.208,72.344375700961
88.165281,15.999475,22159.452,106.05793748004
88.217775,15.997089,1174.551,78.593067780409
88.096399,15.997593,941.621,502.16462816202
88.228651,15.998645,1694.551,83.114227447030
88.080212,15.998630,1401.840,78.255760748694
88.214128,16.000298,12690.519,79.501895773954
88.208711,15.999786,2214.182,69.973812302853
88.225216,16.002855,106865.435,161.55146692936
88.026756,16.000948,3533.195,80.351892960772
88.122978,16.001558,3498.469,77.238034029532
88.254923,16.001278,2906.403,89.506943440928
88.182393,16.001919,2893.528,295.04995235524
88.043420,16.004523,44201.191,295.04397707613
88.208291,16.002837,4936.268,78.172526211672
88.117126,16.002807,2565.729,73.024240470662
88.020844,16.004438,18563.668,76.501402464841
88.196130,16.006355,76637.649,75.883527401228
88.198408,16.007296,3891.603,75.879774354776
88.090596,16.002613,1500.674,201.46367737463
88.084067,16.003702,4445.799,100.60260387589
88.069058,16.004000,4372.429,178.34046748829
88.052221,16.003530,1472.036,178.34417309653
88.054059,16.004329,2525.927,100.26490890833
88.224541,16.006191,52219.400,100.27293944047
88.133226,16.005970,17032.345,79.934861497130
88.062631,16.007991,32406.607,71.245306976281
88.060628,16.008999,52100.086,87.957161199528
88.216328,16.006798,18856.515,79.671842934231
88.214797,16.008014,1688.987,70.452355789093
88.253128,16.005955,3459.494,76.035579012299
88.104662,16.005815,1323.204,73.613462378903
88.239320,16.007338,6591.494,79.648584342382
88.034437,16.006980,5355.995,82.975151013952
88.245870,16.006606,1998.956,75.403950974879
88.107930,16.006089,1148.768,230.51374634193
88.037553,16.007232,2729.691,106.01741425863
88.065895,16.007958,6604.607,80.704878457129
88.024261,16.008787,12600.476,73.046689956544
88.203704,16.007260,1950.858,79.523503702147
88.187167,16.010581,59557.252,81.047502308932
88.078392,16.009762,13175.838,82.996846055736
88.160436,16.008864,3480.528,73.263841609499
88.154768,16.008790,2675.917,77.046217954247
88.172234,16.009399,4020.671,92.320723679285
88.047393,16.009645,5112.594,84.864100545308
88.236857,16.009631,3993.990,77.297336311555
88.098847,16.009202,1660.748,86.814391114142
88.112171,16.009062,1307.890,78.387551977462
88.045743,16.011648,12695.106,106.13976273012
88.118467,16.010692,3292.163,174.31140191821
88.075182,16.010578,3039.108,85.969048682861
88.223385,16.011317,2246.672,105.86491376782
88.248967,16.011079,2576.591,83.682368879536
88.154246,16.012707,13276.758,80.221175966735
88.053686,16.014288,54716.582,101.23077370546
88.162688,16.012919,12724.020,86.317010287150
88.024210,16.013456,13350.729,76.189277355365
88.238143,16.012638,2985.173,119.25616531743
88.210185,16.012500,2454.533,119.25897856978
88.143407,16.013800,12116.819,77.725495449842
88.110165,16.012841,2990.704,113.01395266118
88.217962,16.013098,1827.299,74.069551878652
88.105505,16.014032,5069.077,106.28978985206
88.105256,16.015939,43583.903,79.027287142040
88.034468,16.014091,5197.675,79.168990097200
88.150503,16.015140,17512.464,85.384136590288
88.157528,16.013575,2409.417,108.57561321402
88.012361,16.015195,16484.598,77.015064650298
88.141150,16.015112,4686.849,96.080765169598
88.101619,16.014159,1494.434,80.336589812101
88.112380,16.015699,9191.624,69.790832634626
88.071974,16.016515,15651.208,77.550697661108
88.136831,16.015842,2423.351,78.169047016888
88.115512,16.016956,8014.637,""
88.018346,16.015724,1804.244,""
88.069123,16.017987,4870.169,""
88.033241,16.017783,4957.652,""
88.145192,16.018188,1720.784,""
