#mjd: 60187.09669
#filter: i
#airmass: 1.229
#seeing: 1.6604197950000001
#m5sigma: 19.0398
#exptime: 60.0
#night: ut230830
#ra dec flux fluxerror
323.035681,0.135366,417490.824,2849.0385078095
322.991723,0.137243,37349.889,408.93721597254
322.962766,0.135599,1570.989,308.11586773296
322.957154,0.139790,53742.637,538.20142359677
323.058522,0.139527,7352.530,346.75457198512
323.115305,0.140631,14331.168,376.61948898415
323.018687,0.140602,8478.509,294.76961866117
323.041242,0.140925,14526.160,356.63334219162
322.939409,0.141679,6357.203,347.82527324453
323.126554,0.146648,25408.072,386.56329655006
323.051965,0.146936,11546.596,332.76762055109
323.011304,0.151320,44629.811,598.81504496617
323.011602,0.148386,4812.537,293.26909823122
323.052843,0.152327,13764.444,340.07765391010
323.100058,0.154193,6099.910,319.48017903788
322.938166,0.158046,243407.448,1796.2229466225
323.132759,0.154676,6520.452,326.22387469592
323.129165,0.157534,9074.735,331.45920462929
322.993586,0.161225,76995.713,648.49505696251
322.976141,0.162180,216095.442,1713.9014912275
323.026979,0.160199,6901.915,340.18969694063
323.014368,0.160500,12813.723,311.58662083379
323.122895,0.162690,25160.278,391.42875368599
322.953253,0.163415,22377.237,331.90819449843
323.116099,0.164360,10217.741,318.22291054797
323.025453,0.165381,55154.539,512.62227137829
323.010529,0.166323,14639.672,304.97564077500
323.160778,0.169495,6164.456,336.13428238746
323.163971,0.169800,14840.385,349.58184550141
323.030415,0.171586,7643.285,335.97562011335
322.997660,0.177843,70677.576,596.22310749383
322.969842,0.178451,111777.631,912.72947718448
323.029591,0.180496,5750.930,361.06699457911
322.939861,0.184840,25807.458,377.62465854780
322.961581,0.187234,159481.535,1299.5276607295
323.041615,0.187122,5444.138,343.13820798753
323.102070,0.188860,21064.114,353.45255397160
322.987923,0.190253,74366.001,632.12001898623
322.947601,0.189384,18526.611,327.91491027666
323.157127,0.189455,6338.798,309.85212940960
323.053233,0.189453,9966.531,371.43518952524
323.013554,0.191127,50378.009,435.72146041054
322.980542,0.193598,33051.133,418.77048282813
323.127053,0.193175,14206.711,329.67924728811
323.092603,0.195110,11793.892,348.50165316916
322.954912,0.197520,45363.869,499.35452002199
323.151143,0.199928,14928.080,364.97606337656
323.036262,0.201075,93904.526,716.45960024058
323.147878,0.201801,13421.823,349.05472078269
323.155954,0.202258,20137.292,359.04487709689
323.133820,0.204619,135269.399,1018.5873204546
322.973602,0.203068,12168.900,323.47138561851
323.029542,0.208016,23192.643,354.76036818506
323.014008,0.208349,22685.314,400.74362839652
322.949813,0.208925,7983.475,329.23106962180
323.149140,0.208420,6106.082,346.25171891643
323.117934,0.209744,26677.834,408.70584850297
323.159181,0.211330,68282.876,584.74140681722
323.097133,0.210946,9282.512,355.58614420486
323.166835,0.211332,5455.639,290.48059589534
323.006472,0.216123,16616.896,377.07276490360
323.004288,0.215938,10324.130,376.94101551029
323.033353,0.216354,10855.293,347.49824371882
322.987998,0.219094,10214.828,370.39663156399
322.966250,0.223815,199337.041,1555.1789388337
322.991693,0.221316,6953.152,338.85352258084
323.141716,0.221861,10161.611,317.46161926211
323.035714,0.224658,161615.480,1110.6779241611
323.093542,0.224727,70817.086,628.14462867110
323.005878,0.224069,10775.184,383.66312862561
323.068012,0.227562,396096.972,2793.6661448237
323.021160,0.225740,18589.944,343.62646031171
322.939622,0.226373,13161.416,345.74543022855
323.157699,0.226690,5573.738,299.32199706689
323.135245,0.228040,7793.095,339.41257722807
322.977110,0.231987,18139.933,391.79672466002
323.160815,0.231770,19887.599,382.65397010073
323.170345,0.244332,nan,983.89846166663
323.018300,0.236434,132534.060,366.54238935334
323.148304,0.234838,13623.163,1932.3082830993
323.015206,0.238497,425208.894,1932.6421085866
323.016970,0.240292,14250.727,391.34918043853
323.021849,0.235734,17326.894,487.53757211258
323.118558,0.237097,47625.308,439.92721144342
323.163401,0.237595,30964.363,591.69926454729
322.952594,0.240849,56861.354,1124.4594593970
322.972184,0.241920,150504.833,363.33733669978
323.072642,0.240127,14157.091,457.68838778680
322.960980,0.241176,40120.600,305.90792515377
323.154659,0.240623,8129.780,305.97040075445
323.153645,0.242686,11682.381,383.63307911306
323.020051,0.241570,7917.223,352.45074819521
322.946536,0.244221,10769.847,342.99355795165
323.138741,0.244354,6089.141,359.83597564446
323.118289,0.245930,7287.860,495.15596145657
323.101165,0.249106,47655.907,446.84548128038
323.000610,0.249993,38024.207,364.16451129345
322.996911,0.252663,15918.946,353.43552183327
323.129560,0.252806,5864.317,376.65354592244
323.001986,0.253546,9658.588,343.80473599431
323.108462,0.253641,22321.482,901.80562386466
323.139587,0.255415,106367.000,359.86366344847
323.007953,0.255653,12715.179,353.49094817460
323.011125,0.255618,8562.863,359.47269268095
323.059632,0.259271,18422.678,504.06243677553
323.039490,0.262325,56340.320,861.59687500976
323.077109,0.264297,133793.660,368.51019327939
323.161875,0.263384,17224.034,503.53943523316
323.130178,0.265027,52562.060,762.11481356018
322.942847,0.268416,86311.144,1437.7483560155
323.051999,0.270759,243707.397,343.57503032687
323.039366,0.269706,9307.433,454.17060800937
323.094134,0.271981,40092.450,1014.7282615512
323.058371,0.273907,142963.541,354.18715228719
323.027822,0.271262,4797.577,367.66128225175
323.120923,0.272816,28214.633,354.34797638608
323.078187,0.272142,7158.712,333.99185641030
323.049113,0.276109,15794.470,371.37441540633
322.958003,0.276640,20333.926,885.66127712390
323.139806,0.279363,96645.000,335.25256014771
322.975123,0.280397,5084.773,356.63596115048
322.939150,0.282088,5041.590,356.54617283748
322.937861,0.284098,9412.501,352.54097887111
323.058245,0.283970,28975.962,352.51555013832
323.060145,0.284179,12818.002,339.76860496808
323.036926,0.285370,12328.146,314.36089970964
323.165878,0.287425,9699.005,1782.0291105262
323.043945,0.290943,297762.560,591.15710262845
322.935355,0.289517,63056.948,339.45077168722
323.095823,0.293037,5848.981,360.31554047895
322.973623,0.295000,6648.894,326.89329392654
323.018317,0.295233,7577.199,328.26782812831
323.106322,0.297265,12833.086,336.57566502050
323.101954,0.299864,16955.639,378.41469682365
323.051860,0.300414,29598.829,510.76149405780
323.054227,0.301930,70322.923,355.30949090152
323.010537,0.301441,5239.130,363.28630455458
323.104308,0.304308,35811.414,358.03549768590
323.000136,0.303637,10780.661,901.97583723762
322.977215,0.307334,130983.505,317.63987757427
323.049865,0.308269,6194.628,307.48007526654
323.115060,0.308754,8206.770,350.06725952613
323.007744,0.310039,7631.270,334.56779617926
323.160543,0.310775,7581.287,358.53038743731
323.034053,0.311213,23730.541,325.22738889585
323.150717,0.310555,7559.773,384.87563692402
323.092831,0.313355,31283.560,379.32003719242
322.963284,0.316306,26808.495,342.16284612676
323.169792,0.315888,5189.513,334.93659098587
323.117227,0.316918,5378.292,343.59291346837
323.007598,0.319688,15718.511,335.48836216711
323.066482,0.319338,9177.686,335.39068200782
323.068182,0.320206,18091.709,314.71987970138
323.132562,0.319450,6779.418,418.86831951605
322.936251,0.320519,36157.154,351.93786247254
323.172122,0.323831,14017.890,331.05538997588
323.081812,0.322290,6854.067,1060.3197914137
323.108572,0.325370,142909.705,310.75096179952
322.966811,0.323496,7309.365,332.49186570077
323.041752,0.324456,5901.593,302.94004464575
323.171302,0.326828,1290.302,344.03134780840
323.074585,0.328909,17534.709,391.78890756860
323.160187,0.328969,17764.816,866.00816077199
323.085500,0.332288,129883.296,1465.1558526388
323.145348,0.332311,132848.152,317.07231232292
323.011259,0.334879,15527.866,361.37186706973
322.986196,0.337921,29472.824,388.77479969649
323.104142,0.338913,29896.196,293.80126072323
323.110827,0.340636,8267.635,432.86648466924
322.961757,0.341794,39307.086,317.29660777898
323.106342,0.341656,9743.599,285.39749571347
323.125687,0.341620,6480.003,330.68723735653
322.979039,0.343945,21777.750,429.48907076170
323.073758,0.346480,49417.989,396.61980522017
323.083932,0.347021,41194.814,322.41561467171
323.126992,0.346533,11817.625,333.12491407757
323.080892,0.347082,9130.787,355.26429838789
323.056961,0.350783,17730.416,330.03025653442
322.989179,0.353074,7643.622,486.74683550133
323.049742,0.354249,57275.187,313.54062716083
322.964936,0.353758,7983.196,445.51730949843
323.079832,0.357828,55670.472,303.13531792821
323.135459,0.357308,8348.391,307.95811969161
323.089039,0.357795,8945.405,294.80894974203
323.093525,0.358556,14163.625,1768.7893814181
323.101038,0.363720,252626.483,292.29468403084
323.113483,0.363349,8549.735,331.88414903976
323.088965,0.363846,19305.459,363.32819946463
322.971393,0.364979,30811.972,316.53184071740
322.939760,0.364948,10450.429,337.95726964789
323.116262,0.364910,17913.957,302.38309511421
323.025391,0.364843,8963.972,339.84081580624
323.015763,0.368163,18144.093,379.60753378367
323.144283,0.368941,25501.889,277.48714692663
323.135967,0.369098,10122.613,425.07304737059
322.944570,0.370644,39180.898,312.78718925308
323.082941,0.371674,15369.408,""
