#mjd: 59876.34539
#filter: i
#airmass: 1.413
#seeing: 1.005799605
#m5sigma: 20.3234
#exptime: 20.0
#night: ut221023
#ra dec flux fluxerror
88.009504,15.762803,3600.768,50.874265994581
88.101004,15.762787,1168.950,41.244315516802
88.197536,15.762733,1408.345,40.926767635420
88.058716,15.762958,2696.740,44.903938726460
88.178313,15.762944,1468.725,40.418630365170
88.001152,15.764083,7932.395,83.810281190515
87.994731,15.764879,11443.943,109.70517500235
88.118555,15.764315,8745.931,95.856804460097
88.109268,15.763824,1676.778,43.741730005165
88.150474,15.763665,736.573,37.852180002508
88.020036,15.764720,5627.861,66.825039283839
88.048567,15.765403,8757.090,92.949428502283
88.171490,15.764595,844.717,32.548897725926
88.120061,15.765515,3363.571,46.702472285995
88.130106,15.765546,4529.877,57.858263678485
88.003014,15.764815,1117.115,41.938573575935
88.077656,15.765261,1804.860,44.741178859200
88.091198,15.766048,3931.471,57.650574784197
88.078719,15.766897,5183.819,63.597583740533
88.008375,15.766431,1917.897,49.095070855766
88.185732,15.767118,3646.188,49.038054700637
88.013253,15.768385,27231.376,239.85814977152
88.197486,15.768271,22439.117,206.21744438336
88.099346,15.767443,3090.886,55.883033629866
88.047481,15.767591,1913.917,47.455295175949
88.062565,15.767057,616.762,35.002141387932
88.159352,15.767528,2530.372,48.472952480963
88.038249,15.768875,6819.855,78.408409521777
88.168422,15.768883,8806.611,91.496545648244
88.120169,15.768305,2004.319,40.281211115383
88.105318,15.768011,2499.692,40.217184192995
88.151773,15.767719,1079.381,34.979373085771
88.226841,15.768521,1299.362,38.811266291479
88.106961,15.770081,9123.978,96.433059571074
88.068661,15.769452,1026.396,40.573911216000
88.085924,15.769665,2607.825,42.420254751390
88.049893,15.770567,2055.833,46.501255940329
88.011007,15.770311,7845.547,79.289798427849
88.211575,15.769835,724.177,34.836596203022
88.022763,15.770007,1041.058,39.477278084687
88.149397,15.771449,19834.031,200.21229400058
87.994583,15.770720,4059.853,53.558822018334
88.199488,15.770986,1917.240,38.599007291744
88.224564,15.770719,2025.514,43.790829185597
88.036838,15.774795,73008.159,683.54460437779
88.182685,15.770765,1601.204,40.029431832052
88.035838,15.771538,2659.793,44.629654241263
88.013759,15.771812,4722.350,59.768867721639
88.081911,15.771257,1426.875,51.137986985588
88.138643,15.771295,1006.529,43.105893151907
88.072882,15.773295,34858.778,342.10050214008
88.168299,15.772720,17433.473,170.40188025889
88.054767,15.771187,995.599,46.807421265809
88.113838,15.771722,1329.010,37.661146932506
88.045822,15.771348,658.113,36.831659907078
88.008042,15.772809,9896.668,94.091978293203
88.117008,15.771716,684.203,40.893466817302
88.051054,15.772704,3947.451,62.266928090439
88.125433,15.772350,873.181,34.642276021157
88.203851,15.772801,2185.115,48.195270295713
87.989799,15.773650,7872.393,75.558131905384
88.043590,15.772521,833.769,36.168610126725
87.993758,15.772860,1427.544,39.451606142188
88.146132,15.773970,7522.692,81.583655399724
88.083397,15.773088,1533.568,37.107068402798
88.206914,15.773680,3336.590,51.564232929599
88.188034,15.773809,1081.956,40.582856081559
88.123253,15.773513,792.117,34.586431631742
88.133886,15.773742,1124.322,39.415186597449
87.994260,15.774979,4509.298,50.963001106991
88.066723,15.773951,764.230,35.897584584888
88.170218,15.774719,1439.497,38.519278396695
88.049029,15.776458,29965.244,317.77993784857
88.118396,15.774979,1457.564,46.211349033344
88.176263,15.775134,1519.431,47.816519749885
88.074393,15.774923,938.209,38.876182759253
88.201729,15.775251,538.897,42.013634188906
88.007186,15.778939,81876.559,731.65035769873
88.045737,15.776633,7757.415,83.264643581575
88.216943,15.776703,13918.163,143.89192558670
88.167432,15.776407,6241.037,74.160153213952
88.206197,15.776857,14354.507,123.59734684492
88.056554,15.776098,810.971,35.269882277193
88.131317,15.776184,611.771,36.955921017755
88.227844,15.776898,3616.048,53.749610468671
88.157508,15.777315,4208.303,59.839999473913
88.020092,15.778263,23462.129,211.94803250232
88.142030,15.777658,2670.602,48.933652940386
88.014062,15.777377,1353.559,36.170629774518
88.050965,15.777925,2202.629,46.994990640758
88.056318,15.777928,1310.063,38.024929754259
88.079090,15.777371,1121.818,41.329026733868
88.054072,15.778345,4176.551,51.111406408801
88.102804,15.778079,1653.316,40.920857766605
88.084300,15.778183,809.377,38.178581123580
88.232566,15.778665,620.875,34.448683150248
88.150068,15.778998,2218.676,42.367699837121
88.011981,15.780114,7833.037,82.376976379795
88.164345,15.781911,48825.275,453.07628708471
88.203959,15.779905,1176.558,37.876130065967
88.222263,15.783969,171316.412,1434.3974935892
88.000525,15.780928,5041.416,66.062789524731
88.045998,15.780632,1025.272,41.082385856668
88.136401,15.780343,710.787,44.034891961796
88.200564,15.781994,12501.261,140.34939314233
88.227719,15.781231,1342.079,37.715745646018
88.124640,15.780970,965.851,38.779314278188
88.147678,15.782023,5724.873,57.696911039814
88.142274,15.781243,1201.879,46.236868893333
88.068483,15.784224,60398.741,525.73162609667
88.155082,15.782086,2608.818,41.941364519444
88.139724,15.781938,913.105,36.152729566106
87.985586,15.783073,10123.273,100.00948608592
88.178576,15.781989,1057.232,37.310030212145
88.029841,15.783127,1470.686,41.385526649047
88.186529,15.783123,901.490,35.147638847062
88.122662,15.784395,13203.936,133.08692359470
88.012857,15.785810,76959.639,685.00435963199
88.071562,15.785707,5379.254,75.038582104932
87.993683,15.783631,1579.969,36.469976476728
88.194319,15.784274,1957.641,39.673235822208
88.104747,15.785689,16059.831,157.87631652783
88.166631,15.783895,941.394,34.742504838418
88.017040,15.784269,1101.873,35.215845759032
88.189375,15.784505,999.915,34.398915130759
88.179697,15.785188,10529.309,101.62919037983
88.065379,15.785042,3851.324,48.821074503947
88.017965,15.787089,53864.489,565.64755416183
88.201598,15.785656,3746.123,55.217388116609
88.135211,15.785322,2567.453,41.593066136428
88.001698,15.785008,1184.569,43.333182487526
88.162700,15.786564,14177.848,121.47359339967
88.145283,15.786976,22490.019,186.11366725930
88.128487,15.786659,5653.719,63.006331533102
88.089556,15.786379,3899.796,44.371490921838
88.004249,15.786783,9491.777,104.11331568232
88.074529,15.785909,926.267,41.068040819699
88.112998,15.787591,13083.421,117.52451423408
88.057736,15.787257,6358.236,67.212615674727
88.192964,15.788402,19200.874,191.54832323499
88.050573,15.786538,971.161,41.038373030660
88.191120,15.787647,4586.755,54.346811445818
88.165643,15.787223,1725.942,42.346016411921
88.141179,15.790709,105529.344,955.46028542657
88.080163,15.787738,1511.577,34.820220250289
88.048475,15.787133,882.944,44.098658753893
88.004050,15.790411,92916.113,832.09432909897
88.196255,15.787876,1262.466,39.516572817109
88.179797,15.787527,979.770,38.267203344085
88.010038,15.788286,1948.989,47.215817387770
88.221217,15.789111,8042.796,87.304504265213
88.115593,15.788444,1881.104,38.629393814545
88.133891,15.789432,8042.297,79.325233841518
88.150024,15.789549,3325.414,46.651884637802
88.174773,15.789581,1784.056,37.262757629970
88.041001,15.789315,905.351,35.865924729732
87.998287,15.789631,1353.975,40.380019913387
87.985499,15.789319,1376.549,42.795719391626
88.096627,15.790309,2468.395,44.541143791824
88.147351,15.790316,4485.229,54.941602322789
88.230083,15.790351,2783.365,41.842757329512
88.225241,15.789849,1190.258,45.893275474694
88.232495,15.790837,1062.828,38.062350762477
87.982912,15.790378,654.971,42.163705287490
88.162248,15.790387,518.796,39.740794609243
88.123580,15.792295,18822.953,185.74421115597
87.990777,15.791945,5158.655,65.384663175622
87.988523,15.792768,10962.104,123.41166178324
88.059525,15.792481,8179.211,86.898585507538
88.218726,15.793540,21330.638,246.13852732599
88.019118,15.792501,4443.896,54.174588198133
88.161601,15.792235,4056.268,54.062331676646
88.220244,15.791865,618.374,42.126030821531
88.194933,15.792267,1648.653,39.092286496647
88.082156,15.792503,2726.210,43.540949650021
87.988317,15.796416,100090.053,869.88455320492
88.188888,15.794627,20455.385,191.72647794824
88.114493,15.793772,2581.975,48.65232608637
88.172676,15.793984,2948.840,46.186252273530
88.118484,15.795042,9586.626,109.36973315414
88.192557,15.796123,46177.057,474.85964164450
88.224546,15.794573,2833.482,50.204194663957
88.175275,15.795721,9412.083,104.44208911536
88.083230,15.796843,21007.064,218.98323300748
87.997103,15.795154,2919.742,40.082167798592
88.072836,15.794627,837.955,38.761607809935
88.085241,15.794999,1474.168,35.437826995047
88.006732,15.796290,9573.410,101.46623024137
88.081872,15.795466,1863.992,40.202194914727
88.041452,15.794929,855.698,37.511843598746
88.207283,15.795791,1361.970,40.452440126898
88.003593,15.795543,970.982,40.218751780585
88.146420,15.796351,2830.002,48.332477671186
87.991517,15.799397,79499.785,786.90074698058
88.226888,15.796421,682.446,39.163624437858
88.169207,15.797118,3866.748,47.163056916471
88.189518,15.798327,8787.092,88.262689352555
88.151638,15.797407,3120.725,49.591780440754
88.159787,15.797416,1574.753,42.156086068660
88.041342,15.797002,993.536,38.793634151316
88.120873,15.798384,7991.175,93.542138972513
88.071689,15.798049,3549.249,55.033471217996
88.221027,15.797229,578.075,41.472802715104
88.151655,15.799278,25830.405,252.66201657126
88.126060,15.798048,3267.674,47.734100396602
88.206360,15.798464,6002.997,70.917673223332
87.994589,15.799825,36945.160,367.66676123325
88.129943,15.799729,13517.556,148.48644112193
88.027287,15.798505,1593.634,45.552473416244
87.983905,15.798369,2391.190,44.597648054849
88.123754,15.798437,1981.148,44.179169989509
88.096894,15.800602,17403.346,187.50618717540
88.043899,15.800784,15253.765,139.74273127708
88.090145,15.799990,1150.951,38.745445849606
88.160121,15.800178,1222.456,41.295091248687
88.030591,15.800410,1444.500,41.412103472392
87.985374,15.801388,3281.165,51.573953283019
88.109247,15.800887,912.312,40.350164593722
88.102153,15.802668,20151.441,199.56261473764
88.103053,15.805284,98903.217,930.38992634424
88.207789,15.802318,4291.063,65.939322324666
88.040199,15.803036,10574.845,111.19358253049
88.222397,15.801681,572.966,37.211017116406
88.171490,15.802978,12509.030,123.58436610462
88.056984,15.801836,629.371,42.913850389325
88.069592,15.802036,598.124,40.174674420798
87.992033,15.805482,154492.772,1493.0112155178
88.031211,15.803661,8204.569,83.438315078035
88.167362,15.803456,3493.048,52.234185434199
88.024895,15.805841,107844.061,1072.0630778837
88.226043,15.803943,9432.236,86.759640303958
88.136646,15.804809,23016.808,248.80314432439
88.190452,15.803609,4003.045,50.460187032267
88.187097,15.806457,47151.402,463.97936666008
87.993004,15.803866,1684.716,942.64964604378
88.177148,15.805895,35299.807,337.89708973558
88.165125,15.804567,4212.469,50.825437116850
88.087876,15.804665,2072.605,38.391040748354
88.020114,15.803995,726.389,42.947672033054
88.033549,15.804705,2572.643,52.464844285571
87.987777,15.805521,5755.927,73.949330040098
88.043101,15.805062,660.887,39.598209981802
88.129641,15.808176,67067.743,685.48268010624
88.065879,15.805140,785.328,33.261052974314
88.149217,15.805256,737.696,33.198889488651
88.001965,15.806438,3942.960,67.372170919840
88.167082,15.805954,1577.731,39.116882168764
88.062688,15.806166,1079.423,33.129950645381
88.190017,15.806198,1996.972,41.751188958324
88.143418,15.806841,3623.671,52.160552194185
88.099956,15.807209,4630.415,47.897442606834
88.097847,15.808501,24615.717,217.43393016035
88.153995,15.807154,1049.465,31.561334991607
88.008094,15.808767,27767.192,309.92114029629
88.016456,15.808826,14529.913,157.10784944386
87.991244,15.807574,2443.645,46.412653823940
88.171763,15.807706,2433.335,42.197532261939
88.013991,15.806723,601.180,36.884095512811
88.157604,15.808162,5152.508,60.975938338740
88.017701,15.807358,709.924,53.064865104839
88.227771,15.811718,176149.055,1682.9460081524
88.122839,15.808123,985.754,35.097693981163
88.067389,15.808478,4083.276,48.072181504184
88.193521,15.808640,2467.321,41.694872647902
88.226302,15.809310,3565.310,53.306964958421
88.102169,15.810075,15692.363,136.81258088455
88.173742,15.808266,831.747,39.460610864126
87.985954,15.809278,2218.267,43.404513520196
88.121834,15.810699,20698.441,219.48577726826
88.023334,15.809359,979.777,38.661584344259
88.217574,15.809165,828.584,37.434891332291
88.206879,15.810714,8503.001,93.442500497648
88.038263,15.810298,3058.923,44.612281307195
88.155827,15.810066,2060.288,40.674209770486
88.213203,15.810100,1157.380,40.834636715020
88.087216,15.811510,4125.759,51.296353611237
88.188078,15.810653,699.538,39.042678128792
88.028216,15.810693,731.038,44.028186686896
88.231037,15.810747,1446.700,34.772554676458
88.227592,15.814464,81877.216,766.59632887456
88.142697,15.813487,50034.719,519.74931582932
88.024417,15.813018,16696.395,166.36325145689
88.212854,15.812238,3960.803,58.746440139094
88.198716,15.811910,1628.916,38.200520998929
88.195004,15.811580,1049.436,37.414984460197
88.010932,15.813414,25452.779,276.75485262272
88.037511,15.812259,3268.414,52.905347884931
88.176638,15.812007,1096.647,38.101634582592
88.102362,15.812772,2899.342,50.181108590297
88.209754,15.812619,1619.613,39.853793216031
88.218234,15.812640,1362.298,40.705331916395
88.097235,15.812411,1017.804,40.620434570438
88.050808,15.814667,24826.139,230.83262860735
88.175276,15.814562,20604.883,205.71269405112
88.180616,15.814191,12395.510,115.09088530967
88.166145,15.814641,17242.466,174.19959536636
88.162360,15.814362,15586.800,179.21461754777
88.171804,15.814801,8675.346,99.654875335781
87.995922,15.814883,15908.111,167.20557568697
88.000161,15.813729,1430.489,41.404677157243
88.189157,15.814119,1533.690,43.262610437619
88.168053,15.814188,1712.640,58.501701150186
88.046308,15.817222,130309.611,1155.4611675362
88.104922,15.816471,23039.854,222.22856403119
88.204968,15.815635,6494.030,79.843573865727
88.229958,15.815437,3835.015,55.783487934534
88.065158,15.815064,1044.809,37.571444978280
88.079897,15.816954,48734.392,430.07406804645
88.040507,15.815547,2874.801,49.602872434451
88.093334,15.816249,7413.229,80.561124761017
88.153175,15.816029,3689.824,57.339277799389
88.222631,15.815736,1653.732,42.699557978683
88.002456,15.815744,1790.211,44.978859335062
88.170801,15.816551,7346.192,81.044120710258
88.077249,15.816386,2567.730,49.397365274147
88.157311,15.817260,8754.617,116.88043378462
88.160956,15.818536,35919.432,376.46543784041
88.138052,15.816690,1412.990,47.223065157952
88.122041,15.816349,580.465,39.774574532438
88.184134,15.817144,1432.027,40.657265999013
88.074250,15.818029,6464.424,70.239868933702
88.231532,15.818088,7112.300,93.925305367067
88.179097,15.817347,818.947,36.581552416262
88.183063,15.819433,25307.234,272.99181321837
88.007482,15.819880,33789.925,335.89331690591
88.070716,15.819407,9326.485,108.20026068092
88.189046,15.819058,3263.773,54.001248051995
88.192173,15.818867,638.936,36.708772641108
88.050735,15.819465,3899.517,49.188650126541
88.156230,15.819089,1076.756,37.339299358774
88.212975,15.819790,2583.591,44.535908927402
88.094342,15.819738,2768.969,47.539356797060
88.004962,15.820641,18319.499,204.90580014819
88.073012,15.821916,59284.555,553.15531749332
88.228693,15.819982,1407.840,39.972238636683
88.103262,15.820251,2364.887,42.142164855498
88.149313,15.819613,554.155,38.067811017065
88.010342,15.821085,9325.132,115.95960585913
88.226981,15.820796,2395.517,51.340859425653
88.123764,15.821569,6205.705,69.091991133600
88.110769,15.821574,10524.351,104.23354365433
88.167812,15.820738,722.889,35.559427050351
88.084192,15.821182,1927.649,42.427950647934
88.198107,15.821766,1961.284,47.230000448554
87.993521,15.822104,1715.045,44.461541357594
88.051068,15.822136,2191.660,48.972770296721
88.179147,15.821925,1464.020,41.190614892368
87.983823,15.822271,3036.372,50.016267116241
88.034835,15.822728,4570.029,62.200285948807
88.214221,15.822603,2907.732,40.250888029811
88.001945,15.822615,1691.504,45.837689149671
88.075143,15.823046,741.047,37.355884330213
88.085306,15.823333,1815.072,45.932252259220
88.229216,15.824444,9452.438,104.53179362601
88.181752,15.823847,842.177,36.255921638267
88.137140,15.823956,880.816,36.245992237946
88.098883,15.824231,1357.336,42.166078699805
88.131133,15.825974,3391.175,47.934982301213
88.108782,15.825678,2199.679,43.696036944018
88.039168,15.825785,3829.345,50.248984053537
88.089239,15.827710,7621.970,79.055123841620
88.109002,15.827821,6867.358,77.427005360180
88.181731,15.829307,30576.455,308.46280639860
88.218090,15.828070,2803.091,46.492725526830
88.030738,15.827503,734.288,37.872905950471
88.134709,15.827546,1273.732,36.363718477787
88.050160,15.827960,3326.709,49.176733872365
88.005189,15.827561,941.690,42.714052198683
87.984264,15.827230,862.294,44.286532618449
88.068752,15.828376,2142.698,43.599416684347
88.210941,15.828226,927.328,31.031806022049
88.103425,15.828930,3811.985,52.847265585481
88.028291,15.828178,726.157,38.796442358778
88.068582,15.830242,16775.348,162.16550762890
87.994440,15.829678,8794.865,89.931768898575
88.023145,15.828507,875.725,37.935797494593
88.174850,15.829313,3328.895,54.072651894428
88.187440,15.829929,9820.020,98.317418883617
88.134321,15.830024,3230.911,54.715673204887
88.039904,15.829496,1890.324,38.050790829882
87.984297,15.832096,93101.052,844.77302732130
87.991163,15.829511,1326.315,41.004503461977
88.183342,15.830483,2910.637,54.622044057753
88.166289,15.831133,7687.808,93.605196801847
88.175089,15.832184,17106.704,185.81747979545
88.201563,15.832562,11460.696,122.13582802687
88.051197,15.831821,540.474,36.311305475371
88.179485,15.832906,1714.739,43.781826057546
88.161487,15.833184,1320.275,44.177647770099
88.057090,15.833499,1948.151,46.190223423327
88.061937,15.833657,1073.856,34.782627750280
88.168851,15.834119,2878.887,53.304920518469
88.007228,15.833224,1012.270,36.759130577667
88.001981,15.833485,905.590,35.186763913960
87.993087,15.834000,838.648,33.308669004621
88.200712,15.834546,1539.744,43.356509392977
88.023384,15.835200,8957.054,96.103902952691
87.992516,15.836455,48577.173,518.52130375857
88.036350,15.835286,8970.682,91.497171600399
88.105682,15.836070,39173.846,399.49530599418
88.181094,15.834597,1588.757,45.470104113386
88.210774,15.836927,10318.894,132.56572103745
88.071220,15.835124,1739.725,48.967653936328
88.148573,15.835197,1004.031,38.451925915610
87.987179,15.835365,1393.052,39.415530056019
88.223771,15.836458,8778.134,114.41059792642
88.012116,15.838201,17785.034,204.20448474762
87.994994,15.836355,2437.779,47.525145872276
88.101271,15.837425,10444.908,109.56454258248
88.195048,15.838200,31645.673,311.79892569208
88.049221,15.836718,1082.308,44.547539299031
88.079470,15.839578,48543.770,405.87598788954
88.126495,15.837221,727.824,38.988478943303
88.046143,15.839707,36036.349,352.04531016683
88.136902,15.838178,1425.810,42.324612221293
88.216055,15.839109,3299.365,55.834354069411
88.197237,15.838893,2396.850,46.216596821711
88.228420,15.838841,1691.725,44.836591527263
88.065798,15.838955,1538.302,35.376804569681
88.203346,15.840237,7118.495,87.097480684647
88.075312,15.841178,35974.589,317.86426321246
88.192874,15.838917,982.761,34.313004745065
87.988971,15.839368,1119.372,41.120658222390
88.016960,15.839065,1001.998,43.005577057680
88.001696,15.842659,106119.672,1176.2335111587
88.122474,15.843324,137514.351,1363.1301350110
88.039960,15.840010,1343.461,42.228326129499
88.231680,15.839567,597.852,35.232766360476
88.109506,15.840824,3294.849,49.450747054127
88.185377,15.841088,2419.134,49.739971793643
88.165595,15.841075,2960.362,49.249591144696
87.985919,15.840365,1015.629,43.733303111233
88.169946,15.840890,2440.465,39.748549353557
88.057678,15.841271,4304.841,59.166956077342
88.151916,15.840970,1601.621,39.244555814063
88.013903,15.841238,3405.807,53.551023728631
88.123578,15.841139,1409.183,42.787610410850
88.018277,15.841135,1570.937,39.067354006372
88.052927,15.841745,2955.083,53.225696851219
88.024801,15.842569,9106.019,94.811733076120
88.211016,15.842021,2915.266,45.898102072439
88.059412,15.842226,6984.985,74.979166400265
88.143394,15.843014,10131.960,110.69759734951
88.120027,15.841633,696.517,39.620938625879
88.076553,15.842559,5032.470,64.820952427206
88.218675,15.842400,3294.812,52.087611289946
88.068070,15.843797,28390.247,289.79884651173
88.132837,15.844059,18512.147,183.58851753416
88.036124,15.844355,40011.581,377.06640363983
88.119178,15.843608,3766.866,58.820289844862
88.157815,15.843063,995.525,37.822408238861
88.208410,15.842911,810.820,35.923469138020
88.181195,15.844142,6372.992,71.780321256166
88.051059,15.845223,13300.686,123.80106108259
87.986717,15.845763,18390.656,185.98101565240
88.104161,15.845796,7725.089,84.286267065463
88.172468,15.845155,768.802,35.141398975981
88.047137,15.846499,6131.961,67.438375429267
88.080052,15.846279,3685.089,54.333092480421
88.216752,15.846542,1390.630,36.537742034907
88.144466,15.847016,3442.019,51.527473291974
88.108289,15.846047,459.060,34.720568092289
88.147067,15.846686,973.862,37.716450213262
88.118315,15.846467,850.488,42.899933857017
88.132020,15.848853,44158.760,482.11719312471
88.132901,15.847078,1559.471,33.909722570718
88.185551,15.847168,1014.183,37.904927467707
88.147922,15.848660,10759.533,119.05799033906
88.012432,15.848923,9826.115,109.96973543073
88.158904,15.848700,4972.799,68.709028770988
88.152046,15.848947,4657.768,65.084955102672
87.988975,15.848221,862.999,38.646049662895
88.129960,15.852064,164799.326,1791.0950558233
88.027500,15.850978,28227.966,252.64592199289
88.154813,15.849360,1936.231,40.497057794693
88.219311,15.850084,3324.935,48.939868636505
88.184956,15.850066,2449.884,50.096956307787
88.001634,15.850245,4355.183,63.071273159726
88.098085,15.850230,4510.526,60.346563174136
88.199611,15.850253,4765.440,61.452965128267
87.986442,15.850063,1578.603,41.027475754569
88.225734,15.853783,90131.505,1066.6724075309
88.212722,15.850521,1324.782,39.111687048131
88.091539,15.850863,2971.685,53.290425218445
88.148833,15.850534,1559.236,41.992927300647
88.174233,15.851284,5213.278,58.371461593720
88.086004,15.850841,1266.389,35.760994114199
88.089510,15.852001,1541.043,45.331693522686
88.004815,15.851798,1166.245,43.446975479312
88.157286,15.852072,1001.956,38.043721244928
88.163998,15.852128,1153.898,40.916949621639
88.017599,15.853094,7013.130,78.956786215255
88.212829,15.852640,2381.661,42.642757100677
88.137275,15.852039,1049.443,39.336893798557
88.059145,15.852477,730.464,38.254280172126
88.071753,15.855347,50938.214,468.86519510343
88.183314,15.853528,5864.277,83.811552589422
88.144812,15.853352,1317.236,42.064624897089
88.179113,15.854157,3809.756,52.031383209892
88.086326,15.854555,12019.380,122.83947014236
88.045789,15.853930,2138.827,46.168320416959
88.163000,15.853799,2355.238,56.824109071787
88.124772,15.855557,2953.437,69.362576691866
88.136090,15.854918,3686.879,58.355051363523
87.990214,15.855553,9807.222,112.30571026061
88.175681,15.856052,14138.361,165.19041220132
88.177772,15.856569,15362.309,191.05235218076
88.207532,15.855720,4360.753,62.483271711777
88.096646,15.856261,6473.676,80.471583836400
88.042558,15.855003,842.257,38.509936607109
88.127690,15.855704,3111.226,52.893691746324
88.075564,15.855438,958.080,42.384131717751
88.024478,15.855489,938.664,40.442883863438
88.003572,15.857055,10000.086,133.05647232875
88.100737,15.856791,4938.500,66.614965211870
88.166486,15.857438,18035.918,199.26555074397
88.026272,15.857091,6350.213,80.976323522050
88.020648,15.860460,88910.465,919.42877174581
88.143054,15.857118,2187.338,47.614034978062
88.034402,15.859369,34842.567,349.10214122898
88.106196,15.857724,1560.352,42.906217168665
88.037599,15.857701,1522.061,42.816843682212
88.080511,15.858966,16761.696,172.49024998085
88.108423,15.859347,23749.719,262.89079027138
88.230524,15.857901,1082.828,39.140322510093
88.040918,15.859741,37688.037,330.20712411604
88.009881,15.858284,1545.302,44.486577557202
88.032082,15.859345,14249.938,156.09878212599
87.992983,15.859158,4789.485,61.697676728468
88.177644,15.859038,1983.738,48.959901129919
87.984439,15.858295,703.162,42.820688453390
88.203413,15.859429,543.128,48.818071941160
88.151743,15.862244,85574.604,945.31755407184
88.139163,15.859983,3001.400,56.354580926082
88.048108,15.859672,1188.426,37.538997660193
88.020909,15.862679,77551.330,773.84957065443
88.199335,15.859986,1359.510,40.991229186612
88.122655,15.860262,4654.354,62.598157154094
88.030459,15.860798,10463.862,121.63711122315
87.999868,15.859385,576.484,36.090641996551
88.141086,15.861073,5886.634,74.997875737503
88.220409,15.861631,9549.905,114.61819649539
88.099355,15.861316,7770.032,86.104857639707
87.986661,15.861685,9019.866,101.77844420544
88.217593,15.861320,1803.201,35.541589703278
88.136661,15.861504,1429.622,36.498479071082
88.038335,15.862346,721.927,38.136969063804
88.050382,15.863643,7976.067,97.254411613506
87.997096,15.862548,890.693,37.749317398612
88.179520,15.866309,41995.662,482.01063808886
88.082284,15.864189,8474.246,107.11781627325
88.100474,15.863762,1224.187,35.498827950770
87.996943,15.864499,1811.089,36.595288134356
88.198116,15.865246,3169.235,49.066837550810
88.230251,15.865312,3415.337,57.641113576035
88.120022,15.864425,497.734,36.123817608950
88.013911,15.865059,1827.650,40.005076767544
88.126481,15.865142,1104.962,34.498315343070
87.989917,15.865369,1003.854,41.217170753495
88.085875,15.865710,699.958,34.015520567586
88.018730,15.866572,4692.257,53.759962686748
88.105629,15.866622,1006.087,35.346392412778
88.175937,15.867653,5659.406,82.284755758545
88.195290,15.866446,598.096,30.335187657835
88.112487,15.866438,726.865,34.305888609525
88.165931,15.867505,3936.990,60.565015105942
88.036565,15.866522,945.737,37.151692821666
88.029574,15.869195,16310.957,179.40657668504
87.990211,15.867940,717.670,39.128502141111
88.133781,15.869453,10029.863,111.60934339587
88.174025,15.868637,1405.243,36.491354300469
88.198085,15.871700,135287.844,1400.6923253236
88.057857,15.868553,781.845,37.081932610227
88.141735,15.870561,15097.233,195.50641678734
87.995946,15.870197,15241.361,167.00428981139
88.146835,15.870276,3502.852,54.587153779198
88.096552,15.869622,1475.053,39.022655912743
87.986628,15.869333,715.757,40.677433736271
88.117011,15.870127,3233.404,56.980265071841
87.993996,15.871032,8645.411,98.807590471940
88.229089,15.871726,19149.827,208.01088435353
87.999786,15.870531,1311.337,35.723974743279
88.063855,15.873719,72892.734,706.26466532050
88.160717,15.870559,1014.709,43.065029739858
88.080453,15.870616,935.687,39.663692674499
88.224017,15.871385,3563.642,57.621781166616
88.163715,15.871110,1954.286,45.939518270254
88.149598,15.871629,4955.076,59.573008401200
88.154513,15.871130,815.940,37.058209364026
88.056764,15.871390,625.664,38.209217565300
88.201326,15.871385,882.026,43.837111395024
88.034328,15.871751,2904.625,50.822330575780
88.212079,15.871675,739.862,37.193999326599
88.205350,15.873727,3585.670,70.310120120098
88.220517,15.874989,66817.173,729.51507382766
88.125965,15.873253,4969.387,66.332214147923
88.029583,15.874719,46541.748,454.83782819199
88.027355,15.873122,3150.558,52.221770711077
88.208228,15.872843,1008.025,37.697701707350
87.998238,15.873270,1365.812,37.506949532543
88.166541,15.873793,2165.277,43.378356701599
88.003263,15.874007,2129.605,41.087369911478
88.214077,15.874845,3744.198,56.788859751080
88.187056,15.874691,733.742,44.270296715615
88.078676,15.876796,31070.457,297.11262094843
88.104876,15.876678,10419.573,100.58439781258
88.062746,15.875664,2513.465,43.562832180651
88.007067,15.875340,1259.403,42.000468980776
88.182797,15.875257,1208.483,43.919548312918
88.074204,15.875746,833.538,40.997537172511
88.217074,15.875770,1350.553,37.414826250736
88.119925,15.877658,2540.328,47.507532354573
88.216506,15.878080,1180.791,38.367582291308
88.084317,15.879928,33510.018,312.08578582759
87.985618,15.880436,72754.274,756.28962280166
88.092711,15.878558,924.280,39.719737903515
88.034313,15.880442,6502.915,83.699923870123
88.124243,15.880203,3338.253,55.999795491686
88.057669,15.880571,3833.870,56.707167661149
88.135102,15.880422,3600.889,50.117513191479
88.194109,15.880592,1996.286,35.344292123687
88.079357,15.881191,6049.873,69.656260786865
88.111662,15.882220,23689.947,260.39239090868
88.183389,15.882581,14981.272,177.71733450155
88.019504,15.882216,6237.528,77.618666056983
87.992367,15.883671,58135.243,576.25944118911
88.105881,15.881032,987.640,35.203903152072
88.042243,15.881376,1600.892,40.871780148055
88.158365,15.881287,711.475,34.986973266965
88.128782,15.882062,2736.470,46.569864435177
88.230012,15.881435,1557.841,36.919232755678
88.123798,15.882865,11076.124,119.77193394408
88.046204,15.885554,112341.446,1057.7363589227
88.211008,15.882686,1388.633,42.747518562843
88.004305,15.883096,1430.147,42.749567266425
88.102359,15.883882,6593.482,81.635558859892
88.016518,15.883455,1818.108,41.052176690091
87.996870,15.883555,1299.397,37.956050736639
88.137310,15.883725,716.326,37.104780154861
88.027893,15.883758,854.306,38.661244340369
88.034165,15.884342,3383.742,52.908363241611
88.174101,15.885486,13970.005,162.68998881134
88.231890,15.885968,18763.586,210.07349138052
88.154279,15.884528,2149.841,46.098150280594
88.031173,15.884156,1348.795,40.782621812312
88.214481,15.884322,1544.724,39.922411258723
88.171929,15.885573,10306.255,111.02933207440
88.073772,15.884385,1766.624,42.533471855424
88.122976,15.884757,3808.417,55.409795972627
88.146007,15.885227,3500.206,59.209178950596
88.019011,15.885640,9008.250,87.204293151225
88.076648,15.888011,122906.662,1066.6683991077
88.089938,15.885791,2646.202,53.266570124889
88.084351,15.885742,2609.169,43.567692429613
88.082549,15.887069,62833.876,564.07977444362
88.169975,15.885772,1668.859,40.354529626958
88.004285,15.885712,2056.054,40.932156426147
88.032259,15.886221,2804.079,53.564530954460
88.121045,15.885606,650.480,34.909721763389
88.127852,15.886606,3801.182,53.983697737903
88.087688,15.886986,3582.205,50.027544900239
88.142615,15.888013,14408.829,176.68143584189
88.002157,15.887094,2464.149,41.777431605310
88.040369,15.887320,1389.441,38.880445937461
88.011372,15.887373,1139.705,39.816264889539
88.136963,15.887168,520.225,39.378047777332
88.186140,15.888492,6622.864,89.783036006028
88.046109,15.888457,3773.261,49.895146626210
88.069514,15.888262,2095.406,40.200276627558
88.170785,15.888321,3080.719,51.077470986591
88.130391,15.889115,3516.149,50.269463077611
88.133008,15.888774,3087.240,52.326963256231
88.134956,15.889282,1970.960,40.497267962280
88.193124,15.889722,4831.064,72.884734122979
88.148799,15.890150,6423.542,74.879698436181
87.991467,15.889987,4695.770,59.350899101873
88.062755,15.889290,2526.149,44.929868592671
88.081015,15.889831,673.697,35.545486041508
88.066142,15.890887,4768.557,55.414480242433
88.171286,15.890069,634.233,36.668633522493
87.997481,15.890094,732.220,37.079353778364
88.218460,15.890807,1375.975,40.303191627208
88.229857,15.891456,3014.410,54.480952242173
88.025215,15.891796,2216.847,40.400738974463
88.109625,15.891916,2204.262,43.797770807757
88.046719,15.893054,26944.266,334.43507820776
88.194219,15.892483,2921.159,55.705495831898
88.032663,15.892131,3627.120,54.743379979039
88.085978,15.892388,2549.404,39.893633721779
88.009197,15.891820,1005.102,42.073517199541
88.070008,15.892167,507.606,38.777485403473
88.215013,15.892153,711.732,39.240529303271
88.209382,15.892921,2662.554,43.633084217891
88.076541,15.896532,149110.006,1542.0516905130
87.998318,15.893299,2724.956,48.929102474426
87.992338,15.893460,4367.990,57.741835280475
88.131295,15.893170,1873.998,41.183122429485
88.014793,15.892763,760.893,35.258257332155
88.164179,15.893692,1823.485,46.178519823745
88.169708,15.894001,1908.982,48.226006037086
88.028419,15.895423,20038.794,203.88974694350
88.162881,15.895464,23787.266,263.38550899080
88.132722,15.894539,3169.455,47.496283658798
88.044038,15.893539,963.215,39.931582752662
88.190279,15.896015,9156.822,113.60758134063
88.184498,15.894548,1345.761,43.035114275913
88.072738,15.895262,993.543,40.990222602127
88.208612,15.896664,8876.720,106.29684876375
88.009999,15.896270,4522.424,68.948665112758
88.060852,15.896241,2727.956,46.919556093126
88.197982,15.897178,10820.919,123.37684828647
88.002462,15.896371,1654.053,46.504130228977
88.106646,15.897872,9408.829,105.40922319701
88.121709,15.896705,1762.773,44.514486140701
87.995270,15.897682,2313.922,45.762111739188
88.102063,15.898625,26968.258,299.97271992103
87.983091,15.897386,1175.680,44.575521344753
88.074197,15.897901,916.307,39.552513258509
88.043080,15.899147,5595.192,69.899065360681
88.095896,15.898628,2570.826,53.440191678629
87.984845,15.898688,5787.734,68.883451408475
88.203492,15.898971,2587.649,53.606026100359
88.183850,15.901091,35563.758,426.25370199483
88.007224,15.899681,4111.023,64.796081009474
88.020834,15.901032,16018.447,187.86045527177
88.128178,15.899742,1237.782,37.388631751478
88.112788,15.899940,837.955,36.213061759083
88.014180,15.903840,159059.474,1473.6556252223
88.229208,15.901109,5353.470,71.287075905553
88.209381,15.902158,19080.811,216.89159027229
88.163266,15.901361,2534.537,51.386655131191
88.168202,15.901077,1452.895,37.129392888557
88.219556,15.901741,4044.380,55.775494880567
88.154684,15.901773,4113.584,61.120810361584
88.200997,15.901006,852.619,37.589315912862
88.217729,15.904114,76422.265,805.30317403841
88.205846,15.902041,3131.040,49.643453193493
88.035207,15.901994,2168.092,44.168320445338
88.081184,15.902131,1355.960,38.978976723481
88.145720,15.901864,680.830,33.036076817748
88.181905,15.901932,803.976,36.800754146246
88.057036,15.902665,1031.539,38.936289830718
88.198311,15.904717,30872.063,350.99587534498
88.027258,15.903869,1595.267,38.558169975097
88.214173,15.904668,5185.246,64.403426134629
88.076817,15.906015,38648.368,407.60334959835
88.017943,15.904705,6624.002,68.310297042349
88.139089,15.905016,2979.212,47.864567704174
88.142468,15.906350,28338.948,358.41407159484
88.207556,15.905458,5881.306,73.062386870584
88.225071,15.905595,4719.032,61.800053636542
88.136656,15.905549,4717.126,67.303975771979
88.013687,15.906224,12408.228,124.47046663958
88.159445,15.905403,1834.829,40.582810453829
88.020952,15.905316,1130.607,37.058800462446
87.992330,15.905987,4958.591,58.239951675360
88.117872,15.909649,58466.315,643.75604129569
88.166906,15.907971,14134.514,181.87484703082
88.191041,15.906553,749.319,35.233665006810
88.202310,15.908701,31589.214,374.06489725275
88.040652,15.906807,1191.878,35.570879655131
88.063348,15.907048,1767.648,38.870311276465
88.123082,15.906714,605.646,40.123971837619
88.140983,15.907527,1235.405,40.559305266869
88.169109,15.907965,1074.516,32.862540743236
88.227899,15.910267,7514.173,96.501866876910
88.049989,15.908204,2988.226,47.562329673589
88.018340,15.908552,2910.523,45.169441916075
88.119785,15.909241,8015.863,110.67320659502
88.107541,15.908256,931.161,34.213986557221
88.080765,15.908328,1326.403,40.116921771596
88.096129,15.910615,32044.140,337.89019963258
88.010468,15.908740,1393.273,39.916674850882
88.112698,15.908556,475.309,34.698479359202
88.155500,15.909271,1517.170,36.708282935564
88.173304,15.910023,3696.519,58.797208519912
88.148974,15.910197,5726.932,71.559023454060
88.110561,15.909548,594.948,36.662957730236
88.161117,15.910813,7723.012,116.30507050313
88.143551,15.909814,948.897,39.285776826389
88.103088,15.910251,1110.965,34.610200172444
88.089314,15.910363,1635.383,40.185679618156
88.070621,15.910423,1002.328,42.045561495450
88.008252,15.910492,1114.492,38.903638639795
88.066219,15.911397,7177.051,88.185391710435
88.084104,15.911898,10192.058,110.74721127576
88.033069,15.911109,905.064,43.734793234686
88.050724,15.912119,2514.162,64.373315322910
88.144910,15.911526,760.926,36.777131344016
88.227974,15.912672,5929.224,88.764471719016
88.110404,15.915315,96946.716,1097.0173241240
88.213536,15.911945,534.420,33.549208626490
88.179968,15.912516,1429.348,42.318716711897
88.038350,15.913009,2676.955,50.223825019047
88.174866,15.913483,3149.692,58.509111192789
88.170131,15.912824,617.090,37.981424410601
88.028186,15.914855,21746.268,221.70571162040
88.032954,15.913010,682.773,40.451376609368
88.153079,15.914758,12572.932,143.09326478149
87.998481,15.915219,34634.746,349.99461783158
88.222727,15.914879,15375.273,196.83485572263
88.017523,15.913235,969.610,36.769307703981
88.078967,15.914292,3641.916,53.025209660703
88.207497,15.913485,701.620,39.624732918724
88.176047,15.915950,42613.416,522.45365712984
88.165116,15.915405,6091.193,78.393597483004
88.163323,15.916914,52352.330,608.43813039120
88.216848,15.916825,51666.604,608.02400283452
88.190908,15.917580,47375.532,518.27708744375
88.231523,15.916425,20885.818,253.07696995829
87.989781,15.914803,642.480,41.832128738556
88.061707,15.915294,1402.588,39.208725844236
88.142058,15.915869,4899.129,69.674471007136
88.179267,15.915888,2186.691,47.865698751012
88.174318,15.918544,55809.015,632.32975098776
88.131667,15.915935,686.769,41.076482933565
88.139433,15.919674,113751.526,1210.9954657973
88.144345,15.916639,1641.632,43.070766148235
88.229556,15.917265,11236.618,132.50656430940
88.076027,15.916866,2974.381,55.833937319147
88.181402,15.916888,878.787,36.848091644012
88.126913,15.919853,94706.280,917.70855039729
88.214635,15.916942,890.749,35.587075900795
88.171335,15.917810,1942.550,45.986762063366
88.114988,15.918158,3169.376,56.597568430330
88.157296,15.917905,1050.244,38.263622594629
88.123626,15.918934,6299.895,83.132038013135
88.216493,15.919507,6491.650,77.540977077775
88.023786,15.920244,25508.621,292.16550927563
88.087708,15.919836,7860.546,82.125275312561
88.065680,15.919034,1234.261,38.501552372869
88.135914,15.919907,4465.603,60.213589246494
88.011526,15.919842,2067.625,40.312501492038
88.030315,15.919841,795.525,40.184411650794
87.984911,15.922451,88238.351,895.83770081900
88.081203,15.920539,2283.518,38.644578481569
88.192848,15.921418,8484.616,106.84771056062
88.183236,15.920626,1292.677,35.478807775133
88.200801,15.922113,12716.881,141.83296611871
88.044492,15.921550,1872.609,41.733258304939
88.185340,15.922319,4378.127,56.726638077815
88.201578,15.923829,6894.418,102.14492517938
88.070106,15.922198,1758.617,40.176025966290
88.219731,15.922103,1363.727,39.205946387742
88.035017,15.922524,2762.705,48.509222842761
88.191441,15.926062,149388.015,1616.3127990747
88.094916,15.922594,1212.899,39.515042739247
88.192385,15.923762,14110.994,171.48142528522
88.019765,15.922597,2527.047,45.790880243995
88.097194,15.923619,2667.440,48.063772428527
88.016607,15.922963,1267.925,37.939368306312
88.137651,15.923496,4665.085,66.455273975855
88.134225,15.923962,3190.731,48.574992233229
87.991684,15.923915,4861.909,56.186853959058
88.126788,15.924785,12908.212,163.53114293337
88.185321,15.925253,8488.166,108.59135359414
88.143572,15.924543,2636.152,44.395788171005
88.220785,15.925761,8440.277,139.60452352503
88.045039,15.924600,1478.298,36.814307816862
88.017113,15.925258,7401.435,74.423966827205
88.218464,15.924473,1066.036,37.847762737475
87.998059,15.924961,1759.334,41.121786724309
88.156677,15.925792,6279.769,90.206597423602
88.076940,15.925274,1277.760,42.908293254457
88.042990,15.925246,1204.264,34.704827215968
88.034876,15.926633,8455.835,92.082223220930
87.994194,15.925820,653.248,34.747943560155
88.212783,15.926693,4913.623,71.360316320662
88.101705,15.926426,2366.363,45.046446492842
88.063654,15.928393,49551.799,454.32196195401
88.013577,15.926357,1099.422,39.401714510634
88.138644,15.926359,1064.524,40.666987719539
88.115837,15.929490,89654.591,952.99565270912
88.130594,15.926940,861.443,33.340986772683
88.218803,15.928188,5422.380,71.900127597077
88.211837,15.929987,59000.387,693.76058286023
88.018424,15.927603,928.979,35.909149280242
88.093837,15.929968,3504.366,57.277462879910
88.060164,15.929561,1230.367,35.567658698398
88.151700,15.930502,8383.682,107.50736455311
88.154495,15.928975,606.088,37.738683789309
88.030043,15.930807,6762.887,88.229043991232
88.175865,15.930260,1238.894,42.249922566689
87.986616,15.931234,2686.376,54.423546908386
88.180030,15.933584,67273.237,841.81501579612
88.217349,15.931155,610.800,37.295438918068
88.025668,15.933102,9953.867,102.30191798818
88.019328,15.932027,1351.453,40.229177443791
88.176823,15.932724,2777.269,51.218383994402
88.116107,15.934827,30517.914,351.19551888549
88.063425,15.934191,6002.957,77.736124976308
88.133539,15.934347,1337.034,43.421906228522
88.049057,15.935610,7137.604,89.941953119815
87.984257,15.934166,721.115,39.999779848808
88.080012,15.935716,2731.602,58.624621017993
88.181174,15.936061,4886.087,73.468285823159
88.055435,15.935835,1405.942,41.207400292448
88.077419,15.936712,5054.335,67.396220958661
88.018286,15.936404,2219.609,44.353597923197
88.071445,15.937663,8418.399,107.52688372398
88.225539,15.936927,4109.469,62.678350592520
87.984871,15.937019,3842.480,59.608562158688
88.065077,15.937419,1269.231,41.379946702893
88.046342,15.942429,168817.795,1611.4117117751
88.093210,15.937827,976.077,38.244343140540
88.223038,15.938618,2986.144,49.048033651586
88.152279,15.938060,632.956,36.629219352045
88.126267,15.938085,721.578,35.557820096791
88.019001,15.938264,1052.905,41.743694457905
88.038068,15.939295,3570.556,51.834223824651
88.194905,15.938731,1642.645,60.467436569314
88.212901,15.939227,1721.919,43.090413094462
87.995480,15.943319,158236.587,1485.8166534393
88.117903,15.942156,99813.202,1107.2844447093
88.232525,15.940092,722.221,33.388156526492
88.088427,15.940800,2268.419,42.266112832769
88.186889,15.941565,5781.798,99.000280642686
88.176355,15.941461,4230.565,60.998985583893
88.137427,15.940855,1163.274,36.325336657461
88.001741,15.941340,1114.916,37.925155476320
88.065879,15.941059,755.138,42.407382800603
88.017493,15.941677,1337.142,38.436369747807
88.142934,15.942165,1629.816,44.798861774493
88.130441,15.942238,1087.793,32.295567627605
88.062100,15.943835,25956.722,271.46624874891
88.051541,15.942624,1143.453,41.539180321750
88.218900,15.942606,965.533,37.267985957032
88.032638,15.943124,2777.741,47.905111438459
88.230210,15.943006,2214.947,41.440015646632
88.036826,15.943153,1003.883,38.528439257007
88.070779,15.943209,1473.238,35.360888149326
88.048934,15.943399,2172.922,40.166763626039
88.006672,15.944121,6772.101,84.085493740900
88.135536,15.943261,1005.265,39.323769075756
87.987107,15.943637,993.735,43.291091449082
88.189313,15.944971,10684.018,134.78278553883
87.997029,15.944774,5790.237,73.880835288525
88.090567,15.944788,1839.292,42.824836037253
88.050858,15.944900,753.727,37.262379937521
88.136385,15.945827,16376.805,212.67981786732
88.057838,15.947062,63106.624,633.07674726538
88.072879,15.946038,7669.188,85.017348526668
88.141507,15.945291,2278.527,41.486643183118
88.027779,15.945847,774.050,37.384503490240
88.094494,15.946851,6738.084,94.548288996980
87.986538,15.946274,1695.363,44.154049172475
88.100619,15.946359,2278.223,44.195691997811
88.089170,15.946982,2103.225,43.639392308639
88.122118,15.947005,1784.173,41.931567333660
88.138585,15.946840,1284.164,40.167230959397
88.156027,15.946991,1959.668,40.846398890740
88.050892,15.947361,1189.380,39.943876866240
88.112661,15.947300,1290.271,39.333898110060
88.180719,15.947383,729.753,41.792664757875
88.170981,15.947623,1201.202,34.591738273518
88.019193,15.948017,2303.437,43.555206151504
88.141702,15.950009,36226.397,435.49802747100
88.167991,15.947607,712.741,37.588623049746
88.099376,15.948194,1498.223,43.696720002329
88.225875,15.948835,4286.973,65.603917569340
88.179625,15.949247,7643.364,99.935429604361
88.221277,15.948932,4387.336,62.879789125730
88.054740,15.949246,3399.298,50.440136904999
88.048287,15.949642,5006.873,64.932862932289
88.148461,15.951205,63779.253,729.68920727653
88.151920,15.950775,19995.277,273.05206372958
88.229417,15.948948,844.669,37.023579505317
88.006640,15.950497,12199.560,138.66442184324
87.991460,15.950053,3501.458,53.380411355965
88.011193,15.949747,1254.908,38.602271345497
88.200467,15.950116,1192.155,40.550488111993
88.195433,15.950907,2221.628,45.576782741565
88.162512,15.951799,17681.329,206.49258840445
88.090114,15.950705,1469.095,43.045963895732
88.102062,15.950204,744.194,35.529699033289
88.212601,15.951205,1403.843,40.559798991672
88.003934,15.951942,6608.250,70.362573685348
88.040479,15.951473,1487.883,37.506445855595
88.206982,15.951531,1626.310,44.569166250729
88.184188,15.951603,1372.370,40.278745720086
88.181224,15.951868,3989.374,64.311129017107
87.988305,15.952641,16925.159,185.96686915668
88.143720,15.951783,2481.089,46.997082983336
88.042908,15.951882,1148.596,42.394100266662
88.158740,15.952020,818.334,46.910851476438
88.177624,15.954269,37769.459,498.65874859009
88.139379,15.952528,1159.069,42.365389527667
88.113719,15.952522,1086.142,40.445374120473
88.098189,15.953637,8126.629,129.46520582906
88.090468,15.953487,3650.971,55.709068354259
88.153817,15.953941,8319.178,110.95309743408
88.127758,15.953097,1221.458,41.086455077277
88.195564,15.954539,12355.840,161.08900591625
88.063926,15.953700,1521.577,44.253135257099
88.165855,15.954122,1203.659,41.470297561863
88.032815,15.956886,92496.036,1014.5155624374
88.157885,15.954512,2269.968,47.982397162734
88.043483,15.955028,5805.312,63.575943642661
88.173771,15.954911,1819.838,42.500927862237
88.055042,15.955173,2224.555,48.325431872377
88.126608,15.956101,1943.096,33.665698027040
88.190629,15.958528,24108.625,278.48644090992
87.999277,15.956888,961.498,41.701162846343
88.172795,15.957051,1388.129,38.831286520952
88.022265,15.958531,12030.337,132.01585716879
88.148798,15.957533,1304.609,38.128912203683
88.005473,15.958048,3018.966,58.153820699439
88.050310,15.959400,16128.639,167.66918238150
88.164293,15.958263,2191.960,48.868565672623
88.230644,15.958693,8880.283,112.53087866787
87.983689,15.959014,907.034,86.586351152902
88.166753,15.958659,2508.681,45.654202540559
88.144545,15.958692,1659.724,38.053998778745
88.171814,15.958743,1114.405,35.502557699387
88.067101,15.959856,3849.304,53.945003158965
88.053547,15.959645,2446.010,49.217995008267
88.014592,15.959408,777.887,36.040347102082
88.212523,15.960505,5918.127,77.427729021126
88.064873,15.961693,21258.700,208.38233481836
88.104436,15.961193,9900.360,115.97878830794
88.110896,15.960484,1880.091,38.941203991375
88.113395,15.960207,927.608,37.395009529377
88.012555,15.960382,862.456,39.994705607860
87.987959,15.961973,20994.578,217.34810613495
88.138575,15.960439,1249.271,40.296942670517
88.230853,15.961511,8054.978,112.34238965688
88.096751,15.962121,7085.133,87.458908629514
88.004637,15.961282,1508.373,46.315049982192
88.109247,15.962575,20942.802,218.61966830269
88.170272,15.961707,4464.734,59.102839731469
88.153618,15.962210,5412.997,73.046708344043
88.218801,15.964564,61700.436,804.12396179788
88.023370,15.961621,1245.339,40.923575263632
88.032757,15.963153,18469.487,187.04081037005
88.122078,15.961516,810.488,36.506020822972
88.086133,15.963432,12751.205,119.02173934940
88.204739,15.962780,1229.936,36.413101856508
88.201450,15.962600,844.896,39.170220418465
88.143978,15.963156,2058.020,43.878603379632
88.146957,15.963276,1327.417,34.835620269300
87.996351,15.963874,2448.606,50.136587684525
88.194889,15.966842,85025.480,1027.4556040872
88.035443,15.964264,5255.391,64.231210937632
88.060083,15.964321,5020.038,62.381797848067
88.198152,15.965069,13199.264,166.47693212400
88.179606,15.965591,18528.170,235.92328442826
88.134427,15.964760,7301.931,82.180109499792
88.081463,15.964809,2699.801,44.422492959132
88.196089,15.963898,819.028,36.008324176680
88.182718,15.964888,1780.662,42.460591599917
88.010252,15.964919,873.377,40.450271730483
88.090504,15.966895,30120.908,286.43255306913
88.065489,15.965005,784.866,36.083076509747
88.034636,15.968380,61695.178,591.56390125236
88.042083,15.965901,688.673,35.694494020632
88.123771,15.965978,1003.298,35.578179831888
88.100783,15.966260,926.774,36.263499851308
88.163332,15.969692,109570.579,1229.0049721135
88.029555,15.966329,1413.646,36.942570682777
88.044535,15.968773,32788.071,311.63054560561
88.057724,15.967079,1466.605,38.679544062269
88.170768,15.967347,2099.104,42.165236657318
88.027455,15.967594,4034.164,52.666114028140
88.179118,15.969546,74272.987,932.90890324641
88.036390,15.967500,2579.820,60.270877115599
88.032467,15.968463,4022.367,56.704152410030
88.049354,15.968196,3099.704,53.862066802623
88.184778,15.969214,16547.132,199.91423299162
88.012025,15.968155,2028.282,45.875152949179
88.213015,15.967788,927.386,37.581158711771
88.138823,15.968099,1258.526,44.673265699658
88.140797,15.968420,3952.549,52.933756350831
88.188382,15.968172,644.424,36.633460675420
88.025253,15.968927,1900.891,45.827567167208
87.982999,15.969926,7462.047,89.045730902127
88.057427,15.970034,5031.615,61.208853800769
88.087197,15.969679,1075.034,35.440431903807
88.197496,15.970748,12157.356,155.03849152265
87.985197,15.970033,881.396,50.297889386950
88.027019,15.970998,2737.517,49.923546453892
88.216767,15.972100,11565.537,163.61237999954
88.054721,15.970846,1336.157,42.883736985228
88.119237,15.972876,25461.118,275.44612018729
88.137828,15.971854,2509.842,55.593043406575
88.166972,15.972840,19149.254,228.12469002100
88.088622,15.974868,113573.216,1074.2382043113
88.190980,15.972296,1760.415,46.594729206763
88.145490,15.976148,165286.849,1724.2889824043
88.185092,15.972158,991.898,38.509922149999
88.077712,15.973348,13513.505,147.65532911003
88.116338,15.972235,1230.105,42.880610369595
88.038477,15.975061,65938.299,638.36624685746
88.170466,15.973164,6206.604,78.632233382978
88.107942,15.973600,5443.655,60.330634226709
88.047003,15.973671,4840.024,63.353927769388
88.229817,15.973066,1271.524,44.014381102696
88.065500,15.973382,2170.588,39.108011887855
88.016314,15.974536,7763.097,91.530191738433
88.029620,15.974082,2817.744,54.802255786931
88.142774,15.973655,1216.559,41.470246643374
88.187228,15.973725,734.015,34.370237014826
88.173775,15.974189,1505.966,39.179207156284
88.126980,15.978048,127132.651,1337.8087408381
88.031840,15.974396,3496.923,54.410107660825
88.094714,15.974677,1594.989,47.056945505640
88.114265,15.974104,892.636,39.568776612654
88.062008,15.977800,131296.158,1193.7377594685
88.031275,15.976142,12807.946,138.65665348176
88.128509,15.975127,1726.244,42.295069199933
88.194837,15.975895,2327.833,43.764703538133
88.002426,15.976394,8101.580,92.679497545753
87.989530,15.975623,1120.361,40.653325176010
88.174788,15.975745,2050.864,41.746754626412
88.230714,15.976394,6796.501,103.57220549907
88.066238,15.976085,2916.012,45.788438133559
88.147575,15.976675,4645.676,72.055085166390
88.169441,15.978860,57133.847,634.66333956456
87.990252,15.977488,10685.002,115.83412795725
87.984524,15.977278,7477.238,91.965417397742
88.011024,15.977060,2718.128,50.373193696028
88.080378,15.976928,1466.143,45.756390750473
87.993124,15.977869,8134.578,106.55772235367
88.203205,15.978539,24362.496,344.13914586668
88.098251,15.977427,1683.959,46.517325055157
88.188785,15.977792,4536.793,71.451691467416
88.004915,15.977475,2435.178,47.932708244133
88.119663,15.978025,4008.333,67.386435796300
88.150683,15.977104,793.351,36.534259777690
88.014331,15.977690,1783.055,41.475872917665
88.216255,15.978145,3388.962,55.145629703166
88.221946,15.978121,2251.796,48.567704783158
88.124851,15.978254,1499.392,40.081013313319
88.210618,15.977733,576.032,36.929200971810
88.201907,15.981454,125243.847,1595.6181072818
88.018938,15.979327,4434.235,51.240590975098
88.141936,15.978501,692.219,35.449218087781
88.061744,15.979877,3887.720,50.103122946371
88.229485,15.981659,49049.222,606.97158443114
88.182220,15.979961,1425.433,36.883781275837
88.068490,15.981117,12850.202,137.69533634943
88.118563,15.979829,645.216,38.695659209265
88.173535,15.982118,19854.150,251.90922427730
88.092139,15.981460,3387.286,55.505085643756
88.155495,15.983404,21884.113,288.36846792174
88.195584,15.981788,2904.342,54.689280644452
87.985188,15.981769,1266.608,43.493024839813
88.126270,15.982599,5237.073,59.659811232357
88.068595,15.984173,20399.456,212.42737082892
88.037194,15.985128,76941.804,728.92771652297
88.014801,15.982721,2283.593,43.899039216705
88.079004,15.983011,2349.540,43.087111435411
88.081342,15.984259,22187.274,193.99500601296
88.189973,15.983144,2194.736,43.770873919369
88.086479,15.982953,1176.692,34.716212091824
87.991915,15.985287,49000.558,488.65335784449
88.214679,15.983695,3354.597,55.892213621882
88.039517,15.983399,985.251,36.883216204062
88.026153,15.983935,4012.931,52.559060108895
88.051717,15.984071,1379.237,40.610140454519
88.006774,15.983830,1504.436,45.830971782515
88.224124,15.983996,1631.363,40.546383228892
88.170322,15.985344,5480.161,73.502055384435
88.089066,15.985085,3109.312,53.339196946357
88.118250,15.987863,95857.638,961.56161416968
88.062168,15.984908,865.454,34.141424372867
88.151792,15.985090,840.158,39.184694259655
88.208281,15.985489,891.417,34.364950397520
88.199426,15.986001,952.520,39.783446154485
88.050073,15.986418,1424.507,40.174994832521
88.055054,15.986964,4409.122,59.127790106519
88.221266,15.987110,5586.280,83.249110398591
87.988899,15.986491,978.465,38.242371613392
88.028043,15.986894,911.994,39.832881447220
88.158913,15.987061,719.832,36.512322130480
88.004801,15.986897,783.904,40.910576119330
88.182430,15.989528,40195.693,546.21174758505
88.015461,15.989024,2589.508,45.491430965233
88.185224,15.988564,1075.899,40.382530407194
88.198827,15.991602,119393.227,1473.5403645951
87.996012,15.988514,716.723,35.309835551747
88.187583,15.990295,16863.201,242.57097275103
88.166665,15.990044,6402.432,92.624079794318
88.127029,15.990868,12384.821,134.80095702814
88.161473,15.989635,830.410,38.638303376964
88.229458,15.991694,21777.955,281.83873194388
88.143683,15.991691,30816.936,357.76511063821
88.201635,15.990860,7121.152,96.770442878907
88.092228,15.990803,5623.217,67.090804357189
88.105515,15.991035,3189.884,57.220325809944
88.066494,15.992696,16731.586,209.87648921054
88.171602,15.991579,3047.244,54.328928224482
88.157149,15.992310,8945.538,131.91904650456
88.056930,15.992552,7822.255,132.21581808937
88.165512,15.992908,19251.532,223.61047599630
87.983444,15.992608,9647.113,108.95931663359
88.005626,15.992865,9019.770,94.993841448578
88.097106,15.992753,3532.673,55.875902049125
88.141724,15.992158,1945.626,44.917098068911
88.014220,15.993343,18317.901,196.09300929006
87.988394,15.993368,7831.838,93.310751253613
88.185314,15.992965,3286.091,61.467752079388
88.112120,15.992435,794.009,39.897953575927
88.020951,15.992591,746.276,39.041238930318
88.038308,15.993923,1959.516,44.098247405391
88.032240,15.993393,858.146,44.124147003144
88.128176,15.993387,822.907,37.840650676437
88.210602,15.995602,28633.167,377.90537768730
88.193516,15.994743,4016.261,64.556923110442
88.186647,15.994592,3076.177,54.514560894974
88.024632,15.995258,3142.039,52.085730442090
88.142583,15.994756,1109.236,37.068897267748
88.166033,15.995616,6729.746,88.443196341453
88.220676,15.995623,5295.904,80.102643873461
88.164280,15.996328,5195.704,78.198883575004
87.998614,15.995901,705.262,39.825437416992
88.215787,15.996192,1081.920,37.391382348394
88.153908,15.996546,5241.223,72.721790203373
88.144767,15.996814,1288.865,34.652582709993
88.053332,15.997467,5340.074,67.786661765050
88.171226,15.996910,2799.672,56.601536662968
88.186719,15.997490,4516.037,67.596889292599
88.217792,15.997108,1632.273,40.770113362424
88.042791,15.998891,25015.760,215.27779361863
88.193849,15.996788,633.162,36.447880015281
88.064993,15.997194,2107.402,46.597057406948
88.001066,15.996951,550.238,39.044888754994
88.190275,15.997195,692.322,35.307733047859
88.096387,15.997561,1447.543,40.079619442363
88.195730,15.997769,1617.240,44.840708518482
88.165292,15.999499,30986.098,378.36180493385
88.080180,15.998586,2073.267,40.603357261817
88.121329,15.998257,727.097,36.617691509226
88.228668,15.998682,2181.149,45.217231405418
88.225220,16.002869,146035.375,1820.1931031552
88.214122,16.000302,17191.093,208.95109885528
88.029926,15.999310,1265.897,43.409592789401
88.208712,15.999842,3134.067,52.476995967238
88.019023,15.999443,1111.699,31.318079831778
88.094753,16.000040,1463.158,41.699431757921
88.192661,16.000263,1219.516,40.218029344724
88.063922,16.000192,1070.310,35.497371562341
88.026739,16.000923,4537.490,65.007969306802
87.992923,15.999998,854.773,37.437753585077
88.122974,16.001568,4969.982,60.101231810947
88.000557,16.000886,1063.762,37.288409165221
88.042318,16.000992,1023.218,36.849255048296
88.039197,16.000538,531.421,35.343105683961
88.182433,16.001960,4067.164,60.184797562746
88.060621,16.001482,1022.041,36.863595284026
88.208298,16.002858,6708.432,84.128571702756
88.043411,16.004521,59885.152,603.80994274286
88.117143,16.002821,3558.579,49.308427426056
88.090585,16.002631,2262.993,40.412860494591
88.084042,16.003705,6418.544,80.850548484203
88.052162,16.003513,2120.305,44.747436067390
88.020826,16.004418,25509.194,270.37455227593
88.069046,16.003992,6129.327,75.891827680599
88.231365,16.003207,819.083,33.623613277622
87.992776,16.005215,61700.959,626.32033916273
88.224540,16.006224,72837.661,865.62368179033
88.115189,16.004059,1281.007,39.793540290887
88.054061,16.004311,3509.199,54.492846032234
88.155884,16.004326,863.401,33.141375258207
88.133238,16.006006,23708.632,252.54596965746
88.004274,16.004748,2482.445,47.167075239117
88.168544,16.005343,1374.480,37.744900331828
88.104625,16.005825,1601.419,36.001035880398
88.107932,16.006099,1464.761,36.322396672714
88.064940,16.006200,720.279,37.208229528483
88.026118,16.006254,751.336,39.056861333907
