#mjd: 59966.14517
#filter: i
#airmass: 1.472
#seeing: 1.130117385
#m5sigma: 19.9399
#exptime: 20.0
#night: ut230121
#ra dec flux fluxerror
87.994592,15.770660,3671.361,57.887072734673
88.149370,15.771439,17877.009,130.51060520136
88.034169,15.770518,1828.889,55.764253044257
88.199484,15.770970,1742.171,55.897494788024
88.182674,15.770756,1407.013,50.619000601698
88.036837,15.774787,68064.457,496.93967339351
88.013749,15.771810,4467.807,62.317390934718
88.168288,15.772711,16311.107,138.11761927206
88.035812,15.771506,2409.917,50.958416249586
88.081896,15.771262,1211.689,95.368968862878
88.113832,15.771707,1089.165,58.578361801418
88.072870,15.773273,32145.354,206.65688934594
88.008039,15.772792,9164.207,80.070032950685
88.051053,15.772701,3569.791,63.023766762276
87.989799,15.773628,7146.434,79.469826550318
88.203818,15.772798,1987.555,54.698292955273
87.993792,15.772837,1395.447,51.147986074413
88.146111,15.773959,6981.610,75.910574560616
88.206896,15.773674,3133.200,53.445962066244
88.083379,15.773065,1444.527,57.322153570896
88.133835,15.773720,916.099,53.385292164265
88.066702,15.773946,792.514,58.526229650531
88.187993,15.773818,958.331,47.994375759232
88.049011,15.776444,27602.389,215.31844776312
87.994255,15.774973,4265.858,61.074602213264
88.118360,15.774935,1610.467,48.384397580538
88.170177,15.774684,1186.475,47.814383170202
88.176218,15.775121,1238.231,54.404287182578
88.007180,15.778924,77492.657,618.70279344964
88.074358,15.774918,914.600,53.086765344225
88.206187,15.776849,13678.688,126.97772694330
88.045710,15.776616,7311.789,78.384609909873
88.216928,15.776695,12905.097,123.25323168883
88.167437,15.776384,6047.420,75.118357636847
88.020098,15.778254,21903.750,189.17276809866
88.157481,15.777309,4079.744,59.301569003984
88.227839,15.776875,3538.947,56.272221142417
88.142039,15.777649,2301.376,46.861818213624
87.979187,15.776917,935.290,47.854515855276
88.014053,15.777361,1284.321,50.625191227099
88.079069,15.777382,983.536,46.982552814593
88.050939,15.777903,2169.736,55.506503520438
88.054071,15.778325,3823.331,56.112439941731
88.056297,15.777883,1217.955,48.663432869412
88.102799,15.778057,1467.985,47.882400710041
88.150049,15.778969,2118.850,49.123745026906
88.011976,15.780110,7573.565,78.721049723454
88.222247,15.783962,170016.296,1390.7265440658
88.164341,15.781904,45707.566,273.23969938777
88.203924,15.779885,1215.791,46.334990251370
88.000515,15.780912,4433.030,73.807202883914
88.200544,15.781979,12318.226,140.71881304426
88.147665,15.782010,5209.460,60.207799691506
88.142249,15.781249,1054.716,53.636000410773
88.227737,15.781228,1330.327,53.939740515676
88.155080,15.782070,2696.304,58.416956927493
88.197500,15.782054,55539.160,3996.0821887360
88.068466,15.784211,57159.979,345.40288094367
87.985588,15.783053,9696.007,82.665007736798
88.139712,15.781931,974.176,53.741307433513
88.178566,15.781989,1082.740,56.482007482803
88.012848,15.785796,72472.844,568.58471201058
88.122640,15.784377,11958.470,90.443039341227
87.976480,15.783469,4803.752,73.551037116087
88.029826,15.783117,1288.135,50.445673694040
88.071537,15.785701,5201.439,76.817669030230
87.993695,15.783618,1508.910,59.378201819285
88.104729,15.785672,15078.015,102.59339966960
88.194280,15.784238,1945.488,52.610410146793
88.017047,15.784269,1135.627,54.936233219324
88.065356,15.785002,3458.786,54.192899370333
88.179689,15.785180,9849.755,96.888708338294
88.017960,15.787075,49812.696,368.27690487538
88.201575,15.785650,3414.353,64.451083192386
88.135197,15.785307,2282.947,53.368616186862
88.162694,15.786556,12980.573,103.53512170094
87.975596,15.785903,5643.612,74.060940478118
88.001697,15.785009,1149.615,50.743739264012
88.171179,15.785552,1334.746,55.617162355960
88.145267,15.786967,20522.932,136.97832291546
88.089549,15.786357,3829.215,55.396519741083
88.004236,15.786769,8699.463,85.469038835568
88.128479,15.786631,5040.122,63.451447527333
87.980284,15.786030,1853.784,61.623206243026
88.112985,15.787571,11780.379,95.367897676194
88.192946,15.788392,18788.256,156.40312026272
88.057724,15.787223,6010.847,63.592562225645
88.191118,15.787620,4464.617,70.004962636293
88.165642,15.787207,1624.393,51.043287352390
88.004044,15.790399,85413.832,631.79292799026
88.141161,15.790703,96636.891,507.14517238774
88.196216,15.787848,1252.397,52.091508781679
88.063559,15.787600,1170.156,49.514984389698
88.010012,15.788282,2028.290,43.739698324816
88.080163,15.787738,1535.774,49.043419534713
88.221195,15.789106,7552.131,84.046868330303
88.021111,15.789437,11724.960,91.701900345554
88.115573,15.788434,1582.003,54.098262315724
88.133865,15.789416,7124.479,64.256112496908
87.985470,15.789283,1274.750,46.865808074950
88.150016,15.789527,2966.519,60.048844434311
88.040965,15.789295,862.415,52.880717022143
88.174773,15.789591,1698.248,55.878335600943
88.147326,15.790314,4070.445,57.974442632535
87.998291,15.789595,1126.538,50.265039673645
88.225217,15.789837,1292.643,53.782671499699
88.096598,15.790296,2280.114,58.780683945405
88.123561,15.792283,16801.790,116.65084460951
88.059504,15.792458,7738.566,76.264089812796
88.218714,15.793538,20106.421,181.06145248348
87.990786,15.791926,5068.783,64.411169678638
87.988525,15.792744,10004.886,88.820027138916
88.019105,15.792470,4256.049,64.428311608674
88.161592,15.792216,3596.125,52.484522003117
87.975988,15.791643,931.645,56.421468794596
88.082153,15.792463,2354.099,56.150842093111
88.194925,15.792260,1646.681,54.598730221363
87.988322,15.796395,93178.666,671.15323285250
88.188876,15.794614,19626.527,165.16741878167
88.114453,15.793751,2235.737,60.366611326141
88.192550,15.796107,44533.504,335.42739300362
88.172671,15.793989,2731.367,54.669309020487
88.100112,15.794075,1094.305,53.930569024441
88.118471,15.795038,8651.877,73.379207865225
88.224507,15.794580,2893.668,53.891278923760
88.175270,15.795699,8686.374,68.069304675161
88.083218,15.796827,19327.419,142.90206949709
87.997090,15.795136,2705.942,64.029767499246
88.085241,15.794960,1408.246,53.373974630102
88.072809,15.794623,754.130,48.519913143745
87.981502,15.796007,8840.030,81.971051229748
88.006731,15.796262,9023.413,92.321086813432
88.081863,15.795444,1857.779,53.517824909515
88.207285,15.795787,1338.270,48.322598728357
88.146400,15.796340,2662.818,51.122300807168
87.991517,15.799377,73261.906,489.33979468407
88.169202,15.797102,3684.305,63.068235583220
88.151638,15.799261,23847.154,165.73259806277
88.189512,15.798321,8564.380,97.289063302225
88.151609,15.797381,2735.416,54.563030231101
88.041400,15.796973,897.411,53.851500565475
88.120819,15.798373,7205.080,71.242652119150
88.071680,15.798029,3203.360,55.418609292771
88.126044,15.798044,2853.088,48.317834173965
88.159790,15.797421,1476.067,51.668873015314
88.206361,15.798445,5579.600,62.620859028423
87.994589,15.799806,33776.493,255.21776878277
88.123719,15.798426,1772.787,43.417275367239
87.983893,15.798364,2199.434,57.184783129392
88.027264,15.798478,1527.987,54.193015526781
88.129931,15.799718,12275.990,98.019892334893
88.043879,15.800771,14475.469,145.87411845990
88.096878,15.800598,15289.693,92.211657812968
88.090134,15.799997,1093.280,50.170989969936
88.160097,15.800191,1098.984,51.133002190555
88.030560,15.800377,1322.304,51.298405789234
87.985366,15.801384,2953.261,66.748723688266
88.102133,15.802656,18353.421,123.47779721255
87.992030,15.805461,138901.274,912.94839891531
88.171491,15.802967,11536.889,103.40630171813
87.978936,15.801626,1716.708,55.731385539730
87.982580,15.801134,707.535,51.004115518031
88.207778,15.802305,4030.054,63.353598831054
88.103032,15.805273,91579.372,579.63961557525
88.040190,15.803013,9629.235,67.419572420856
88.057002,15.801804,645.756,42.161914102615
88.031208,15.803650,7476.627,66.608843340414
88.024894,15.805823,97613.521,602.66483170886
88.226031,15.803925,8973.478,89.498150888586
88.190453,15.803596,3670.337,60.885879032124
88.167372,15.803441,3424.206,56.812398012228
88.187089,15.806446,45779.595,358.55006609417
88.136638,15.804805,20242.167,134.97467847414
88.165114,15.804569,3840.227,57.861154191834
88.177145,15.805889,33753.968,253.02854435749
87.992996,15.803850,1309.076,109.68070369518
88.020104,15.803933,755.064,55.694175830440
88.087864,15.804669,1897.929,52.590168188079
88.033540,15.804682,2285.489,48.085756014396
87.987765,15.805492,5297.205,63.292441589156
88.129622,15.808166,60293.378,352.77677579518
87.979543,15.806109,11687.190,101.73063015722
88.208197,15.806746,8246.165,80.798564483934
88.189990,15.806187,1791.974,50.513891931067
88.001949,15.806418,3560.710,60.176375352060
88.167073,15.805925,1453.420,52.305068067380
88.062672,15.806122,1065.905,49.957055774888
87.982916,15.807318,7003.883,70.456803224948
88.099953,15.807194,4279.473,60.425926208189
88.143412,15.806852,3344.175,59.986989718525
88.008091,15.808745,25181.785,196.29018837376
88.097833,15.808493,23209.630,151.62240120354
88.006284,15.807407,3677.864,59.343528189623
88.016449,15.808804,13276.808,121.69916660815
87.991249,15.807556,2118.025,50.477627036096
88.171770,15.807703,2472.363,52.872844061272
88.153967,15.807195,950.603,55.650567129899
88.067370,15.808448,4039.152,67.095252165662
88.157593,15.808162,4674.346,61.474932612253
88.122810,15.808139,1021.477,50.335432720591
88.193518,15.808637,2291.102,53.099453989181
88.102151,15.810056,14765.966,89.325116719213
88.173727,15.808265,810.661,51.845078290909
88.226292,15.809297,3363.721,50.777505662200
87.985933,15.809271,2176.924,56.579432259674
88.121809,15.810689,19102.572,135.04945458678
88.107374,15.809626,2451.999,58.473482564853
88.217538,15.809145,796.644,53.623356258313
87.982856,15.809904,3050.406,64.676021762351
88.023306,15.809350,992.756,52.730006483578
88.206869,15.810711,7756.277,65.971435639333
88.038248,15.810268,2911.841,50.307432109492
88.155816,15.810076,1953.142,56.569620526567
88.213173,15.810092,1006.598,50.600140065848
88.087204,15.811486,3890.992,57.898629420235
88.024421,15.812995,14960.586,114.90179256440
88.142674,15.813488,46043.039,293.88826781750
88.010935,15.813390,22992.497,183.94300641269
88.212835,15.812246,3810.482,49.650493068399
88.198704,15.811915,1407.067,53.692162158810
88.195006,15.811583,1117.005,52.577283828508
88.037507,15.812241,3173.206,55.162998705150
88.176635,15.812009,1225.620,57.586693491422
88.102316,15.812755,2593.415,48.230343760780
88.209748,15.812613,1490.906,45.918445260166
88.218220,15.812655,1328.032,52.416003075004
88.097221,15.812389,1094.332,51.763057283374
88.050797,15.814642,22994.590,175.69655051381
88.162342,15.814363,14024.403,106.29659836977
88.175270,15.814567,19242.771,149.64923246949
88.180612,15.814193,11878.950,110.67345733640
87.995927,15.814854,14362.270,102.51816868968
88.166130,15.814643,15790.447,107.58042854605
88.046294,15.817205,121019.012,907.73743328371
88.171788,15.814790,8253.550,83.230010174068
88.189130,15.814118,1601.542,44.307875129914
88.000176,15.813693,1101.125,56.335558621294
88.168047,15.814196,1629.794,68.027148678052
88.079881,15.816939,45711.996,281.71153833198
88.104902,15.816449,21042.670,142.45861836106
88.204965,15.815641,6046.467,62.599270807229
88.040494,15.815504,2793.034,57.895486806250
88.065166,15.815038,1135.140,57.496226304734
88.002425,15.815700,1712.545,55.095359298469
88.170803,15.816549,6758.015,70.608299796355
88.093334,15.816218,6746.965,77.334533583227
88.153150,15.816026,3517.690,56.324870872552
88.222610,15.815748,1490.691,50.853976498746
88.077239,15.816356,2287.292,51.280955197246
88.088516,15.816078,2697.837,52.191298600235
88.160943,15.818535,33220.901,226.58171618562
88.157309,15.817260,8559.170,89.238549171488
88.138044,15.816705,1305.477,52.536132967010
88.184096,15.817120,1385.736,54.165420520152
88.074240,15.818017,6038.141,59.754241329122
87.978269,15.817356,1395.213,56.797522315392
88.183060,15.819431,23280.723,159.98924537193
88.007480,15.819859,31210.339,263.32760479699
88.070701,15.819404,8539.043,73.271210729446
88.189033,15.819054,3090.550,51.028050257731
88.050737,15.819436,3760.165,56.318030031991
88.094355,15.819716,2457.294,53.913029208528
88.004965,15.820626,16875.572,141.56516985508
88.156209,15.819076,1014.518,52.918951957028
88.073003,15.821898,55050.882,345.85838588295
88.212956,15.819781,2307.079,51.781239684139
88.010334,15.821069,8741.436,81.475135575941
88.103245,15.820240,2218.720,49.530133414770
88.110753,15.821547,9694.337,68.661745088259
88.123748,15.821553,5924.692,58.093280973435
88.226961,15.820796,2165.178,54.573086498616
88.084164,15.821176,1716.198,46.453603206311
88.198084,15.821767,1671.764,63.660540900036
88.179137,15.821919,1337.825,55.341280822458
88.214198,15.822614,2873.474,62.077583530958
87.983822,15.822247,2899.215,58.802640950139
87.993507,15.822081,1607.014,52.656391958331
88.051059,15.822102,2063.968,51.843577814129
88.034832,15.822695,4262.208,59.588019818265
88.001972,15.822582,1550.440,54.663048504713
88.018356,15.823592,3917.811,60.222593073752
88.085277,15.823322,1495.723,47.248386254203
88.098876,15.824235,1142.572,55.293964077065
88.108747,15.825672,1998.356,53.625477926623
88.039168,15.825760,3402.114,54.027762020585
88.131115,15.825965,3042.592,54.282318929599
88.089230,15.827694,7130.151,70.435206198274
88.108972,15.827807,6079.385,54.228190953744
87.984256,15.827184,995.619,47.875748814885
88.181714,15.829319,28567.753,158.33296678366
88.050150,15.827945,3114.607,59.134189472641
88.134690,15.827539,1180.775,53.554142392063
88.005204,15.827527,983.906,52.165096113294
88.218078,15.828079,2551.830,51.091293927445
88.068754,15.828349,2100.118,53.685364574702
88.210930,15.828206,978.784,44.998220224354
88.103415,15.828912,3338.264,52.866275762921
88.068569,15.830227,15541.444,110.84440625408
88.174855,15.829330,3101.914,54.923195701683
88.187432,15.829935,9265.940,66.948219152775
87.994419,15.829660,8083.253,81.376058680836
88.039904,15.829464,1938.493,54.942316519483
87.984291,15.832067,87671.949,720.84583212352
88.134311,15.830024,2943.379,58.160539558421
87.991172,15.829490,1364.052,47.736656497139
88.183328,15.830469,2753.469,62.043447913147
88.166282,15.831124,7330.468,61.969440003790
88.175083,15.832190,15866.557,111.74467324708
87.982294,15.832837,18253.964,177.89096138636
88.201560,15.832566,10767.278,89.439465661314
88.179494,15.832909,1430.962,51.646384753979
88.161486,15.833179,1091.044,49.800898064391
88.184811,15.833082,1288.176,48.131914666095
88.057091,15.833480,1719.277,49.428260909025
88.007249,15.833206,996.414,54.330264228221
88.168860,15.834125,2862.414,44.094135352552
88.061947,15.833645,971.647,52.135966080661
88.036345,15.835257,8303.368,81.565897268018
88.023372,15.835178,7985.882,99.252452787978
87.979934,15.833647,923.170,55.997539087437
88.105677,15.836041,34428.155,127.51034483233
87.992508,15.836429,45659.522,430.14982471597
88.181087,15.834570,1449.819,49.022141886073
88.200709,15.834551,1368.943,48.473051925895
88.071215,15.835114,1643.374,58.353337801948
87.977255,15.835742,6140.332,79.397165350604
87.987170,15.835347,1255.987,53.097635963949
88.148541,15.835148,822.009,44.295308311158
88.223746,15.836457,8144.528,74.482426244708
88.210759,15.836906,9830.470,88.234580715378
88.012112,15.838169,15942.827,134.86292752046
88.195043,15.838196,29475.597,177.83632656878
87.994982,15.836317,2178.149,54.345508380840
88.101261,15.837409,9529.608,65.894402413469
88.049216,15.836672,1125.497,54.668027432355
88.079459,15.839558,43806.071,243.84238749127
88.046134,15.839677,33208.903,239.84248482891
88.136883,15.838189,1309.495,53.254725923167
88.228471,15.838830,1490.543,52.421507664941
88.197208,15.838874,2149.563,52.513396338030
88.216048,15.839122,3081.697,54.602625142981
88.192884,15.838930,939.278,48.262464920648
88.075306,15.841164,32615.658,219.74604234971
88.016969,15.839005,1107.552,46.326490811553
88.203337,15.840234,6424.495,74.537768413276
88.065800,15.838957,1301.635,43.129949018047
88.001693,15.842634,97737.876,777.72549457170
87.988973,15.839364,1038.669,47.059084579126
88.122467,15.843314,123342.150,460.61921449777
88.039967,15.839988,1245.986,48.943557427827
88.109510,15.840797,2929.493,50.090307994895
88.165585,15.841078,2613.900,47.333131607470
88.185385,15.841086,2207.763,52.372204710707
87.985924,15.840358,977.092,54.379130860240
88.169942,15.840882,2209.170,53.286720468151
88.013915,15.841217,3125.114,57.303830252369
88.151891,15.840963,1426.645,52.650289110103
88.057690,15.841246,4123.210,65.427685878560
88.123565,15.841141,1200.517,51.961452586166
88.024788,15.842537,8273.147,81.250212827439
88.052916,15.841730,2807.965,49.653799354973
88.018247,15.841110,1482.481,46.935061998242
88.059416,15.842196,6759.126,77.917767539658
88.211002,15.842023,2686.224,49.516694107864
88.143399,15.843000,9050.024,64.039147071504
88.076539,15.842537,4288.485,58.176876210139
88.218666,15.842384,3260.570,60.358678495459
88.068075,15.843780,26323.562,181.78813207419
88.132824,15.844055,16542.853,97.120069003631
88.036128,15.844324,36845.931,262.28830559558
88.119169,15.843589,3409.391,60.120915890419
88.208395,15.842922,785.877,54.350685565717
88.157808,15.843027,1016.245,56.569707723160
88.181178,15.844140,5810.812,67.103120565791
88.051061,15.845203,12409.565,104.91798824147
87.986705,15.845731,16883.409,137.94236321197
88.104144,15.845791,7140.053,57.469177667687
88.093118,15.845897,1673.970,56.706011467954
88.080038,15.846273,3325.918,52.499966266373
88.169888,15.846711,7486.765,65.899537755728
88.047113,15.846489,5841.183,72.322671727329
88.144478,15.847013,2938.026,52.446523665766
88.002184,15.846561,1604.809,52.690831310894
88.216711,15.846526,1300.130,50.581249442814
88.132004,15.848849,39121.430,190.99625214721
88.132890,15.847059,1470.987,53.219470149917
88.185531,15.847171,968.475,52.544225728120
88.147060,15.846680,815.261,47.497973833468
88.147921,15.848656,9587.878,66.225076896882
88.012433,15.848899,8912.459,88.503393607352
88.158882,15.848713,4381.073,57.949015413046
88.129955,15.852058,147126.519,650.29646751016
88.152053,15.848935,4143.622,54.678618005885
87.988968,15.848218,875.801,49.482184089850
88.027491,15.850958,26093.214,168.74817446459
88.154802,15.849356,1602.976,48.541666543648
87.979748,15.849924,6655.874,72.074707154259
88.001652,15.850222,4097.650,65.692767396707
88.199603,15.850248,4473.625,66.768194413668
87.986408,15.850042,1552.463,52.834155726516
88.219281,15.850085,2993.755,56.515130932735
88.098066,15.850207,4093.311,60.123471235305
88.184950,15.850083,2320.650,49.748650056653
88.148875,15.850537,1393.785,50.177344653581
88.091520,15.850836,2914.045,72.321049191434
88.174233,15.851287,4870.522,55.234379049300
88.212720,15.850496,1297.231,46.698303513627
88.225718,15.853785,84790.221,617.23426331239
88.086007,15.850827,1156.741,45.572134117817
88.004816,15.851797,1022.504,53.722915710996
88.089486,15.851993,1418.478,56.493517600217
88.017584,15.853066,6399.925,78.284682436940
88.157256,15.852066,956.436,49.317585455944
88.137298,15.852030,867.463,56.448415486437
88.212818,15.852642,2330.092,49.960616081879
88.163980,15.852100,1011.333,50.070350720201
88.147136,15.853085,4486.105,54.864616901217
88.071747,15.855337,46418.281,308.55607221878
88.183310,15.853527,5272.859,52.559583291265
88.144773,15.853340,1197.173,50.192795190378
88.162991,15.853773,2211.086,51.971406474995
88.086321,15.854549,11219.748,95.869554076781
88.179103,15.854148,3708.436,55.632778430833
88.124793,15.855558,2595.164,59.621070794075
88.045785,15.853904,2091.469,56.484290808724
88.175675,15.856044,12873.013,89.209542902338
88.136090,15.854913,2575.045,53.756841052139
87.990206,15.855534,8975.783,95.120193671708
88.177774,15.856565,14414.278,97.482833603426
88.207528,15.855717,4081.498,61.390029684594
88.127664,15.855710,2872.124,54.937567500240
88.042583,15.854968,831.499,48.691772392245
88.075563,15.855411,982.003,54.854711481085
88.166476,15.857428,16011.052,98.503126555752
88.096630,15.856251,5960.188,66.430295010630
88.003566,15.857042,9346.647,106.98676118566
88.100712,15.856775,4354.867,51.252692044837
88.026267,15.857067,5738.906,74.430471436689
88.020640,15.860441,81771.793,660.03776470705
88.143069,15.857083,1953.525,54.895442192019
87.979331,15.857329,1247.406,55.875873759380
88.034391,15.859359,31719.068,260.03991304538
88.080510,15.858948,15243.894,103.49127048987
88.037597,15.857687,1400.801,47.561831487206
88.106225,15.857717,1349.151,47.440097963344
88.108409,15.859339,21653.728,125.95181104769
88.040918,15.859730,34986.636,236.69551899415
88.032077,15.859337,13034.692,103.52384537771
87.992986,15.859123,4439.808,62.843817104423
88.009861,15.858273,1406.543,52.824608296498
88.177652,15.859042,1854.881,56.098483098447
88.020907,15.862658,71079.719,552.50326684314
88.030452,15.860781,9493.019,74.008906862745
88.048113,15.859668,1263.664,46.299709780637
88.122656,15.860252,4184.918,57.596924163929
88.151739,15.862232,77659.702,338.14299573994
88.199367,15.860005,1338.999,54.714543757016
88.139164,15.859976,2615.909,57.101231457631
88.141083,15.861058,5442.364,63.490430703700
88.099341,15.861314,6765.233,70.551133778964
87.986644,15.861671,8243.191,96.669566042788
88.220393,15.861629,9113.509,89.461748678864
88.217562,15.861319,1903.277,55.257855921050
88.136667,15.861497,1371.543,58.503434346207
88.050382,15.863630,7249.679,79.955123278238
88.179507,15.866301,38304.948,231.18885559776
88.082287,15.864184,7737.831,59.443460656630
88.031953,15.864191,6036.823,74.212929285545
88.100476,15.863759,1183.588,53.589045782566
87.996938,15.864493,1698.101,44.102243663922
88.198100,15.865251,3022.840,62.398348086072
88.013901,15.865044,1554.876,53.222373270604
88.126506,15.865132,1077.959,51.734819567270
87.989907,15.865361,947.694,46.902849608205
88.018728,15.866551,4241.560,61.866959333117
88.105633,15.866610,1062.958,51.298480422858
88.165908,15.867482,3240.160,54.794363206804
88.175931,15.867647,5015.770,62.523345665916
88.163011,15.867750,4863.104,61.756735715264
88.029569,15.869189,14560.214,131.50689136312
88.198079,15.871696,125347.608,636.01213222895
88.133775,15.869441,9278.905,74.882344470826
88.174017,15.868620,1530.579,47.111745393241
88.141730,15.870553,13468.365,82.734955199617
87.995941,15.870188,14214.197,148.28426678129
88.146835,15.870250,3153.298,54.928364877767
88.096547,15.869616,1489.840,47.192156232617
88.117002,15.870131,2850.241,57.747160821236
87.993994,15.871024,8051.910,90.254555162248
87.975623,15.869944,1042.717,56.550502487243
87.999798,15.870515,1266.605,59.668206729566
88.080468,15.870585,915.743,49.085652826606
88.063846,15.873700,66582.952,453.28782152494
88.149603,15.871610,4449.266,46.650296747825
88.223982,15.871388,3378.680,54.409104689017
88.163712,15.871097,1603.350,45.595214582883
88.201308,15.871374,868.950,49.079447691292
88.034310,15.871736,2489.788,55.772313286565
88.205357,15.873711,3291.969,75.966386899867
88.220516,15.874992,61940.455,394.97498730982
88.029574,15.874712,42723.213,342.27607455616
88.125954,15.873244,4473.129,55.818452485364
88.027361,15.873106,2936.325,56.374594179984
88.208245,15.872823,956.756,45.609890037566
87.998270,15.873251,1345.497,51.051693153840
88.166537,15.873790,1992.723,46.706757248033
88.003262,15.873980,2126.751,57.813733530311
88.214062,15.874845,3329.127,50.557869979547
88.078670,15.876782,28179.455,156.38490625144
88.182793,15.875236,1068.596,50.485114209134
88.007084,15.875326,964.294,53.635054898226
88.062735,15.875654,2237.519,43.891131023107
88.104864,15.876663,9841.312,76.889353102294
88.217056,15.875750,1168.470,53.932485724513
88.074196,15.875710,861.032,44.317308344481
87.979832,15.877095,1502.283,56.747487193887
88.119927,15.877656,2461.579,48.877487809121
88.084318,15.879915,30221.743,162.83590008420
88.216467,15.878112,1043.577,53.072928236178
87.985611,15.880428,67276.432,538.63578582363
88.137311,15.879465,3027.527,54.645988735368
88.124250,15.880205,3010.857,57.989750920983
88.135108,15.880406,3175.527,55.325688304457
88.034317,15.880427,5819.161,54.549307850680
88.057669,15.880553,3372.024,46.050321676019
88.194114,15.880594,1993.905,55.599088954911
88.111651,15.882211,21729.386,137.61010293585
88.079352,15.881174,5433.499,56.806204387234
87.992372,15.883664,54171.972,491.14548751524
88.019495,15.882197,5835.923,67.484727498068
88.042219,15.881352,1392.882,51.951737739376
88.183388,15.882576,13963.479,96.197941160207
87.975620,15.881166,1708.198,54.955998168984
88.123787,15.882859,8902.795,75.083056648173
88.128779,15.882060,2345.911,51.493450855078
88.046198,15.885540,103312.103,641.66075109895
88.211008,15.882684,1202.784,45.978405217289
88.004341,15.883078,1212.413,51.038561597495
88.102360,15.883879,6065.632,69.362609368502
88.034164,15.884324,3119.226,63.837960168649
88.016515,15.883439,1861.269,54.229518176045
87.996865,15.883547,1170.764,49.053583152393
87.981713,15.883649,1853.680,52.428273624618
88.214492,15.884318,1474.100,48.545051580412
88.122969,15.884737,3575.296,64.114934690088
88.154275,15.884506,2000.367,56.552934229286
88.174094,15.885481,12485.043,95.213948873157
88.031163,15.884146,1181.506,52.839178335367
88.171920,15.885564,9442.185,71.780375088487
88.076639,15.888003,112337.917,658.47059655162
88.073780,15.884401,1563.341,53.775169652176
88.146021,15.885217,3067.653,52.902038552478
88.018998,15.885639,8591.431,92.647184272995
88.089923,15.885781,2226.865,64.709962605262
88.082542,15.887053,57294.681,357.80305814913
88.084364,15.885732,2555.892,74.352235525000
88.169975,15.885745,1596.477,49.450032836137
88.004282,15.885710,2051.643,62.406585690733
88.032252,15.886208,2644.705,60.261018741605
88.127845,15.886608,3549.040,52.653908058396
88.002171,15.887081,2361.274,66.265184876789
88.087709,15.886978,3266.822,54.497104081887
88.142616,15.888009,12917.760,81.852377608505
88.011342,15.887377,1162.403,54.646371412200
88.040389,15.887268,1277.419,53.788764082668
88.170760,15.888299,2816.180,53.160317521119
88.186127,15.888494,6120.264,60.763665754355
88.069517,15.888241,1806.496,52.162734228378
88.046104,15.888459,3624.867,61.188081565290
88.133004,15.888765,2794.068,52.374724028382
88.193104,15.889720,4089.926,57.296975864888
88.130378,15.889135,2996.596,52.675675816378
88.062750,15.889265,2116.666,49.549003734566
88.134954,15.889286,1859.928,49.475110272726
88.148803,15.890144,5759.637,53.610610192249
87.991474,15.889964,4492.427,67.704005406387
88.066137,15.890893,4437.377,56.001055029786
88.218464,15.890803,1476.072,49.668682847552
88.046708,15.893043,24007.195,265.17857500158
88.025209,15.891779,2148.835,55.457875846861
88.109629,15.891902,1885.177,46.867213736003
88.032659,15.892130,3345.802,61.282365108565
88.194205,15.892465,2713.707,55.427169135718
88.085976,15.892377,2449.140,46.127431055849
88.009219,15.891806,1047.805,55.465723114433
88.209380,15.892896,2397.968,48.582085122135
88.131304,15.893152,1552.182,48.031397109327
88.076535,15.896519,133595.354,697.98154947736
87.992352,15.893444,4178.761,68.267713644745
87.998337,15.893271,2584.586,61.606352337215
88.044032,15.893505,890.882,45.341460508621
88.164198,15.893704,1603.743,52.601523692422
88.162885,15.895460,21422.179,113.12678922442
88.132727,15.894534,2878.443,55.410807646634
88.169703,15.894011,1773.579,45.566323827456
88.028398,15.895416,18457.623,140.74015373778
88.184540,15.894564,1232.230,50.501934199243
88.190277,15.896023,8470.004,75.481350661789
88.208610,15.896663,8341.401,80.250917138652
88.009992,15.896251,4246.717,63.430912390299
88.197979,15.897174,9794.268,81.225749028070
88.060847,15.896231,2596.424,50.117097737872
88.002463,15.896338,1553.152,52.514841364515
87.978281,15.898913,60446.559,508.56174324701
88.121682,15.896711,1685.839,52.327313885872
88.106648,15.897861,8805.773,74.559823235643
88.102066,15.898612,24490.934,157.68324947630
87.983069,15.897321,1210.286,49.527799933973
87.995253,15.897668,1989.652,46.723325254043
87.984840,15.898672,5459.232,78.848310021681
88.095883,15.898584,2121.776,60.220221652690
88.043080,15.899124,5088.588,55.726658927836
88.183844,15.901091,31556.642,183.87108803073
88.203478,15.898973,2287.659,61.053092072637
88.007230,15.899648,3913.734,63.811161145307
88.014176,15.903820,147134.964,1120.2506291805
88.020825,15.901011,15031.327,132.73717042693
88.128165,15.899731,1187.650,47.119633682741
88.112743,15.899889,795.373,48.140614274636
87.994815,15.901302,7237.638,70.185218003831
88.209373,15.902159,17664.286,137.95160814902
88.163265,15.901353,2193.026,53.773195568429
88.217727,15.904117,71469.746,554.03287890539
88.219563,15.901740,3756.156,64.511358496320
88.205827,15.902030,3071.992,56.312439903285
88.154688,15.901752,3756.006,61.886100174024
88.168184,15.901087,1091.530,50.073611490493
88.035209,15.901990,1885.693,54.122419687818
88.081182,15.902086,1073.103,54.775815831763
88.091133,15.903298,6460.989,70.105618439713
88.057022,15.902675,1008.424,48.561060755155
88.198300,15.904720,28508.664,210.06003991548
88.017939,15.904679,5950.749,77.970398044859
88.027245,15.903854,1438.280,54.429260938570
88.214189,15.904669,4766.781,60.522007965674
88.076814,15.906007,34568.101,201.34724810685
88.207554,15.905476,5577.727,56.620908412452
88.139112,15.905008,2763.970,59.787684620398
88.142458,15.906353,26279.548,191.80550422852
87.981453,15.904985,2021.695,55.881936671921
88.013687,15.906216,11737.206,96.408615700851
88.136665,15.905549,4044.862,60.862010771574
88.225070,15.905604,4306.393,64.898471422337
88.159436,15.905385,1605.663,58.390743673655
88.020975,15.905313,1010.534,52.763412316976
87.992334,15.905979,4722.042,71.953470221258
88.117865,15.909639,54578.786,380.37969741835
88.166909,15.907956,12364.112,73.041036545094
88.063360,15.907041,1565.736,54.815645428988
88.202299,15.908702,27995.471,188.66538662660
88.040658,15.906789,958.013,49.556283523482
88.140990,15.907525,1119.577,52.847075608748
88.049983,15.908192,2522.337,59.053002384614
88.169156,15.907978,989.936,42.812473366361
88.018317,15.908534,2722.106,56.572544252429
88.119768,15.909238,7412.808,151.98408556579
88.227920,15.910316,6812.707,75.622969202270
88.080783,15.908314,1137.344,49.445356757832
88.096121,15.910606,29375.431,209.59946086060
88.173294,15.910000,3179.580,57.293532873073
88.010469,15.908750,1221.325,52.835019346621
88.148955,15.910186,5453.606,62.266453739419
88.155501,15.909267,1638.707,52.395957317375
88.143569,15.909779,903.523,48.897400477106
88.161122,15.910793,7011.464,68.590647573651
88.089315,15.910349,1430.164,49.898290320392
88.103083,15.910241,1058.061,46.982221270114
88.123821,15.910394,1484.277,52.994027011303
88.066203,15.911377,6530.955,66.826902307597
88.008243,15.910458,1127.119,53.775402893043
88.084099,15.911882,9430.203,77.181560614029
88.033076,15.911128,826.683,54.766496084881
88.050712,15.912100,2260.669,55.584518873865
88.110405,15.915305,88284.184,529.16632663977
88.227975,15.912680,5301.943,67.550463115568
88.038333,15.912992,2708.742,54.643423110433
88.179936,15.912490,1304.198,48.736718580537
88.174852,15.913483,3006.944,46.043935755777
88.028171,15.914849,20235.569,178.48054555339
88.222728,15.914884,14353.584,130.32860413229
87.998474,15.915205,32451.920,272.34230451144
88.153079,15.914751,11833.609,97.152260431761
88.017540,15.913242,917.991,41.593239476414
88.176053,15.915940,38197.536,236.00271938508
88.078973,15.914283,3234.538,53.013396936510
88.207506,15.913511,606.611,51.793791264463
88.163322,15.916903,48644.097,284.58853264453
88.216853,15.916826,48012.235,360.24518981559
88.165122,15.915402,5614.899,97.031798754748
88.061699,15.915278,1326.010,49.514890596499
88.142062,15.915875,4655.161,59.182942149181
88.190908,15.917583,42791.652,255.28905626975
88.179287,15.915883,2175.320,58.295580876078
88.174326,15.918534,50188.015,251.82153213535
88.076026,15.916862,2769.343,62.735925401023
88.144333,15.916627,1539.168,55.008331674703
88.139424,15.919669,106321.045,783.97204843863
88.064600,15.917499,3864.670,70.850058591132
88.126912,15.919846,87553.885,561.94413217974
88.214628,15.916928,819.484,49.582929249499
88.171352,15.917792,1808.591,51.310341968510
88.114976,15.918158,3108.874,59.253195470058
88.123621,15.918930,6246.978,70.803882927021
88.157302,15.917902,900.518,54.828297543261
88.216499,15.919500,5895.025,68.692505469928
88.023783,15.920230,22740.876,184.02654210391
88.087702,15.919824,6981.086,77.639396189069
88.065686,15.919043,1058.953,54.019813928680
88.135893,15.919912,4410.351,75.812184980525
87.984911,15.922440,81966.422,719.98253036535
88.011513,15.919833,1932.087,49.194295019285
88.081206,15.920498,2071.793,55.733801046329
88.030283,15.919822,717.653,53.566354637074
88.192845,15.921411,7676.249,89.894766871919
88.183232,15.920616,1043.620,52.935528492166
88.200795,15.922114,11720.402,91.624805974558
88.044477,15.921544,1724.928,54.702838994857
88.185351,15.922314,4143.884,59.546138436731
88.201581,15.923828,6546.861,74.614698145083
87.978617,15.921648,941.942,55.758918523152
88.219727,15.922116,1260.790,52.571397718499
88.192382,15.923762,13016.535,102.89628221875
88.070120,15.922175,1649.147,53.907321006463
88.035010,15.922527,2534.789,65.220011316691
88.191439,15.926058,137131.904,752.71170726139
88.094916,15.922572,1072.339,56.708055398190
88.019762,15.922594,2180.747,56.271648037245
88.016597,15.922969,1303.166,55.007887151342
88.137647,15.923491,4349.364,62.011711422792
87.991682,15.923908,4411.346,64.678529231089
88.097203,15.923627,2421.479,55.676638047443
88.126781,15.924766,11419.057,84.922706733977
88.134231,15.923972,2343.780,55.710539152896
88.220765,15.925748,7712.224,120.69024512473
88.084852,15.924039,1218.810,54.106552947370
88.185324,15.925241,7564.245,76.229656249743
88.143548,15.924516,2514.231,57.435010130128
88.017112,15.925255,6569.825,80.621340893312
87.983493,15.925872,10459.517,106.58698861117
87.998051,15.924926,1905.784,52.474560459600
88.156672,15.925772,5888.101,71.258784716503
88.045062,15.924616,1268.822,53.952593132505
88.042982,15.925249,1152.600,50.808606125280
88.063651,15.928378,45133.829,312.78974227600
88.076908,15.925265,1150.920,57.437353102227
88.108234,15.925848,3000.418,54.481092145957
88.101696,15.926419,2114.677,56.156480220494
88.034878,15.926639,7919.755,79.039059035490
88.212775,15.926702,4394.008,58.026903796242
88.013565,15.926372,1141.855,55.067763298417
88.028724,15.927339,8940.644,93.435488838218
88.138615,15.926360,1020.929,46.843544557404
88.115833,15.929477,82927.364,514.59342371743
88.218782,15.928195,4968.728,58.587256622596
88.211841,15.929982,54133.075,406.96244922895
88.018363,15.927554,821.901,54.020069818367
88.151705,15.930489,7748.011,78.577351692240
88.060156,15.929547,1053.364,50.310626674789
88.093821,15.929970,3072.510,56.173752777098
88.030039,15.930801,6130.075,61.463219620724
88.175897,15.930269,1091.441,48.689397596764
88.180045,15.933581,60387.185,345.83991485292
87.986595,15.931207,2506.040,62.598086702621
87.978850,15.931336,3633.001,60.275932912405
88.054126,15.930882,771.568,51.453827759188
88.025660,15.933105,9407.657,90.042235313150
88.019335,15.932003,1339.370,50.582268088566
88.176829,15.932706,2641.155,50.665774965848
87.980912,15.932045,681.350,53.171445271362
88.116109,15.934813,27961.334,158.65680412630
87.974846,15.932928,1369.153,53.254573355729
88.063422,15.934189,5615.244,53.613761588257
88.154626,15.934671,4713.359,61.640147280225
88.133532,15.934322,1182.492,49.940959589442
88.049042,15.935611,6263.164,68.050710491038
88.181175,15.936061,4464.839,64.110890379464
88.080018,15.935709,2268.299,52.964414400015
88.055423,15.935803,1381.200,53.173999499757
88.018298,15.936391,2293.581,52.400905188669
88.071430,15.937651,7861.137,73.537751760349
88.225524,15.936938,3710.519,59.902492209943
87.984874,15.937001,3570.372,56.884788229661
87.975208,15.936536,1018.234,52.890839934333
88.065062,15.937402,1237.389,56.072286099435
88.046340,15.942428,155451.571,1079.7116096369
88.223054,15.938619,2919.277,57.580607000113
88.093233,15.937817,854.300,53.910623893203
88.019006,15.938259,1084.092,50.126112427310
88.117902,15.942145,90540.365,561.48817178300
88.038078,15.939300,3340.139,51.031412166310
88.212934,15.939232,1501.764,50.224096937871
87.995482,15.943310,148198.827,1180.3683886381
88.030453,15.939968,1301.229,52.914397854677
88.088403,15.940788,1932.288,55.505502271754
88.176378,15.941459,3865.801,59.601109064845
88.186896,15.941550,5153.057,63.532715000496
88.137399,15.940837,947.214,52.554530071650
88.001735,15.941334,1114.712,52.669192179943
88.017490,15.941677,1063.911,53.766994372612
88.142903,15.942164,1389.613,56.557454884720
88.130434,15.942222,1082.652,51.364664955185
88.062092,15.943835,23749.923,163.84010767661
88.032636,15.943116,2627.179,62.642691843049
88.051508,15.942622,1102.038,57.521161429719
88.218916,15.942619,961.246,55.481672791396
88.048915,15.943380,1928.493,57.569024771164
88.070783,15.943222,1143.714,57.770379702005
88.006664,15.944136,6147.834,72.478075151206
88.181058,15.944345,4115.086,58.596895663035
88.189324,15.944962,9776.923,75.979325416571
88.011026,15.944205,2260.546,57.190235899651
87.997034,15.944766,5399.182,72.120026346914
88.057817,15.947061,57862.042,382.88262855348
88.136376,15.945806,14766.541,138.73497943648
88.090578,15.944769,1707.116,55.116916620332
88.141493,15.945266,2095.260,54.043293633422
88.072879,15.946043,7013.921,68.394328480857
88.050881,15.944923,711.069,59.468770438559
88.138577,15.946832,1289.457,52.929342395119
88.094492,15.946847,5900.385,65.920556825484
87.986526,15.946252,1482.040,61.050737297697
88.100634,15.946359,2157.005,54.886198119897
88.089146,15.946979,1771.780,51.328524710502
88.122128,15.946981,1705.798,43.439108771817
88.156020,15.946989,1944.762,55.348722252671
88.112670,15.947292,1288.164,53.722652770416
88.050892,15.947356,1310.188,54.913323176802
88.019180,15.948021,2084.993,52.725437166456
88.171000,15.947633,1091.605,45.602946116027
88.141695,15.949996,33288.530,204.51379092878
88.099367,15.948176,1422.257,55.073322015211
88.179646,15.949241,6831.536,58.572277210268
88.221292,15.948936,4159.104,63.541133838447
88.225866,15.948838,4086.302,65.804044674420
88.054729,15.949241,3008.812,49.546131754825
88.148451,15.951197,57988.887,335.02268454566
88.048277,15.949636,4621.298,63.045501083067
88.151912,15.950769,17621.819,116.12336124209
88.006637,15.950492,11120.075,107.26665141683
88.011193,15.949724,1300.021,51.003183552696
87.976458,15.950158,5473.027,74.915137090164
87.991466,15.950042,3196.443,61.075985380561
88.200483,15.950096,1002.648,45.684520550455
88.162511,15.951796,16298.639,112.36321235486
88.195453,15.950903,1998.083,56.026969781023
88.090118,15.950669,1373.677,47.879444015896
88.207005,15.951525,1627.502,48.223447092995
88.212597,15.951210,1347.505,49.130203388958
88.040488,15.951459,1426.944,45.686210770491
88.181247,15.951850,3577.910,61.096874245706
88.003946,15.951947,5944.337,68.929235933262
88.143713,15.951769,2356.424,47.350936019264
87.988297,15.952642,15512.638,128.16208243632
88.042936,15.951856,1136.885,46.310478558323
88.184191,15.951631,1083.104,49.446588720687
88.177635,15.954260,34031.469,244.91831974169
87.982232,15.952617,4432.602,63.072464612989
88.139390,15.952513,905.815,47.964879199888
88.098176,15.953635,7649.114,108.09438855342
88.113700,15.952540,952.832,57.130573030138
88.090454,15.953469,3253.012,53.458070998824
88.153827,15.953936,7495.616,68.214516252046
88.195573,15.954538,11089.094,81.528930990987
88.127793,15.953087,1147.419,48.506269843128
88.063914,15.953695,1422.328,49.994331942477
88.032814,15.956879,83481.328,516.99987283656
88.165868,15.954125,1106.540,55.948013480338
88.157894,15.954522,1961.864,54.138411728184
88.043475,15.955034,5351.856,61.776141804030
88.173801,15.954926,1513.151,55.355172847244
88.055035,15.955153,2001.209,52.007251574040
88.126597,15.956104,1759.779,45.758618190512
88.190650,15.958522,22473.814,187.62129625967
88.172839,15.957056,1292.611,48.856987127989
88.148788,15.957527,1165.336,53.453614951690
88.022256,15.958534,10816.616,93.394551687207
88.005458,15.958056,2663.687,58.866635445927
88.050304,15.959384,14809.939,107.61853478196
88.164267,15.958272,2012.288,48.887609614913
87.983699,15.959004,1110.144,79.711375580124
88.166781,15.958669,2339.464,54.691845683745
88.171821,15.958731,1044.674,58.346049665918
88.144545,15.958686,1454.224,50.423730895905
88.067094,15.959842,3493.454,59.357280842269
88.053542,15.959660,2108.675,55.788503547841
88.212536,15.960510,5636.088,71.891016701773
88.110891,15.960468,1885.901,57.719000185742
88.064856,15.961687,19637.222,130.47965207586
88.104422,15.961185,8860.360,92.525788674432
88.138575,15.960418,1193.651,55.840197382175
87.987968,15.961970,18965.768,161.07546018669
87.977380,15.961768,10409.667,88.377827397116
88.170268,15.961716,4134.886,61.347765930467
88.096754,15.962111,6304.375,67.280839748383
88.004625,15.961254,1383.800,57.662271820114
88.109243,15.962568,18768.685,127.45834297498
88.153609,15.962205,4778.958,63.320463854618
88.023393,15.961612,1148.734,52.206036845866
88.122061,15.961487,704.782,53.675853543951
88.032758,15.963155,16780.963,123.77123056382
88.218806,15.964571,56888.586,551.87684631255
88.086120,15.963421,11757.521,102.19582558559
88.204745,15.962772,1239.678,55.964344888254
88.143969,15.963151,1852.599,50.684796375229
88.146931,15.963251,1314.250,51.543697823843
87.996354,15.963872,2450.529,58.381173121899
88.035431,15.964257,4979.222,67.952962890092
88.060080,15.964312,4575.727,56.905872224857
88.134414,15.964754,6598.564,68.196611288666
88.198171,15.965075,12114.498,115.54391442465
87.979508,15.963721,900.106,55.518776733761
88.194917,15.966844,78760.238,612.35444235133
88.179609,15.965601,16941.984,157.38731068309
88.081461,15.964803,2372.268,52.523083964792
88.182736,15.964892,1654.815,51.504447349216
88.010300,15.964917,888.655,56.633227911176
88.090485,15.966884,27532.101,168.57994885753
88.123770,15.966006,1190.193,44.757333248188
88.034627,15.968374,56292.564,372.56157151477
88.163329,15.969689,101489.704,526.65070865467
88.029529,15.966329,1063.630,54.413420112682
88.179123,15.969546,69574.839,492.14724244466
88.027437,15.967576,3686.579,62.286353606758
88.044532,15.968764,29997.336,205.39525029823
88.057720,15.967059,1473.566,53.034514507009
88.036369,15.967500,2292.130,57.777298322904
88.170787,15.967322,1859.590,45.874122500623
88.049353,15.968183,3025.509,52.776342362681
88.213014,15.967791,745.878,53.235014709149
88.011998,15.968140,1907.166,53.170565554550
88.184786,15.969217,15300.047,114.26666380891
88.140786,15.968421,3599.968,58.982021815690
88.138826,15.968084,1091.872,51.624034553567
88.032454,15.968469,3624.854,54.748080984790
88.081559,15.968559,2318.200,52.474855729666
88.172402,15.970879,32919.570,224.63844687420
87.983013,15.969913,6711.544,72.249948193397
88.025265,15.968917,1663.152,63.024324866769
88.057417,15.970024,4790.123,57.254478990023
88.197522,15.970752,11638.792,113.31941617168
88.087158,15.969659,933.164,48.306044468865
88.216785,15.972105,10688.725,120.50241350054
88.079306,15.974699,109419.252,651.56549210479
88.027019,15.970998,2492.070,62.057953758965
88.054697,15.970823,1138.544,52.963198846838
88.119243,15.972875,22752.644,146.31964247867
88.137825,15.971834,2384.557,51.777017060336
88.088616,15.974861,104438.861,635.03779058892
88.166972,15.972839,17207.762,125.10353499476
88.077703,15.973331,12385.745,99.799518081760
88.145485,15.976142,151611.073,996.45392149213
88.201351,15.972708,3936.307,61.639629065335
88.116364,15.972224,1192.744,52.055098950696
88.170482,15.973144,5484.404,54.523743758701
88.190974,15.972271,1728.177,50.839949219595
88.185094,15.972176,994.353,47.124014785170
87.981752,15.973984,17433.453,139.05028176911
88.107950,15.973599,4933.678,58.082892008190
88.038473,15.975059,59218.613,363.84229404568
88.047008,15.973659,4324.589,59.028571809698
88.065487,15.973388,1874.685,52.208798909492
88.029607,15.974071,2758.492,57.151828463894
88.016326,15.974527,7326.318,69.997370612740
88.142768,15.973682,1015.663,48.198511795479
88.173787,15.974202,1328.120,52.921206505828
88.031827,15.974394,3257.425,66.870196043105
88.061996,15.977790,119560.708,629.17658871433
88.094735,15.974676,1328.131,58.620697003532
88.126975,15.978032,114511.994,664.92494674655
88.128478,15.975097,1585.016,52.003267263835
88.031270,15.976138,11598.261,89.646778447089
88.002434,15.976389,7449.179,76.228197296167
88.147574,15.976664,4211.939,62.993204205099
88.174793,15.975769,1793.651,53.259438036382
88.066237,15.976083,2812.493,52.524293420646
87.989549,15.975607,1001.996,51.259620577996
88.194849,15.975889,1974.463,56.416332123200
88.169453,15.978862,52843.082,392.19073448488
87.984520,15.977269,7050.045,79.898714851974
87.990247,15.977479,9899.675,89.633280526297
88.203231,15.978538,22365.578,204.79577461905
88.011030,15.977064,2411.154,58.456900356858
87.993128,15.977856,7469.705,78.926971565314
88.188795,15.977799,4350.161,57.696620874519
88.014330,15.977660,1807.397,59.500433046245
88.098259,15.977398,1684.712,54.401268037322
88.119667,15.978021,3751.771,62.683592881031
88.004909,15.977471,2218.772,57.744207482987
88.221951,15.978140,2138.202,57.404913403401
88.016298,15.978441,4160.283,63.466671211813
88.216254,15.978161,3091.133,65.656785637900
88.201928,15.981451,115958.533,899.09035638752
88.124890,15.978274,1271.042,55.460154728835
88.018937,15.979313,4406.983,63.101163515962
88.061728,15.979868,3658.132,63.899097159069
88.182225,15.979967,1539.700,55.423222614402
88.068485,15.981104,11541.705,81.699052246539
88.118557,15.979814,588.205,59.915245638903
88.173544,15.982109,18489.950,155.71402253426
88.092132,15.981465,3123.739,57.324197403876
88.195617,15.981776,2733.475,59.716109840079
88.155492,15.983398,20405.460,240.91276156888
87.985181,15.981769,1269.963,53.756668354036
88.126271,15.982587,5041.615,57.167243101413
88.081331,15.984250,20299.992,136.19387685456
88.014792,15.982726,2131.731,54.748613299051
88.078975,15.983003,2169.334,55.897989596187
88.068582,15.984160,17792.707,121.47777916978
88.037190,15.985120,70519.567,331.58472255475
88.189974,15.983164,2180.016,58.407235537238
88.086467,15.982950,1019.847,49.638865423783
87.976037,15.983702,5898.711,71.468800434150
88.214678,15.983704,3097.493,51.421015662185
88.026160,15.983916,3778.892,64.281065378779
87.991920,15.985274,46342.095,343.12483881038
88.039523,15.983407,1030.864,56.006358958000
88.006822,15.983830,1512.724,58.614591714968
88.224147,15.983980,1472.570,55.715237146617
88.051686,15.984051,1269.719,55.276810713092
88.170312,15.985348,5198.027,66.907674012739
88.118249,15.987864,87099.617,449.87816382433
88.089064,15.985095,2951.789,58.803412065169
88.055044,15.986953,4040.810,55.721992290723
88.199450,15.985988,899.600,45.987180365799
88.050060,15.986423,1393.924,50.729460320715
88.221256,15.987106,5150.571,78.542855062708
88.028081,15.986904,921.584,54.728498343683
88.158932,15.987062,713.427,51.459710548276
88.182435,15.989535,37071.244,288.87391543812
88.198843,15.991601,114099.744,1279.5446969145
88.015469,15.989017,2426.403,51.680975617173
88.187591,15.990295,15675.440,140.03139332198
88.081687,15.989245,2576.282,58.305438361296
88.001403,15.989542,4284.121,57.586203285979
88.166656,15.990044,5627.678,69.734840251921
88.143678,15.991691,28082.968,179.10000792988
88.127037,15.990874,11177.317,84.598385907895
88.092234,15.990795,4917.565,66.752340494700
88.201659,15.990844,6857.132,89.172076929360
88.105503,15.991044,2990.083,52.256805623358
88.056914,15.992542,7032.481,91.270041730370
88.171630,15.991577,2870.823,56.901412533498
88.157156,15.992319,8127.267,78.561974946594
87.983449,15.992581,9429.576,99.316929818223
88.066480,15.992688,15396.868,109.24432346312
88.005634,15.992851,8442.155,77.954468014676
88.165519,15.992911,17204.051,142.93306448540
88.014223,15.993330,16969.181,113.69717016855
88.097110,15.992764,2937.082,59.676530172605
88.141715,15.992162,1656.411,47.012976291049
87.988478,15.993323,7631.534,123.84268337749
88.185307,15.992966,2933.818,62.294170328022
88.112133,15.992455,871.880,50.895709819253
88.128182,15.993364,812.629,46.211847939852
87.977990,15.994367,8645.622,91.927638963588
88.210628,15.995604,26943.351,307.25030522201
88.038313,15.993933,1774.183,50.321056962162
88.186635,15.994597,3075.140,50.850072928664
88.193539,15.994749,3868.928,58.743174321020
88.166041,15.995612,6038.193,74.772725143174
88.024630,15.995256,2972.356,52.500628170125
88.142583,15.994743,972.702,52.961062105002
88.220692,15.995638,4920.874,73.503971768009
88.164295,15.996328,4694.280,70.127447697323
88.153914,15.996544,4709.442,63.341354083208
88.171224,15.996913,2760.040,58.858863733912
88.215812,15.996203,1078.959,53.767969753059
88.053322,15.997454,4838.636,60.033859809571
88.144763,15.996801,1207.619,54.524077163547
88.186723,15.997503,4246.316,64.244594980718
88.217801,15.997111,1636.002,53.661205208044
88.096414,15.997569,1296.657,57.080934575009
88.064973,15.997196,1766.336,54.723328880208
88.042787,15.998890,23150.217,157.68880624158
88.165292,15.999499,28991.995,243.42734155599
88.195750,15.997760,1536.865,57.578666390172
88.080193,15.998597,1826.523,46.977226104424
88.214147,16.000309,16104.926,189.21533097036
88.225224,16.002877,138785.794,1633.7737759631
88.029926,15.999264,1225.977,52.815827899297
88.208739,15.999854,2792.124,53.575258083947
88.018997,15.999445,963.965,52.478051864242
88.094758,16.000073,1432.146,52.891426683317
88.192655,16.000257,1063.556,47.534035145904
88.026736,16.000914,4231.443,66.595986164145
88.122973,16.001563,4437.848,55.484077982271
88.042341,16.000994,962.914,56.444198483738
88.182434,16.001980,3942.292,61.726575564152
88.043401,16.004519,54209.527,349.70825845912
88.208323,16.002863,6335.448,83.507396126020
88.117145,16.002802,3281.569,62.325467090532
88.090600,16.002599,1902.303,53.227969466414
88.020826,16.004405,23425.864,175.04800765130
88.084035,16.003707,5807.968,61.859459252408
87.992783,16.005197,57049.756,367.87161724060
88.012527,16.002822,741.428,52.096023912894
88.069056,16.004002,5597.126,66.921466421482
88.052162,16.003497,1967.522,55.854543164479
88.196136,16.006396,101050.922,1173.9677950902
88.224552,16.006219,69156.258,724.62109435360
88.054042,16.004311,3029.100,63.466729498924
88.115197,16.004070,1308.308,56.205027831465
88.004259,16.004742,2404.250,62.514086865328
88.062624,16.007978,39719.253,267.73765697459
88.133239,16.006009,21544.559,132.78596578244
88.155900,16.004335,834.208,50.493106048632
88.216347,16.006817,24814.300,307.95459497222
87.981084,16.007565,79392.455,583.29594664285
88.168584,16.005377,1380.973,50.947840049649
88.104644,16.005815,1451.546,49.155311464704
88.034418,16.006938,6711.450,68.287348977115
88.145315,16.005620,793.048,46.676863644058
88.107977,16.006100,1285.917,47.264716183313
88.060625,16.008997,63227.626,389.41914519894
88.037532,16.007202,3545.478,56.090679372567
88.198398,16.007321,5089.277,84.379755140277
88.065875,16.007956,8212.195,72.839197856412
88.176906,16.007193,1273.449,47.977698676880
88.203745,16.007272,2385.818,54.573842302548
88.024249,16.008757,15979.304,100.63056035890
88.214811,16.008011,2119.443,53.193637743269
87.993662,16.008152,2818.543,58.053257099640
88.187173,16.010623,77925.930,698.23939338438
88.160456,16.008889,4488.595,57.331169657394
88.154786,16.008810,3183.519,50.079274549411
88.078382,16.009760,16137.965,108.78837685867
87.998362,16.008789,1616.880,49.333496717396
88.112175,16.009097,1703.752,45.627278911098
88.172245,16.009428,5106.901,63.998382379835
88.098835,16.009186,2101.127,49.089774189831
88.047383,16.009631,6103.264,63.160997237171
88.075190,16.010588,3776.992,57.075633444107
88.118472,16.010724,3945.665,68.372610780767
88.045728,16.011644,16094.832,113.52498596626
87.997922,16.010776,1239.106,50.333071192165
88.082665,16.010798,1314.857,46.726024894697
88.043624,16.010660,787.553,42.831278490019
88.223406,16.011321,2882.649,66.135135722120
88.209367,16.010868,1369.513,47.630957343920
88.154259,16.012733,16583.737,112.57921367678
87.982816,16.011220,950.074,52.489483954052
88.162694,16.012950,16178.097,126.86964848710
88.110190,16.012838,3490.608,52.034158319760
88.024209,16.013450,16694.672,128.46759030147
87.978637,16.011953,1007.999,53.318462056627
88.210192,16.012520,3113.608,61.297318858930
88.019999,16.012178,1485.490,43.250532286820
88.143421,16.013831,15609.945,111.09229479041
88.105503,16.014067,6145.492,70.288006348074
88.217989,16.013113,2590.124,64.564274133881
88.057681,16.012761,1015.495,48.293343867032
88.034451,16.014119,6509.681,56.874206097269
88.157550,16.013596,3300.297,59.366600915274
88.101626,16.014200,1840.544,52.626709937007
