#mjd: 58221.99222
#filter: i
#airmass: 1.963
#seeing: 1.18465203
#m5sigma: 19.813
#exptime: 30.0
#night: ut180413
#ra dec flux fluxerror
87.988637,15.751386,2070.600,84.367156804050
88.089628,15.751899,3972.093,94.914025866837
88.044588,15.753450,52544.353,370.57535987704
88.003335,15.753256,27946.197,193.80027577533
87.978872,15.753070,5802.832,97.608685716158
88.194482,15.753221,8875.121,136.68771818265
88.170992,15.752639,2127.096,90.031128815543
87.990518,15.754352,28199.960,208.02155721181
88.015637,15.754792,68787.813,389.38200307386
88.182016,15.753539,3163.937,95.493624926909
88.204844,15.753814,2323.725,87.775060790353
87.986425,15.753539,2096.677,89.858580971912
88.035250,15.755494,10318.358,124.69556523712
87.978835,15.756367,49490.686,392.88879366825
88.147040,15.755430,6626.447,103.49413117945
88.133685,15.754651,1687.928,81.564155411117
88.135633,15.756347,1477.675,81.546940662714
88.199753,15.755096,2144.540,84.908777833586
88.198180,15.756506,1213.572,84.995561257750
88.052782,15.756719,12554.549,109.69214850374
88.089334,15.756271,8784.660,125.37809259608
88.070712,15.756934,17942.637,152.63198097909
88.002665,15.756052,2534.299,81.708955432494
88.099204,15.758651,38163.292,300.26650174887
88.041695,15.758326,27629.700,212.10833897165
88.077527,15.757246,2325.888,81.553976722888
87.962444,15.756820,1375.281,84.562781656377
87.959890,15.757386,1249.845,84.535722684455
88.066229,15.758319,11639.587,116.37961256262
88.074609,15.758964,31467.703,232.91760095431
87.987358,15.757347,2559.446,86.515947694832
87.996096,15.757453,1171.839,68.037867650262
88.107519,15.757922,1877.509,83.932719600167
87.977237,15.759159,12939.513,119.24487094901
88.027287,15.758752,2781.369,81.396865030581
88.125781,15.758801,3214.260,83.492841168021
88.019630,15.758860,2209.957,87.030811480028
88.085216,15.759878,6459.110,92.121558522120
88.016594,15.761514,28167.800,180.71612317289
88.117491,15.760957,4096.044,89.583582138776
87.972310,15.760895,4346.945,83.523361148277
87.995310,15.760778,1534.095,79.416366277317
88.024681,15.763916,135877.554,703.11053324020
88.065497,15.761977,20079.646,154.59519778315
88.175147,15.762731,60044.206,491.40905638763
88.082665,15.761655,1764.453,72.186575208243
88.169440,15.761741,2695.529,77.780840745992
88.027780,15.761753,1912.417,82.697658580036
88.009517,15.762865,4540.333,99.997256280817
88.058723,15.763006,3115.525,74.795465672200
88.088440,15.762513,1292.330,76.204385075561
88.178300,15.762984,1800.757,80.095898470665
88.197560,15.762792,1703.130,83.074177011541
88.118567,15.764332,10484.892,97.310815644961
88.120065,15.765523,4018.581,97.328181043887
88.001179,15.764091,9642.663,93.882534267744
88.003039,15.764826,1426.698,93.848562225969
88.020057,15.764753,6615.957,83.467372822753
87.960163,15.763693,1656.792,92.967966042527
88.109244,15.763844,1994.577,76.236109227144
87.994737,15.764900,14707.094,123.16292266187
88.048576,15.765419,10458.559,90.192292605877
88.047527,15.767608,2338.211,90.239465519183
88.077673,15.765267,2108.608,79.281042590817
88.078721,15.766928,6095.728,79.287489203972
88.130119,15.765559,5418.435,86.886288501121
87.974785,15.766583,22654.625,209.62927825473
88.091209,15.766070,4407.034,85.816644813833
88.008376,15.766452,2310.200,84.453636965534
88.013275,15.768408,32000.609,147.30202840589
88.185721,15.767122,4322.282,87.781928326110
88.197485,15.768295,27115.662,247.91381516908
88.099342,15.767475,3614.396,91.356484455631
88.159356,15.767535,3174.710,82.476144327890
88.038283,15.768883,8166.666,100.17131718042
88.120159,15.768312,2303.443,80.487747946942
88.105314,15.768032,2576.073,83.122600556141
88.168424,15.768891,10587.984,120.64594032647
88.106961,15.770115,10650.482,103.16748120742
88.085930,15.769703,2881.959,82.655444323565
87.960656,15.769418,1921.519,86.700797923963
87.958671,15.769554,2255.465,86.638038484125
88.011033,15.770335,9103.294,94.047573983968
88.068655,15.769475,1207.259,83.479367370229
87.964556,15.770392,9359.215,105.92989193129
87.994599,15.770727,5030.263,81.512604926605
87.993800,15.772876,1628.637,81.447419071031
87.994274,15.774999,5402.549,81.482096257770
88.149388,15.771461,22445.428,177.36378634823
88.022779,15.770032,1186.320,76.597190225813
87.972817,15.770890,3875.831,79.913484352878
87.973583,15.772643,2268.031,79.990986489119
88.034164,15.770602,2087.739,76.724043584081
88.035834,15.771559,3015.430,76.738162969199
88.049915,15.770579,2421.801,82.690345052361
88.051068,15.772724,4331.099,82.684286399711
88.182669,15.770793,2032.786,84.997308155858
88.013769,15.771823,5747.928,92.522517207548
88.199473,15.771007,2217.865,91.349187422743
88.168300,15.772736,20693.274,190.86987826050
88.072874,15.773333,40155.674,254.41698412004
88.081897,15.771299,1809.141,95.876453649294
88.083423,15.773101,1698.811,95.869974458769
88.113847,15.771750,1423.878,80.948094917485
88.138607,15.771293,1193.523,85.957025244225
88.008073,15.772830,11678.905,108.66150964012
88.036875,15.774793,85568.478,422.57235330780
88.203810,15.772855,2378.315,80.672878756290
87.976564,15.772837,1499.792,77.401968834341
87.989776,15.773681,9659.531,108.02902228351
88.146130,15.773974,8781.921,109.91310847389
88.206935,15.773706,4085.376,74.683921374771
88.188034,15.773830,1473.505,74.002201306934
87.960651,15.774683,2211.586,81.975771402550
88.049043,15.776479,33849.098,162.16999884895
88.050974,15.777938,2573.981,162.11397150721
88.118371,15.774984,1943.616,83.295327693033
88.176264,15.775169,1903.143,84.242742365407
88.167447,15.776444,7414.489,97.854708643672
88.045759,15.776649,8769.407,105.48771839930
88.206192,15.776871,17624.866,188.24752356981
88.157518,15.777330,5081.392,86.925740624586
88.020115,15.778282,27659.415,179.50040651757
88.007209,15.778966,98560.794,500.15004701520
87.979220,15.776971,1391.428,75.070791404946
88.142027,15.777669,3071.002,83.656137018035
88.014117,15.777390,1399.574,84.941700097609
88.054097,15.778359,4768.673,93.716376816162
88.102786,15.778104,1880.519,76.784689404895
88.150073,15.779013,2612.345,85.137929680752
88.012003,15.780128,9306.623,104.37166601100
88.164352,15.781922,56430.836,357.02879721803
88.203911,15.779954,1366.401,83.236013787087
88.000541,15.780945,5636.711,92.220637984992
88.200548,15.782040,15096.477,172.17157025136
88.147675,15.782027,6546.557,97.085555296140
88.155106,15.782091,2956.106,78.349945821967
88.068484,15.784234,69390.316,408.04166844714
87.985608,15.783082,12107.728,110.18459228526
88.178572,15.782054,1324.935,85.147528377977
88.122657,15.784411,14951.613,115.95314897318
88.029828,15.783168,1788.032,77.747830369096
87.976494,15.783517,5881.138,94.064174060127
87.975632,15.785940,7623.164,94.093937679079
88.012869,15.785823,90294.539,420.23928884676
87.957392,15.783619,4182.795,89.025956279211
87.993710,15.783682,1820.435,86.827661381377
88.179692,15.785207,12307.587,129.02572613886
88.194305,15.784295,2251.067,83.547860255306
88.065390,15.785042,4214.268,91.947331028363
88.017075,15.784312,1327.083,86.584965966420
88.104750,15.785711,18701.468,111.21285575004
88.189389,15.784498,1163.190,77.960196132107
88.201577,15.785677,4374.371,89.891207010361
88.135193,15.785334,2784.851,75.132459529321
88.017979,15.787117,63314.351,324.32036916303
88.145278,15.786993,25541.680,162.81047393277
88.071536,15.785801,6382.962,90.713584599237
88.162707,15.786581,16570.788,144.96107337970
87.968687,15.786377,8529.736,109.73232584217
87.980312,15.786052,2385.492,83.036147186682
88.171223,15.785598,1464.309,83.808651399408
88.004261,15.786804,11091.172,102.52079676484
88.089555,15.786400,4283.242,79.649873214218
88.128469,15.786683,6576.725,87.257799719190
88.112990,15.787611,14725.860,114.27782070066
88.057748,15.787261,7155.297,92.071217143794
88.192957,15.788426,23035.647,158.75488672516
88.191120,15.787674,5469.534,158.86874780286
88.165635,15.787229,2006.815,70.638346666328
88.063559,15.787609,1300.302,68.853343534695
88.141175,15.790735,120998.152,645.64964245331
88.080161,15.787769,1613.704,70.314522331598
88.196249,15.787893,1480.079,79.988023732053
88.004066,15.790434,107462.887,423.98828657527
88.010042,15.788323,2492.249,72.205861143297
88.115595,15.788487,2134.673,77.373086967046
88.021131,15.789481,14580.760,99.507005804146
88.133874,15.789450,9065.059,98.460795652051
88.150038,15.789575,3704.105,87.433730180097
87.998329,15.789658,1552.564,78.952871314963
87.985505,15.789329,1651.083,80.312108870574
88.174770,15.789593,2131.462,82.249922029273
88.096633,15.790330,2653.845,84.924552172436
88.147349,15.790332,5217.588,84.695898228954
88.123577,15.792303,21148.496,146.51581403033
87.990795,15.791970,6441.225,98.136824272193
87.988540,15.792787,12473.075,98.113806418706
88.019141,15.792505,4986.828,75.540211443627
88.059552,15.792481,9442.942,105.68849137714
88.161616,15.792254,4665.048,87.967704364990
88.194903,15.792285,2022.468,85.876591280280
88.082170,15.792517,3035.714,79.029775660875
87.974493,15.795426,144080.800,955.45611909687
88.208241,15.793439,nan,180.28344247401
88.207310,15.795813,1693.900,88.151969841944
88.188878,15.794642,23550.025,88.144115226627
88.114448,15.793795,2872.452,621.96451484504
88.172681,15.793999,3249.291,94.227721955078
87.988339,15.796430,115521.996,416.80769618237
88.118478,15.795063,10854.382,135.88725378444
88.192552,15.796139,53820.938,135.88370187764
88.083229,15.796859,23083.387,79.206740472226
88.081887,15.795509,2152.316,125.69198276998
87.997121,15.795185,3324.155,87.065366613727
88.175262,15.795728,10945.405,103.23000267938
88.085212,15.795000,1635.622,90.645418963812
87.981526,15.796038,11099.921,91.518949195193
88.006747,15.796306,10869.062,97.037264778193
87.960984,15.795447,1869.781,86.233732614972
88.146451,15.796403,3207.824,499.99847084556
88.169221,15.797139,4506.706,136.62326075467
87.991538,15.799417,91995.286,136.45800870035
88.151645,15.797433,3578.139,86.320578110407
88.151652,15.799297,29380.985,95.874738770337
88.041373,15.796998,1083.220,121.27174923005
88.071719,15.798071,3874.977,87.287977893833
88.189521,15.798344,10252.111,87.263326859292
88.126058,15.798070,3604.658,72.304744378515
88.123768,15.798461,2337.978,92.614054823445
88.159807,15.797435,1878.580,93.882433623635
88.120833,15.798404,9063.438,92.035950207380
88.206356,15.798471,6729.119,217.70094849283
87.983907,15.798387,2892.951,79.707582946458
87.994610,15.799844,42512.817,101.98127413497
88.027309,15.798510,1941.708,121.54497750981
88.129935,15.799751,15231.383,132.05090612203
88.096893,15.800613,19288.963,82.957942386792
88.043898,15.800792,16951.576,74.521829121429
88.030573,15.800434,1818.969,74.541851341028
88.160102,15.800202,1309.206,132.67362717202
88.158638,15.801916,4976.877,119.40775201139
88.102155,15.802673,22738.196,96.204285357105
87.955605,15.801733,7683.094,83.216215617154
87.985390,15.801404,3733.246,110.20433375013
88.207806,15.802307,nan,93.163401788664
87.978933,15.801675,2229.100,101.39938210761
88.171488,15.802992,14372.917,505.90287588945
87.958536,15.802183,1522.932,555.14442996618
88.040214,15.803029,11823.437,555.18830868614
88.103049,15.805292,110979.302,555.60329228554
87.992042,15.805499,173906.926,85.099697185130
87.993022,15.803912,1839.060,85.135911925843
87.991261,15.807592,2705.756,81.775545350520
88.031223,15.803677,9181.110,81.752497530880
88.033550,15.804698,2733.192,81.673597454715
88.167376,15.803472,4028.629,138.31076083656
88.165108,15.804590,4843.445,85.748245380972
88.167046,15.805953,1763.454,392.88818578562
88.136649,15.804818,25570.797,372.72957196364
88.190444,15.803612,4446.382,76.344582199051
88.024900,15.805868,120048.530,268.82514085036
88.187099,15.806460,53440.494,102.99551727830
88.087862,15.804687,2356.288,129.51004306395
88.177139,15.805904,40947.073,76.262458681583
87.987789,15.805538,6660.303,106.52149463465
88.208160,15.806771,nan,328.69369661862
87.979558,15.806142,14569.910,67.132477456808
88.001989,15.806473,4321.332,80.572156087522
87.956354,15.805927,4467.651,107.03633839533
88.129636,15.808193,74813.613,132.14822192224
88.190035,15.806208,2170.847,132.07011689784
88.143412,15.806832,4050.877,134.59082972634
87.982948,15.807343,8512.504,134.61785409585
88.006297,15.807463,4596.867,86.105553012018
88.008108,15.808780,30991.457,119.17048768370
88.099974,15.807215,5217.871,79.966178947871
88.097847,15.808503,27648.425,79.935877568112
88.171762,15.807707,2918.619,85.909874067324
88.016472,15.808834,16389.310,76.655475078092
88.157599,15.808182,5730.951,79.675024503680
88.155826,15.810092,2340.926,160.88208802236
88.067395,15.808465,4642.868,118.79035708975
88.122890,15.808156,1268.749,82.638868729106
88.193530,15.808648,2632.704,88.080019511824
88.160908,15.809852,27690.460,77.230312506481
88.102154,15.810078,17145.823,129.65369333982
87.985935,15.809293,2578.664,114.01876431732
87.963147,15.809519,2322.101,80.557700054622
88.107407,15.809642,2754.992,81.736861717518
88.121820,15.810707,23308.115,81.657193743413
88.206872,15.810737,9856.856,74.130870872732
87.982868,15.809950,3322.561,82.582580252178
88.038275,15.810303,3422.755,73.741345573673
88.037528,15.812274,3527.146,263.57893032407
88.087204,15.811519,4507.928,118.10710659028
87.966606,15.810725,1349.193,133.92247220729
87.975873,15.810534,1053.571,77.574174483472
88.142689,15.813496,56350.999,91.682497280178
88.024427,15.813026,18529.891,91.041296105622
88.010952,15.813409,28164.659,81.273343559775
87.969754,15.811778,1417.721,84.126270211320
88.198698,15.811937,1821.700,180.22691136446
87.962167,15.812102,1811.964,112.14664266854
88.176632,15.812040,1452.063,177.69664768650
88.102347,15.812787,3330.708,101.48226874310
88.050794,15.814681,27561.589,96.434489801913
88.180613,15.814209,13911.137,96.537377383995
88.175269,15.814571,23130.692,97.119425097786
88.162350,15.814368,17206.365,97.077935667113
88.166140,15.814647,19214.743,114.70247744304
88.168055,15.814226,1852.339,80.334028319237
88.171792,15.814798,9868.482,71.812760368046
88.170786,15.816559,8141.103,671.50498920204
87.995932,15.814885,17964.075,158.57795486662
88.189163,15.814155,1861.621,79.879712875623
88.000205,15.813708,1526.044,113.57104723727
88.046320,15.817240,145876.364,247.08517192514
88.104921,15.816466,24827.699,147.09131443416
87.972990,15.814810,3258.956,83.879639291237
88.204966,15.815658,7549.636,97.248787547295
88.079903,15.816949,54067.317,87.313097669200
87.955746,15.816041,15424.114,90.792772276732
88.040517,15.815567,3278.944,84.151659279778
88.093331,15.816247,8072.961,76.282598644491
88.153173,15.816046,3924.990,93.576373156074
88.065204,15.815053,1243.138,97.439518182484
88.088527,15.816101,2975.019,97.358082473552
88.002430,15.815735,1994.147,84.641580528356
88.077249,15.816381,2830.781,176.00675527106
88.157315,15.817269,10434.961,269.75321122055
88.156285,15.819142,1182.793,92.433704052510
88.138072,15.816681,1812.687,136.21673087404
88.160955,15.818547,39997.074,136.22411219109
87.971360,15.818233,39093.657,81.434359469650
88.074255,15.818035,7398.598,131.16114254327
88.184119,15.817160,1551.059,168.83581127723
88.183052,15.819446,27799.140,169.06752653285
87.978283,15.817416,1763.172,103.36286760666
87.963536,15.819113,12063.023,81.263610972374
88.007497,15.819884,37933.370,88.491881134478
88.004983,15.820650,20517.911,83.483679893856
88.070723,15.819412,10491.999,341.69091123610
88.189029,15.819060,3538.522,88.963065269109
88.050746,15.819460,4275.734,103.00491760888
88.094323,15.819711,3002.247,108.89733734409
88.073013,15.821902,65854.589,90.882995815998
88.103257,15.820264,2596.260,107.00041506707
88.010356,15.821093,10257.148,107.16272478715
88.110768,15.821573,11643.718,75.566391543674
88.123761,15.821568,6680.129,75.482458344123
87.971723,15.820928,1644.419,98.300880343227
87.969620,15.821950,14322.511,90.527156339420
88.084188,15.821182,2257.730,82.272675931440
88.085333,15.823306,1809.469,85.046182338482
87.983849,15.822279,3631.244,88.740507289314
88.198094,15.821777,2258.405,78.780485392952
88.034829,15.822713,5095.401,83.393556348724
88.051082,15.822132,2272.861,93.881295131884
87.993522,15.822094,2097.809,83.697085114454
88.179112,15.821958,1596.350,83.649720181977
88.001919,15.822644,1895.736,80.050601803160
88.018369,15.823621,4840.445,78.639979754449
88.108771,15.825697,2404.123,89.244284057001
88.108991,15.827838,7601.425,80.821558620215
88.039191,15.825792,4493.311,174.39409530687
88.131123,15.825975,3855.475,174.19604629350
88.089248,15.827709,8321.107,77.663443421037
88.050156,15.827965,3782.047,77.714926341593
88.181723,15.829316,33670.197,115.77642823597
88.183319,15.830478,3408.960,115.91137064271
88.134670,15.827562,1421.608,83.500530146043
88.134307,15.830024,3729.697,83.661283966377
88.068775,15.828365,2394.320,104.00925396727
88.068580,15.830248,18473.367,105.76677594446
88.103436,15.828931,4103.210,75.034200157804
88.174849,15.829324,4079.039,102.10649708382
88.187440,15.829922,11256.946,76.214673569440
87.994448,15.829684,9784.771,456.98031697144
88.039914,15.829497,2085.389,456.87861581268
88.178175,15.830293,7063.091,88.132031307721
87.991200,15.829527,1605.991,163.83446618971
87.984316,15.832087,106658.186,105.89713401847
87.982327,15.832853,22496.565,105.96444794629
88.166282,15.831122,9724.292,78.383754797919
88.175081,15.832186,19057.175,85.259468161779
88.201561,15.832552,12970.183,79.865958395796
88.200713,15.834557,1702.200,79.784137948299
88.138886,15.830837,1123.813,82.906617854282
88.198506,15.832008,1676.462,69.357120920535
88.179498,15.832924,1892.063,75.448389347599
88.181099,15.834604,1627.688,80.122039196144
88.184831,15.833089,1230.554,81.851720787292
88.161534,15.833210,1467.893,100.96385512898
88.057105,15.833486,2125.726,225.07183128190
88.007247,15.833212,1221.230,240.14964142354
88.168861,15.834098,3155.467,240.08377983381
88.023379,15.835196,9797.824,100.39547597071
88.105690,15.836073,43059.249,94.891985065226
87.992523,15.836459,54251.352,89.772634280174
87.994993,15.836370,2681.076,89.811691419243
88.036313,15.835287,10422.874,90.066769340968
88.071218,15.835136,1970.613,156.16256534805
88.148580,15.835173,1266.574,105.21437881461
87.977292,15.835774,7318.629,192.92967032443
87.987184,15.835394,1624.936,193.04598629074
88.012129,15.838189,19724.149,292.18574064385
88.101285,15.837421,11109.604,231.55528456810
88.195041,15.838194,35357.792,73.783464136790
88.197239,15.838895,2732.522,81.992652865545
88.079471,15.839581,52465.771,112.25600033415
88.046162,15.839723,40721.627,191.78935437384
88.136868,15.838184,1502.687,191.95056878685
88.065802,15.838984,1799.289,93.935993638106
88.203346,15.840242,8043.135,87.001001864214
88.075312,15.841178,38866.564,652.68123637035
88.076562,15.842560,5576.287,96.098159002617
87.989031,15.839371,1072.171,96.162143506034
88.040002,15.840030,1419.536,81.702193116521
88.001708,15.842662,116432.259,77.675062320242
88.057675,15.841267,4661.411,83.904211337912
88.059402,15.842211,7778.138,79.809915608460
88.165608,15.841093,3261.822,420.61990919278
88.185381,15.841092,2753.410,420.69783491372
88.013899,15.841241,3797.003,87.465591781877
88.169927,15.840890,2728.408,85.995605810087
88.122462,15.843337,150795.006,79.231211820027
88.123550,15.841181,1484.624,230.65737737016
88.018278,15.841143,1891.180,78.684638311974
88.151921,15.840991,1641.582,95.946126765356
87.985915,15.840412,1066.261,194.87291627481
87.966288,15.842386,29358.403,87.718154909726
88.052934,15.841743,3351.018,234.07227984130
88.024804,15.842572,9812.623,127.46120326555
88.068072,15.843798,30711.245,82.892792384279
88.143392,15.843014,11225.739,97.424906879924
88.036117,15.844351,44238.765,86.306474699657
88.208285,15.842899,nan,112.84015619909
88.132816,15.844059,20181.142,149.55801627686
88.119167,15.843615,4211.026,94.454172972133
88.181198,15.844150,7058.879,85.541336607241
87.957155,15.843642,2107.473,98.047059176943
88.051062,15.845231,14340.015,391.82089791741
87.986719,15.845748,20454.237,94.371454756274
87.969323,15.845225,4240.450,77.195816819613
88.104173,15.845807,8519.787,76.622774399988
88.169897,15.846724,8661.322,83.796800570485
87.966175,15.847457,49264.064,80.021343648169
88.047136,15.846514,6818.805,75.559005249348
88.093166,15.845912,1843.797,161.87836689868
88.080055,15.846303,3698.372,161.71563932976
88.002187,15.846572,1770.351,92.957341550757
88.144471,15.847018,3625.499,92.831885985406
88.053963,15.847427,4215.256,99.757458239970
88.132908,15.847098,1805.109,82.625350573718
88.132009,15.848858,47465.118,84.022857211731
88.147909,15.848669,11791.219,744.02410325686
88.148830,15.850550,1511.088,83.017841282130
88.012428,15.848926,10504.349,97.251810456911
88.158891,15.848714,5258.966,190.38957612455
88.152052,15.848942,5171.442,77.950635428381
88.129962,15.852067,179281.532,93.382251202654
88.154786,15.849357,1953.945,74.340465964640
87.979771,15.849943,7961.858,93.171554481745
88.027497,15.850982,31570.984,80.375106053201
88.199553,15.850274,5506.029,76.788995301176
88.001653,15.850238,4815.169,84.211778382859
87.972069,15.850013,2625.010,84.301523517913
88.098092,15.850232,4773.076,79.953440970251
88.184953,15.850076,2785.710,74.402312088288
87.986454,15.850066,1716.800,74.665497490279
88.091543,15.850873,3508.825,81.418883126041
88.089536,15.852027,1929.379,81.407165375285
88.174232,15.851307,6234.004,86.429469734582
88.086068,15.850860,1471.713,100.38078772430
88.137295,15.852036,1178.152,426.91068099309
88.147128,15.853117,5361.523,334.90347009420
88.144763,15.853363,1328.729,87.766471128405
88.017607,15.853101,7542.068,145.18286982293
88.183317,15.853531,6634.951,101.96892816798
87.963153,15.854736,69291.806,78.628900014858
88.071761,15.855355,55613.736,83.582659765312
88.179089,15.854179,4415.639,79.900131133344
87.959279,15.854418,17238.488,125.18003071382
88.086350,15.854545,13134.345,85.531018112505
88.162991,15.853802,2407.978,98.077214817133
88.045814,15.853940,2398.565,79.204919496365
88.136084,15.854909,3432.916,131.88842333795
87.990232,15.855555,10588.702,131.76473431041
87.972532,15.854486,1519.483,131.81041995480
88.124833,15.855641,3297.532,866.40642132100
88.207549,15.855726,4693.783,82.464526350591
88.175679,15.856050,15264.272,102.98751014577
88.177763,15.856578,16843.467,148.62303590418
88.177624,15.859043,2179.586,105.01248878421
88.075615,15.857791,149116.960,98.355841787283
88.127670,15.855733,3474.279,90.899164859061
88.096651,15.856263,6900.104,85.009742763970
88.166477,15.857438,19898.481,604.82413260893
88.003572,15.857054,10754.347,605.46965535153
88.100744,15.856799,5196.928,82.312460050442
88.026276,15.857100,6899.839,79.019861204146
88.143055,15.857148,2536.874,140.47298883658
88.020652,15.860456,97256.694,164.88573031110
88.020916,15.862680,83375.934,164.95672617519
88.037565,15.857717,1651.138,165.01582366571
87.979352,15.857365,1438.019,86.080003705095
88.080515,15.858953,18211.040,135.12804766420
88.034405,15.859365,37557.878,232.11777234497
88.032093,15.859338,15220.835,74.143687304255
88.030467,15.860801,11137.559,84.645630871856
88.106194,15.857734,1533.233,91.320047500602
88.108434,15.859350,25878.452,91.279680662199
88.040917,15.859743,41332.365,600.12341228198
88.009893,15.858317,1421.834,87.247758388233
87.992985,15.859142,5147.704,102.03561071660
88.139184,15.859980,3324.104,99.322814372744
88.141094,15.861072,6685.177,109.95355739026
88.151733,15.862253,93403.931,77.164540887628
88.199320,15.859998,1668.457,97.473863659968
88.122646,15.860264,4918.465,296.96297279430
88.099367,15.861316,8316.340,85.627860284564
87.986679,15.861675,10093.546,102.89629276320
88.136658,15.861498,1612.615,88.371210588772
88.050386,15.863645,8366.903,87.948077956449
88.179505,15.866321,46849.647,79.722472596239
88.031972,15.864216,6790.289,91.619374318705
88.082274,15.864194,9570.725,89.536622327409
88.100486,15.863784,1387.907,94.243321374386
87.996916,15.864532,2001.352,201.24545969942
88.198089,15.865247,3489.125,85.971944910411
87.964881,15.865366,2013.121,86.981059171242
88.013930,15.865055,1891.700,86.984595409032
88.018734,15.866567,5139.838,81.899873588558
87.967935,15.867909,24659.689,132.13972023443
88.163019,15.867751,5740.263,93.484062458001
88.175935,15.867672,6219.098,93.483870713514
88.174037,15.868638,1659.866,91.307488831599
88.165926,15.867522,4111.314,1066.0940669831
88.029579,15.869199,17654.102,115.71673915973
87.960320,15.868694,5801.477,115.76126111135
87.957910,15.868450,2221.417,118.94493343698
88.133771,15.869454,11110.898,79.785570492980
88.198075,15.871700,154567.304,75.462154316414
87.995954,15.870202,16803.036,79.141173989395
87.994014,15.871031,9291.656,71.050163769149
88.141712,15.870553,16574.015,88.389567052379
88.096551,15.869636,1708.752,83.278662065428
88.117028,15.870134,3336.459,73.261767172337
88.146832,15.870289,3915.369,81.988480941813
88.160668,15.870572,974.327,445.31389076210
88.149592,15.871614,5363.342,445.46034941741
87.973348,15.870884,1906.315,86.883707626165
88.163671,15.871146,1949.978,82.682100343519
88.105576,15.871549,2275.962,95.080541918733
88.063841,15.873719,80262.505,87.662252977475
88.062747,15.875658,2945.475,88.414494634917
87.966667,15.871544,3407.139,323.61991270492
88.034309,15.871747,2951.768,84.653043196347
88.205311,15.873767,3899.625,69.985468525024
88.208214,15.872877,nan,79.587366594058
88.125958,15.873259,5654.284,240.48227269252
88.027369,15.873129,3453.720,75.191174755484
88.029577,15.874713,50851.574,111.93569849491
87.998279,15.873258,1456.584,90.213129319341
88.166553,15.873812,2361.341,84.314509321851
88.003290,15.874005,2642.716,86.094583526303
88.078683,15.876800,33733.470,280.90930970700
88.182769,15.875289,1371.823,531.55741531752
88.104874,15.876670,11737.363,89.156660828448
87.972812,15.877060,4889.321,89.098205588586
87.979912,15.877117,1843.498,101.27680463421
88.119936,15.877655,2959.332,85.387340805463
88.084321,15.879928,36027.503,90.674439218899
87.985627,15.880429,80782.655,92.163240669776
88.137314,15.879469,3826.143,94.013362731299
88.135086,15.880396,4138.668,193.30924057684
88.034319,15.880429,7237.948,134.77934600299
88.124253,15.880193,3728.185,94.387918692042
88.057663,15.880560,4047.305,101.54368560560
88.194096,15.880604,2259.294,90.748150805073
88.079371,15.881190,6484.133,466.39712490361
88.111668,15.882217,25979.385,108.23514068510
88.183379,15.882584,17126.484,108.18689007133
87.975646,15.881202,2118.622,84.142228395505
88.019506,15.882199,6875.054,80.973405835038
88.042247,15.881379,1796.021,81.008748245958
87.992371,15.883662,63942.805,81.129956704085
88.123787,15.882857,10496.446,730.99042315899
88.122953,15.884756,4052.125,87.860107045755
88.128786,15.882073,2813.923,86.296788981655
88.004320,15.883115,1512.110,87.977594955711
88.004286,15.885711,2296.755,107.86329288713
88.002155,15.887089,2802.261,107.73815427972
88.046202,15.885540,121666.907,107.81677570195
88.102358,15.883889,6868.152,86.581374415936
87.981687,15.883647,2153.039,81.620763161848
88.016511,15.883431,2249.468,84.806685357690
88.174086,15.885488,15578.495,76.364904924338
88.171923,15.885580,11380.247,76.398634322333
88.169976,15.885787,1670.002,112.34405578694
88.034153,15.884334,3769.666,93.085368574881
88.154266,15.884531,2738.800,865.75837493702
88.073745,15.884369,1806.322,123.52371623301
88.031169,15.884144,1535.072,82.599327631332
88.032242,15.886251,3014.916,366.07416412814
88.019000,15.885630,9950.606,365.87562040144
87.967859,15.884392,1235.775,81.291099535574
88.076643,15.888010,134798.536,81.284167014471
87.956241,15.885408,9584.252,82.934539971833
88.145998,15.885246,4053.069,118.01552065361
88.082553,15.887077,68648.648,82.666928831774
88.084360,15.885753,3008.058,80.989846024104
88.089899,15.885754,2781.210,87.977113337490
88.087708,15.887006,4136.335,75.667229559180
88.127848,15.886619,4056.988,84.516207344610
88.142608,15.888010,15964.643,83.638291467303
87.970393,15.887109,1512.693,75.497454299740
88.040383,15.887298,1563.853,75.524772276556
88.186131,15.888484,7378.432,75.416935197168
88.170762,15.888309,3399.212,76.753445586967
88.046126,15.888463,4247.787,83.400915011082
88.069524,15.888248,2286.396,84.423545823791
88.133024,15.888772,3309.491,98.527911293035
88.130369,15.889116,3742.722,84.660272613544
88.134944,15.889263,2135.888,77.372072566199
88.062753,15.889266,2713.096,77.536591694543
88.193109,15.889713,5485.877,81.536904128409
88.148787,15.890148,6683.823,251.35912494212
87.991496,15.889980,5466.178,64.686271918054
88.066145,15.890873,5146.499,78.238708378436
88.025209,15.891782,2572.856,106.95468751262
88.109623,15.891879,2341.872,106.85261742813
88.032692,15.892108,4033.850,106.76333128274
88.046719,15.893050,30423.740,83.739118301419
88.085958,15.892395,3062.404,82.056336968742
88.194213,15.892470,3454.028,77.007688384703
88.162161,15.893489,4710.976,76.885257331556
88.164178,15.893681,1946.356,77.535006680511
88.162878,15.895455,26361.415,776.74698871500
87.992351,15.893446,4750.730,777.61143907446
87.998329,15.893263,2940.438,140.00943669956
88.131282,15.893159,1761.671,114.25547087743
88.132713,15.894534,3481.558,84.386910485864
88.169711,15.893997,2277.636,83.244047109439
88.076531,15.896563,161136.220,76.393854367697
88.074243,15.897859,1097.066,131.06495351046
88.028416,15.895416,21948.118,80.619385989122
88.190266,15.896022,10415.641,77.230798906854
88.072694,15.895232,1211.307,504.55617827909
88.009990,15.896246,5015.738,110.31237930646
88.060846,15.896237,2982.552,92.210049642708
88.197976,15.897168,12858.183,250.10796510684
88.002473,15.896358,1749.124,83.703791340945
88.121709,15.896709,1871.170,83.746940494740
87.978288,15.898911,72847.552,79.568154693770
88.106652,15.897868,10098.927,90.929832130002
87.995300,15.897649,2370.350,84.367936291670
88.102075,15.898609,28237.231,85.019414302159
87.983058,15.897368,1374.604,84.091884300536
87.984850,15.898676,6585.727,275.82185065037
88.095882,15.898600,2710.247,83.267633694496
88.043071,15.899129,6143.826,139.92295262484
88.203487,15.898966,2954.492,112.38382006158
87.962972,15.899216,2234.060,662.61828216858
88.007216,15.899687,4611.272,663.66816212442
88.183843,15.901093,40477.838,70.008925552453
88.128161,15.899746,1639.026,93.604426035801
88.020829,15.901020,17292.237,80.119869113415
87.994833,15.901308,8840.151,82.294642475636
88.014178,15.903829,173108.687,104.76211734709
88.013672,15.906215,14083.705,274.40047523076
88.163257,15.901357,2512.084,86.094680755775
88.154673,15.901763,4353.304,103.46941187128
88.035235,15.901969,2557.823,231.26369962343
88.205823,15.902040,3583.849,78.351954419228
88.091144,15.903292,7612.793,78.349259945874
88.198297,15.904721,36671.491,605.90758706083
88.027280,15.903823,1491.656,605.55996372075
88.017942,15.904698,7388.670,88.801154984262
88.076810,15.906006,40638.436,105.90714818696
88.139091,15.904982,3473.062,197.73398211421
88.136646,15.905529,4757.778,91.879140479535
87.968153,15.907250,118694.784,77.454070516575
87.966262,15.906418,15570.712,93.822827367298
87.981478,15.904987,2439.958,93.831061162080
88.207553,15.905460,7382.031,290.39431999721
88.142456,15.906344,30978.227,290.00269001915
87.963574,15.905103,1512.933,81.046510788251
88.159418,15.905412,1887.234,269.19647433423
88.166907,15.907963,15899.790,87.246492093842
88.169054,15.907927,1180.387,77.701630131085
88.117871,15.909631,62696.098,76.544606022347
88.119785,15.909231,8450.597,239.52483387591
88.063385,15.907054,1722.264,73.890965211204
88.202297,15.908696,37154.523,81.943858314623
88.049995,15.908186,3102.421,81.937813135759
88.018331,15.908537,3241.791,82.747470334250
88.080754,15.908330,1390.162,73.751753855578
88.096123,15.910598,34016.716,80.643980898080
88.155467,15.909284,1674.160,95.283603460996
88.173286,15.910005,4144.320,81.555352097669
88.148964,15.910185,6322.825,78.923826694015
88.161122,15.910784,8662.209,95.816416309548
88.143532,15.909800,1126.552,79.008447838216
88.089287,15.910363,1604.939,83.368783004031
88.066210,15.911391,7981.097,75.447708461356
88.103132,15.910254,1247.602,758.72685214052
88.123842,15.910404,1553.099,76.874378732432
88.084101,15.911877,11047.635,247.47503662664
88.050710,15.912115,3062.996,145.97556013394
88.038357,15.912999,2935.190,96.930677774674
88.179929,15.912501,1452.168,82.071974528337
88.110406,15.915295,102045.557,237.34349474054
88.174849,15.913486,3994.162,227.92862519263
87.998487,15.915200,37960.387,227.87423394985
88.028187,15.914849,24365.680,73.852204897467
88.153071,15.914749,14295.262,76.356262188110
88.078973,15.914269,3768.952,76.352787319836
88.176045,15.915938,48372.838,81.131401001884
88.165118,15.915409,7176.684,81.030056413552
88.163319,15.916902,60464.955,433.58842186409
88.061706,15.915272,1605.524,84.021223383898
88.179256,15.915878,2352.945,85.243498408514
88.181385,15.916875,1232.062,349.76385830317
88.142056,15.915849,5158.193,91.307618304046
88.144311,15.916626,1837.481,584.55841638907
88.190906,15.917564,56687.933,648.63054144337
87.957985,15.915351,2581.843,79.918148915435
88.076044,15.916838,3384.061,81.300202670231
88.174314,15.918539,64072.523,77.147903042110
88.064637,15.917483,4910.679,104.54576305819
88.126922,15.919843,102255.720,166.90634270674
88.139431,15.919655,123417.624,95.000028070847
87.980340,15.916824,1849.176,85.188538603377
88.171329,15.917794,2375.620,81.758380678324
88.114994,15.918147,3431.752,557.79550236335
88.123629,15.918922,7781.907,89.952653743045
88.023790,15.920240,27158.719,863.27390265950
88.087714,15.919810,8025.856,862.05836255569
88.135916,15.919909,4936.817,861.76602689638
88.011532,15.919853,2401.955,81.145059940606
87.984923,15.922427,97863.186,81.142800148950
88.081187,15.920515,2488.530,140.02488912678
88.192850,15.921407,10263.236,139.98659167623
88.192386,15.923743,16770.851,88.028948521795
88.191415,15.926040,180713.117,76.082593718711
88.183263,15.920649,1618.719,81.236242476432
88.185346,15.922314,5162.443,94.151844378763
88.200788,15.922113,15719.098,93.146748614928
88.201554,15.923789,8735.381,81.291275779346
88.044503,15.921541,2004.967,81.062015578457
87.978613,15.921644,1107.456,84.937407840607
88.070124,15.922187,2071.693,100.13289880925
88.035034,15.922523,2929.152,100.12829642899
88.019737,15.922600,2488.106,136.43874361215
88.094914,15.922592,1403.952,99.682411616672
88.097223,15.923625,2785.153,86.105906397667
88.137651,15.923492,4914.217,117.78489454135
88.016604,15.922981,1572.494,79.665510283901
88.017108,15.925249,7735.293,115.92268065541
87.964101,15.923962,16633.918,97.432301209874
87.991679,15.923907,5211.286,97.510477890651
88.134210,15.923956,3510.625,79.550312900379
88.126782,15.924766,13669.345,90.553308023721
88.143566,15.924529,2849.112,101.48792330958
88.185315,15.925227,10006.811,95.854296343373
88.045044,15.924581,1430.900,358.98056390748
88.042987,15.925228,1291.493,86.513002715308
88.156678,15.925774,7125.248,85.070996700533
87.998070,15.924914,2106.905,107.58177358271
87.983497,15.925866,12309.147,86.950091796336
87.958523,15.925585,5715.762,353.76307636242
88.083595,15.927141,61625.999,100.53169012598
88.076927,15.925271,1342.135,77.400505343174
88.108249,15.925849,3345.783,81.021400143235
88.034866,15.926626,9113.910,692.59429411043
88.101721,15.926401,2647.842,89.158588640924
88.063647,15.928364,53198.630,86.065758272954
88.028724,15.927329,10448.359,89.702226011835
88.138635,15.926367,1294.594,79.781078239300
88.013588,15.926391,1279.350,79.752143448462
88.115830,15.929468,95991.869,90.129826213462
87.961468,15.927435,1311.865,76.603652862514
88.093839,15.929943,3599.995,79.073785205668
88.151694,15.930470,9541.238,536.01439400330
88.175877,15.930267,1307.167,91.587385936276
88.176809,15.932693,3366.791,76.042780102451
88.030028,15.930807,7194.822,240.50510728748
87.986646,15.931189,2875.593,77.523610563622
87.978858,15.931335,4126.683,78.696792691911
88.180019,15.933567,79689.578,79.646525399686
88.025659,15.933099,11200.071,73.315259957507
88.019336,15.932002,1606.896,97.858709982836
88.116116,15.934795,32657.631,80.326936166949
88.063415,15.934176,6908.826,84.738978514093
87.974895,15.932896,1704.660,81.212169328448
88.154614,15.934670,5830.518,97.255147769685
88.133549,15.934326,1229.409,90.919941679659
88.049034,15.935602,7394.782,94.229754649941
88.181159,15.936035,5662.670,100.44797326537
88.080013,15.935708,2937.752,87.876127093244
88.055434,15.935851,1583.848,85.111084849737
88.077408,15.936694,5519.626,812.42527687172
88.018284,15.936415,2457.138,609.57845566118
87.984879,15.936994,4163.655,409.85345089577
88.071449,15.937649,9412.855,84.440254431454
88.065062,15.937395,1343.374,79.563091205562
88.038049,15.939281,3778.718,528.89603694358
88.046361,15.942374,182552.510,529.02123298347
88.117907,15.942125,107881.244,93.798059890467
87.971903,15.942596,77825.044,86.933265401341
88.030491,15.939985,1605.174,88.808140590170
88.088403,15.940756,2543.727,92.082773226199
87.995490,15.943307,173438.614,79.598469616386
87.997041,15.944755,6277.314,78.038827236183
88.186884,15.941531,6750.055,169.16621392762
88.176347,15.941444,5110.634,85.034059470585
88.001831,15.941288,1354.937,88.368136443680
88.017492,15.941633,1386.571,102.75940380867
88.142926,15.942118,1957.999,101.45024298061
88.130459,15.942206,1213.999,77.756442252883
88.062086,15.943811,28007.732,96.249133454154
88.032619,15.943103,2913.933,138.44684617185
88.048918,15.943363,2400.569,84.679033690757
87.956981,15.943875,8058.912,95.497962458474
88.006692,15.944103,7346.022,95.476878595308
88.135580,15.943249,1254.242,83.244339899875
88.181035,15.944315,5642.033,83.406918262686
88.189294,15.944933,13122.863,105.33164532511
88.011045,15.944170,2656.688,79.949149326141
88.136382,15.945800,18274.105,363.82605931586
88.138565,15.946788,1501.675,94.143896575845
88.090534,15.944770,1894.576,90.986960576702
88.089172,15.946983,2050.280,85.783399675022
88.072864,15.946016,8172.048,85.921090858558
88.141487,15.945273,2380.344,74.751291802869
88.057835,15.947045,67815.622,81.593754811573
88.094481,15.946824,7307.869,75.855464578083
87.986523,15.946247,1762.887,76.690622640016
88.100604,15.946340,2412.960,95.765781061800
88.099396,15.948175,1680.106,188.21609332597
88.156001,15.946961,2236.706,94.698291580280
88.122160,15.946960,2017.080,112.94019273105
88.112659,15.947301,1377.094,297.98440414274
88.170957,15.947617,1339.942,81.255620446859
88.019206,15.947991,2563.321,84.116838037286
88.141691,15.949967,42520.940,105.42697714859
87.959026,15.949167,7446.600,91.298540446799
88.179612,15.949240,9163.951,132.84639887675
88.148453,15.951181,73548.270,70.491544124048
88.054721,15.949247,3559.855,88.423947649817
88.048266,15.949618,5330.147,91.209371500526
88.006646,15.950486,13602.572,91.106392088482
87.976470,15.950130,6675.440,79.969461516044
88.151910,15.950745,23407.682,83.430087997684
88.011201,15.949739,1586.783,135.84365866944
87.991459,15.950033,3697.655,90.103194498504
88.063267,15.951538,14045.691,73.619620243168
88.063913,15.953696,1658.706,85.281946913348
88.200436,15.950095,1449.229,78.824958781647
88.195441,15.950883,2834.366,82.993113133349
88.162514,15.951788,20854.699,129.88417814305
88.003944,15.951920,7379.457,75.078704139885
88.090141,15.950729,1606.755,75.688895148601
87.971531,15.951679,5307.817,80.914168663823
88.143697,15.951742,3003.728,418.84555616981
88.181218,15.951858,4495.692,131.56192325009
87.988312,15.952620,18680.245,73.012713522872
88.206969,15.951494,2099.582,89.862256272275
88.184188,15.951624,1799.899,73.791605902678
87.982242,15.952594,5405.383,80.689409134117
88.177618,15.954239,44883.889,79.010741440640
88.098184,15.953613,9043.144,169.32918152729
88.139350,15.952478,1307.311,84.145648683730
88.153819,15.953917,9758.222,75.041829081661
88.113679,15.952516,1179.852,78.175153441192
88.090455,15.953478,4051.042,78.174548408886
88.127764,15.953050,1539.312,78.213251208628
88.195549,15.954518,14958.960,419.76437164958
88.043462,15.955009,6245.011,79.750533745780
88.157885,15.954479,2631.365,73.028453325785
88.173783,15.954888,2178.662,78.739085442538
88.172784,15.957031,1576.984,86.084463204036
88.171790,15.958739,1402.191,115.88385728928
88.032807,15.956863,100249.820,300.36250842006
88.055029,15.955152,2333.722,77.207082508150
88.126577,15.956067,2182.026,77.595242772771
87.980220,15.956686,3488.764,127.98047011656
87.967629,15.957651,5274.560,81.412822234888
88.022266,15.958513,13110.520,81.467125806660
88.190629,15.958535,30295.130,507.13388337886
88.148740,15.957501,1504.297,507.02830895479
88.005475,15.958034,3416.355,79.093717740123
88.050304,15.959376,17532.179,82.801206311698
88.164276,15.958223,2775.933,88.095009456334
88.166753,15.958628,3149.020,120.25303069344
87.963818,15.959687,16296.576,74.660551905406
87.965926,15.961286,113184.880,158.71815114241
88.144537,15.958632,1716.874,75.753448387987
88.053523,15.959631,2701.037,181.34970217064
88.067079,15.959821,4003.036,116.23838731578
88.104412,15.961165,10926.407,85.670953858424
88.138566,15.960394,1411.086,103.06547822377
88.064873,15.961668,22903.472,137.36659613527
88.110884,15.960465,2072.765,90.347560195135
87.987965,15.961947,23267.979,90.958556101001
87.977392,15.961750,13006.511,140.62116915124
88.004615,15.961276,1777.836,89.999821404653
88.170248,15.961677,5620.835,109.60708284305
88.109244,15.962546,23571.384,89.635372572438
88.096755,15.962093,7761.684,80.268550095865
88.153624,15.962180,6311.795,87.657887026656
88.032746,15.963129,20577.043,82.984323816775
88.023344,15.961575,1517.114,199.96088325161
88.086138,15.963399,14248.907,92.740534246118
87.956682,15.961698,1771.801,88.855727162084
88.204740,15.962734,1542.375,96.253330922125
88.143992,15.963141,2507.837,228.36401411764
88.146920,15.963246,1546.378,96.995351550392
87.956815,15.964459,23983.661,254.31479479248
87.996373,15.963837,2870.369,77.760914694926
88.035436,15.964218,5911.518,1438.9030713351
88.060088,15.964295,5392.342,93.860315478874
88.198132,15.965047,16186.813,82.467320194608
88.134407,15.964741,8338.553,215.21734867754
88.179598,15.965579,22476.381,95.476743803061
88.081458,15.964766,2904.420,95.243703028316
88.194859,15.966833,106200.145,85.844298222491
87.967642,15.964866,2572.718,204.32658989435
88.182716,15.964888,2292.371,204.35993021898
88.090502,15.966862,32923.783,204.52163195569
87.959625,15.966371,4476.091,79.223628814047
88.021386,15.966847,6741.604,85.847617950771
88.123739,15.965982,1287.058,85.883953965378
88.034620,15.968359,67715.962,85.901606442699
88.036373,15.967483,2714.317,206.72192672672
88.032466,15.968457,4432.891,1245.1269079757
88.100726,15.966240,1079.335,85.936962169135
88.029521,15.966305,1560.924,983.00690051286
88.027438,15.967573,4731.207,85.256781205202
88.025262,15.968903,2207.243,214.93689015899
88.044530,15.968747,36838.690,80.352290490173
88.163326,15.969660,136259.982,79.106501863675
88.170759,15.967317,2493.752,79.069577535434
88.179105,15.969526,92221.920,241.05278133882
88.057721,15.967042,1608.701,82.156964953494
87.973923,15.969505,12012.812,73.283822775920
88.049343,15.968187,3569.408,464.70263822223
88.140799,15.968394,4522.144,100.15542890243
88.138818,15.968077,1484.296,279.05210365524
88.184757,15.969184,20406.798,88.779380301635
88.012040,15.968131,2171.193,221.15969192123
88.081577,15.968547,2636.498,81.848764924036
88.172384,15.970859,44042.753,83.812382242995
87.983015,15.969896,8360.215,73.111605779425
87.963763,15.970833,36313.437,74.511790644136
88.057432,15.970012,5686.739,163.70360382967
88.197484,15.970728,15274.026,238.03875742851
88.087163,15.969654,1050.283,64.975324960315
88.026971,15.970981,3042.010,74.153431572631
88.054681,15.970834,1578.456,91.279346877020
88.137821,15.971830,3095.912,107.59409264666
88.119233,15.972847,28660.382,783.29304825262
88.166961,15.972808,23121.224,569.66705104152
88.185095,15.972113,1434.839,570.67755420717
88.116305,15.972216,1519.619,100.65250660126
88.190958,15.972243,2301.826,132.66452159999
88.201341,15.972681,5464.012,322.01471574993
88.088610,15.974839,128037.170,75.597979216544
88.079299,15.974693,134624.099,877.52091481278
88.077689,15.973311,14737.744,877.34946139780
88.170456,15.973134,7438.443,83.531806349867
87.981755,15.973955,20942.367,83.387375330634
88.038475,15.975038,72028.080,82.103186368501
88.107939,15.973571,6439.356,100.90303717406
88.145506,15.976121,198371.660,93.417724922870
88.147575,15.976647,5753.597,93.405540154801
88.047015,15.973638,5142.864,93.305533619439
88.065469,15.973354,2386.066,73.421206341810
88.142773,15.973654,1492.092,73.462627914087
88.016306,15.974521,8611.675,71.295804312347
88.029601,15.974038,3214.130,82.306309722842
88.031831,15.974376,3579.436,630.60231788896
88.031256,15.976122,14187.956,630.33786824045
88.173744,15.974155,1596.321,69.094680036171
88.174764,15.975739,2613.082,575.55853722516
88.114234,15.974117,955.067,575.83127047943
88.094708,15.974660,1663.089,88.035932141692
88.061993,15.977776,144110.714,84.001098608773
88.061746,15.979846,4645.124,83.967166941935
88.128525,15.975108,2179.889,81.304371257512
88.126975,15.978018,149990.878,252.32822091538
88.124857,15.978247,1788.645,94.670777843446
88.194825,15.975893,2729.144,415.98933302032
88.002433,15.976369,9007.984,109.49096453621
88.004900,15.977445,2537.957,81.761381618497
88.066230,15.976062,3127.865,723.71378342908
87.964317,15.977460,29868.996,104.81757202825
87.984528,15.977243,8503.582,78.460274036273
88.203184,15.978506,29520.462,85.467995964817
87.990254,15.977479,12052.073,101.43333243099
88.011026,15.977026,2793.663,92.148277448913
88.169438,15.978843,70344.026,92.074975460065
87.993119,15.977836,9232.764,97.581259712587
88.119641,15.977994,4847.995,2230.3598966652
88.098249,15.977380,1847.052,140.00074161861
88.188777,15.977763,5879.705,76.287380500686
88.014346,15.977648,2020.651,318.20064137637
88.016291,15.978425,5097.714,90.509290171717
88.018941,15.979287,5011.439,83.106289324050
88.201885,15.981438,154920.298,96.119710784136
88.068481,15.981098,14039.878,92.183969622373
88.182190,15.979924,1828.869,270.14921174704
88.173526,15.982083,25191.769,92.032057600987
87.966309,15.981058,2789.288,85.044582212948
88.092148,15.981437,3954.834,478.21977696736
88.195564,15.981742,3634.112,136.58930781817
87.960933,15.981867,5006.768,136.35001160904
88.155486,15.983375,27121.912,190.04933430542
88.126268,15.982571,6553.247,87.665617153054
88.014782,15.982700,2693.541,98.699914466843
88.037188,15.985093,85582.284,317.46115434364
88.078998,15.982987,2557.152,86.510199086416
88.081328,15.984238,24890.105,79.290292058816
88.068586,15.984151,22036.867,82.761649972053
88.189954,15.983112,2656.344,80.718719403779
87.976060,15.983686,7681.735,91.912033464486
87.991917,15.985263,55813.720,117.58589347562
88.026175,15.983902,4583.689,79.570214169051
88.006815,15.983780,1709.379,86.862515079344
88.051693,15.984040,1516.147,80.075619593533
87.958370,15.983964,1474.761,625.11613338727
87.963299,15.984412,1887.090,490.08150653278
88.170301,15.985323,6617.736,71.769843265790
88.089078,15.985076,3735.362,81.148845033789
88.208207,15.985449,nan,672.88308358389
88.062065,15.984847,879.299,90.076552109997
87.979729,15.985175,935.361,84.477289628637
88.118245,15.987849,112826.373,77.010371037040
87.970337,15.987221,59169.690,306.76418782758
88.050085,15.986413,1609.161,2270.8476878483
88.055033,15.986952,5004.712,114.56324979367
88.182418,15.989503,49801.782,157.27928289562
88.015458,15.989004,2817.402,225.93524450518
88.001405,15.989540,5292.576,225.96076726259
88.081671,15.989233,3184.084,115.79697794383
88.187567,15.990275,20808.028,571.80378089220
88.198805,15.991577,149891.644,104.95178923273
88.166639,15.990019,7491.871,73.079405396309
88.201610,15.990834,8959.288,96.210528365177
88.143679,15.991671,37949.265,114.98893820070
88.141699,15.992129,2279.527,141.91071908831
88.127022,15.990863,14777.220,104.48898163460
87.972317,15.991784,86507.906,157.04858352054
88.092221,15.990790,6349.786,266.21552863841
88.105510,15.991014,3799.545,95.702481253980
88.171594,15.991567,3927.413,143.56482446428
88.056924,15.992501,8557.602,85.759208354122
88.157137,15.992288,10664.279,86.777098927223
87.983442,15.992587,11195.848,86.742788085568
88.066476,15.992668,19205.685,112.82898373403
88.165497,15.992895,23654.732,91.446590070953
88.005626,15.992834,10179.102,110.69638575933
88.014224,15.993318,21091.455,94.933894658759
88.097113,15.992756,3678.099,79.411779400645
88.185290,15.992938,3843.945,81.088549040121
88.186620,15.994594,3842.952,""
87.988364,15.993338,9118.323,""
87.961120,15.992569,2861.822,""
87.977991,15.994356,11113.178,""
88.193504,15.994745,5014.806,""
88.038329,15.993894,2032.129,""
88.142551,15.994791,1352.699,""
