#mjd: 60183.97745
#filter: i
#airmass: 1.172
#seeing: 1.240114965
#m5sigma: 21.136
#exptime: 420.0
#night: ut230827
#ra dec flux fluxerror
244.642540,-0.134546,nan,383.01598146965
244.626792,-0.139739,49489.476,365.75344555485
244.513623,-0.139800,28248.395,336.69027437595
244.563437,-0.135565,18526.110,352.02226253918
244.603152,-0.138655,30797.960,362.82675346192
244.553328,-0.137970,17915.071,376.46482839466
244.532590,-0.138181,21167.666,429.65021581400
244.488579,-0.137728,16786.541,997.41001837478
244.614260,-0.132079,301525.313,334.38624976793
244.593962,-0.133678,8517.521,592.44728741551
244.638767,-0.132109,143305.449,335.07402241247
244.597561,-0.133609,5256.251,336.63228588007
244.649071,-0.132694,38378.181,339.95013331476
244.511687,-0.133029,7691.522,343.08023069386
244.508289,-0.132807,7593.651,1373.3315239335
244.507792,-0.129680,424358.078,333.17506923946
244.633664,-0.131875,15132.780,345.08301428486
244.616434,-0.127061,nan,410.90915834943
244.605784,-0.131869,7988.284,348.20289306039
244.596701,-0.130666,74115.939,450.51606416338
244.441024,-0.130155,20417.105,910.17552895775
244.515720,-0.129137,72178.345,452.81667513608
244.531876,-0.127934,241994.709,335.31812342961
244.628007,-0.128275,73218.045,508.04513835020
244.538371,-0.129425,7474.077,389.98429061747
244.467674,-0.126800,90294.653,328.74928593955
244.587052,-0.127148,41716.815,331.26816919855
244.602856,-0.126423,28274.805,381.14714538843
244.591152,-0.126087,11419.287,325.66002358345
244.513978,-0.125117,33305.550,334.31420140708
244.653193,-0.125593,16236.568,904.42102033493
244.616179,-0.123118,35347.004,372.96957486194
244.485028,-0.120991,254755.073,360.85599975863
244.547659,-0.121723,46444.138,316.27039273416
244.533530,-0.122372,13457.861,361.53259315417
244.468436,-0.121451,18777.756,355.35370349000
244.496969,-0.121619,16784.923,331.68033797478
244.630040,-0.118929,nan,368.26438626985
244.610263,-0.120741,24634.211,431.15412282176
244.464294,-0.120591,20856.679,332.94432771081
244.503607,-0.120200,9796.268,336.32807219984
244.426827,-0.117983,102449.806,356.77948071429
244.532100,-0.118137,31988.632,389.55486826596
244.596536,-0.118744,10949.262,298.99384178051
244.557494,-0.118442,20560.545,981.21370490019
244.538273,-0.118031,26187.763,473.04626112532
244.439734,-0.117460,7164.759,338.24872099905
244.619244,-0.116499,26489.181,347.67107736012
244.477085,-0.115984,12745.896,416.84531139360
244.480295,-0.114952,15820.554,403.45586580695
244.577213,-0.114944,13187.460,475.70989757623
244.593813,-0.113936,76107.049,333.09783865787
244.446971,-0.113771,45916.429,330.58460315293
244.588581,-0.112574,96522.134,331.24033741511
244.571766,-0.113467,13645.898,322.23385289916
244.524471,-0.112575,15361.797,1113.6003699333
244.490959,-0.112007,11460.518,288.13978416735
244.421826,-0.108533,nan,449.32105709714
244.440821,-0.110932,25673.036,313.47726507002
244.495626,-0.109592,326359.295,376.44377597074
244.446012,-0.111823,5708.055,335.63785266604
244.563029,-0.109452,73147.297,341.76192864936
244.529049,-0.109160,13927.513,460.58273569948
244.620938,-0.108490,49631.183,460.88520872771
244.582130,-0.109167,8726.315,342.11427440676
244.596179,-0.108758,10991.657,319.39413764668
244.539783,-0.106837,98954.567,508.30118221335
244.478496,-0.106636,105044.187,335.28382987711
244.586097,-0.107656,12608.596,336.64520036784
244.612665,-0.106733,22875.671,468.26449734651
244.513339,-0.105614,82176.036,369.25602328505
244.648385,-0.106648,12180.281,385.38132279622
244.529450,-0.105965,15381.420,361.07959893498
244.619850,-0.104837,99385.511,351.93537181143
244.644570,-0.105347,14886.612,466.33133102912
244.433178,-0.102810,59432.575,341.66077309980
244.482867,-0.103427,23863.362,318.52915580505
244.617742,-0.103432,30460.691,487.92676709246
244.644548,-0.102359,80774.967,605.40205046869
244.499743,-0.102483,12502.914,362.50835239223
244.582098,-0.103118,6393.989,1116.9580193531
244.461198,-0.100872,104610.044,344.28637237862
244.547616,-0.100120,144691.789,380.09529145853
244.564231,-0.100993,37478.818,567.96859901167
244.502393,-0.097962,78390.225,400.69963840168
244.492144,-0.100447,20963.815,331.89734648888
244.586069,-0.100870,9138.645,357.72050380327
244.549052,-0.098806,117867.771,592.77178227621
244.618408,-0.099481,47097.772,436.59538644379
244.485217,-0.100044,6453.808,471.25882208441
244.641140,-0.099177,8531.335,459.27232394043
244.520188,-0.097447,125179.183,317.05149790031
244.451123,-0.095248,nan,318.88531595102
244.513061,-0.097331,69081.957,336.98894539204
244.654132,-0.096334,73594.081,330.57230434493
244.438279,-0.093397,nan,346.00745749287
244.613337,-0.095202,73999.061,320.29099827573
244.599485,-0.095324,13891.106,342.77530303336
244.640104,-0.095556,10616.641,399.48963076680
244.646085,-0.091965,nan,335.39729010755
244.624949,-0.094493,7762.587,351.93553587020
244.543984,-0.093795,21301.208,604.76111145195
244.657935,-0.094580,9616.602,354.03255428171
244.502383,-0.092665,22579.496,349.71686033165
244.429177,-0.093275,6402.364,1016.9982232165
244.642791,-0.092396,38276.360,346.01983799072
244.498436,-0.092590,26974.820,392.82491431441
244.571222,-0.092657,12272.714,358.37483013351
244.510273,-0.090715,130292.928,397.79058523100
244.618224,-0.092544,11216.183,315.47748193218
244.551334,-0.088791,nan,360.95949123747
244.639679,-0.091437,19913.030,303.12311041537
244.599817,-0.088052,nan,359.37397548222
244.636763,-0.088779,318354.007,377.00018978047
244.472148,-0.090274,15996.873,316.76533618301
244.571035,-0.090181,21795.537,350.48260081239
244.454058,-0.089582,22963.965,351.28812092565
244.418494,-0.090039,45365.396,1032.3445865081
244.557736,-0.088986,21232.365,396.02190625375
244.521707,-0.088906,39480.102,433.24659127760
244.510367,-0.085495,nan,300.44589589698
244.536325,-0.089244,8676.172,390.79008300247
244.615472,-0.089048,11788.776,679.35045028098
244.650252,-0.088786,10672.674,338.96942872967
244.446388,-0.088587,7275.495,490.66291552214
244.588342,-0.088090,9273.033,355.58630100301
244.659427,-0.088556,17968.598,375.96271794846
244.436622,-0.085291,312128.073,442.18110986179
244.620430,-0.087743,7352.133,458.26348267681
244.478313,-0.086415,15735.271,352.50549125116
244.624230,-0.083885,nan,347.67516154505
244.498339,-0.086123,8253.914,375.18901590176
244.558374,-0.084465,29308.835,668.90604319419
244.551282,-0.083354,156550.093,1328.1424312480
244.485018,-0.084839,8731.638,317.87559949908
244.548655,-0.083217,87127.798,1191.2854354597
244.637719,-0.084266,17984.013,345.46882762319
244.630714,-0.084074,21839.687,377.93404458279
244.435108,-0.081795,64531.459,415.54205261222
244.458132,-0.081216,79875.379,394.92432075794
244.561362,-0.082673,10533.550,337.52076042719
244.643659,-0.082930,6159.743,320.63426697846
244.479019,-0.081666,27853.414,353.30110351520
244.425714,-0.080656,157517.928,322.59552512034
244.465291,-0.079153,377650.072,321.44932807299
244.525423,-0.081019,8499.091,330.63697077261
244.553230,-0.078123,328193.503,461.36864589496
244.493356,-0.078413,24021.616,341.85602202288
244.609005,-0.077711,25498.549,608.23161141783
244.509083,-0.076373,65614.617,356.05548424345
244.625287,-0.076942,20021.891,356.32674458411
244.551154,-0.076547,30948.943,754.95795332841
244.557962,-0.077135,15199.226,361.97598570797
244.513622,-0.077362,8588.648,624.31877487231
244.474889,-0.076763,11713.984,441.33591455546
244.595479,-0.073564,nan,354.67200175445
244.444874,-0.076461,7066.016,340.22619238226
244.442067,-0.075676,14181.880,595.30893212908
244.505949,-0.073958,89842.446,335.68072428268
244.503094,-0.075328,7630.231,374.77912595308
244.562625,-0.073643,40372.018,419.45745484087
244.501044,-0.074559,12587.548,352.09200284885
244.633426,-0.073876,13797.063,346.55942352674
244.503767,-0.071158,201209.810,346.22904755175
244.514644,-0.072287,43405.202,462.74856896571
244.658941,-0.071899,149993.368,492.70145507722
244.439734,-0.070475,75183.174,382.23811870709
244.450762,-0.071704,17355.211,351.38184756323
244.582813,-0.070035,33204.431,330.10124597593
244.635587,-0.066996,nan,361.13919447292
244.617087,-0.068788,120363.968,424.50805350317
244.567972,-0.070468,8041.660,357.09140584203
244.635358,-0.069405,29707.283,353.38554690746
244.469371,-0.070321,6370.411,359.34104230741
244.455418,-0.068974,22711.144,318.05792163240
244.421493,-0.068239,16585.440,452.08909238231
244.447357,-0.067421,14415.512,437.77463614078
244.628677,-0.066343,78516.073,314.70345150128
244.454552,-0.065440,16026.086,995.46910459350
244.652362,-0.066160,30529.859,339.48318501457
244.548423,-0.065845,16502.786,354.29421740295
244.476219,-0.065096,29511.712,842.20700934379
244.612579,-0.065480,11102.255,615.86521654057
244.533142,-0.064143,69675.922,328.47406289639
244.569518,-0.065020,13184.206,572.43834413676
244.478645,-0.064650,21380.209,440.06126872367
244.427135,-0.064005,22218.463,327.44423070649
244.553931,-0.063801,11791.975,379.44489696946
244.616049,-0.063107,47710.515,339.82429727021
244.588419,-0.062367,68094.555,357.30116746501
244.528244,-0.060094,nan,380.65305221497
244.525528,-0.062739,15240.387,345.55152044375
244.649943,-0.060762,251546.781,309.42364046898
244.467442,-0.061920,12734.425,349.93620244038
244.612499,-0.059036,nan,315.94805313485
244.513077,-0.061475,14126.785,300.77754249337
244.444994,-0.059424,241444.913,531.79126780968
244.636196,-0.059869,118771.065,324.37082288716
244.622300,-0.060729,10791.480,382.04560439756
244.471712,-0.059224,124372.720,387.97407908073
244.540174,-0.059390,37689.218,313.96723245261
244.482968,-0.060344,9497.815,387.86602517740
244.638429,-0.059400,32685.134,372.25043881108
244.452979,-0.059756,18415.111,372.91882468052
244.447316,-0.059800,11491.450,380.40675427938
244.527326,-0.058343,35614.807,902.13706193929
244.504011,-0.058111,21191.384,332.51905894609
244.529999,-0.058215,7172.946,344.02975029581
244.489616,-0.054557,nan,337.81040871252
244.546601,-0.056247,20892.614,348.16773544737
244.419185,-0.056094,23108.543,408.09217974983
244.525449,-0.055082,24031.018,1266.7103033278
244.602331,-0.053146,65232.817,635.77294789379
244.500775,-0.055262,7731.102,461.61015915473
244.637639,-0.054205,27884.867,356.75268153866
244.512220,-0.054370,39083.119,322.44917511316
244.486989,-0.054701,21301.987,344.07276798795
244.658543,-0.054868,33075.456,667.59261300295
244.468623,-0.054545,19240.005,315.97631849991
244.426843,-0.053465,41017.817,339.95343763353
244.641044,-0.053944,7528.814,322.76855577824
244.424606,-0.051229,282499.652,372.86043245212
244.537921,-0.052487,32306.736,349.49408996051
244.431067,-0.053166,5938.257,360.34158706887
244.440586,-0.049093,nan,984.55501072426
244.605453,-0.052062,14301.904,352.92508581876
244.463359,-0.052229,7996.843,339.69617604890
244.578828,-0.050191,35961.566,394.29786289383
244.567818,-0.048769,289743.116,369.84651684864
244.482622,-0.047379,169719.130,373.72535556323
244.639455,-0.047943,76590.084,1382.6269398500
244.583751,-0.048711,16688.463,346.50294519987
244.541665,-0.048193,14846.193,321.26107555585
244.534410,-0.047450,41813.960,399.25880364155
244.618446,-0.046559,127721.833,393.00115759891
244.523124,-0.047070,7878.370,573.20156598042
244.487778,-0.046407,26992.960,370.99982429708
244.538708,-0.046658,8272.134,341.65934112088
244.525310,-0.044993,43230.091,357.00037720997
244.456383,-0.044760,33302.729,404.66496954385
244.446019,-0.045074,28763.594,420.31099485823
244.436489,-0.041868,nan,398.95865430710
244.570179,-0.043424,220978.566,1213.0173888995
244.432031,-0.044246,28606.764,395.07292035169
244.613975,-0.039525,nan,436.51484586985
244.537563,-0.044483,12436.439,388.95868953968
244.634882,-0.043250,44362.505,330.65886889375
244.456854,-0.042877,26019.768,344.33835188786
244.622805,-0.043115,12968.854,348.60355462596
244.604287,-0.040682,331376.118,378.06527498535
244.599933,-0.042201,7804.470,1501.2263424038
244.518986,-0.042184,11924.846,360.99690416648
244.545437,-0.042153,5586.058,313.75559970874
244.506470,-0.040591,63308.292,886.19990412995
244.420208,-0.040044,123556.415,625.89855044180
244.444623,-0.040393,29441.446,370.66542224105
244.558680,-0.040971,10354.585,352.82544961156
244.567399,-0.040501,5161.808,362.87289310423
244.432945,-0.039170,77117.039,317.79340228134
244.462346,-0.038774,71080.272,340.62904950546
244.582361,-0.039397,28620.000,1153.6703753448
244.501357,-0.037545,304835.225,336.73121914393
244.606200,-0.038679,37960.559,554.03769780698
244.488538,-0.038205,67954.560,343.91793818789
244.644664,-0.038246,19107.972,303.30176649446
244.536132,-0.038362,14771.335,359.10353393427
244.557981,-0.038885,6901.935,518.81943645152
244.510710,-0.037747,20987.158,339.64153842517
244.653766,-0.036424,7261.106,341.33413897900
244.630338,-0.034331,312589.003,396.45233541646
244.629792,-0.036605,17271.731,513.58567672389
244.539210,-0.036811,5946.866,411.08832908040
244.601445,-0.034287,173894.048,331.14649098032
244.569833,-0.034922,112237.558,337.79018016215
244.581611,-0.033383,33748.734,338.38767691490
244.454054,-0.034238,5725.279,331.44333089460
244.516041,-0.032673,43284.127,328.77792202118
244.527605,-0.032879,10164.035,303.12415060499
244.492375,-0.032615,20380.860,589.69498763836
244.554376,-0.029547,nan,372.43498445168
244.505754,-0.030559,271009.725,380.91089618773
244.641116,-0.030974,41761.361,636.34602277924
244.567333,-0.030091,95556.429,328.97598743178
244.519847,-0.029438,30503.500,319.41328386663
244.445081,-0.029565,23881.993,324.20471854822
244.420050,-0.029220,31169.500,369.27396149527
244.452069,-0.027002,89612.244,309.62267863258
244.547877,-0.028575,6416.079,361.44351140328
244.472398,-0.027842,19141.812,433.37323024139
244.557776,-0.026701,45783.387,351.93444599798
244.491385,-0.025149,93701.549,1000.5648249929
244.651186,-0.025854,42636.880,403.96668557853
244.577774,-0.021805,nan,1018.0673565778
244.460269,-0.025812,10098.287,320.88684891651
244.600618,-0.026005,6084.515,401.62289575875
244.649251,-0.025676,4640.368,317.86593571833
244.547464,-0.025240,5968.374,763.00523314946
244.551511,-0.024848,16896.622,333.90193515167
244.580638,-0.025127,13424.515,337.21862692184
244.504017,-0.023634,111728.609,326.62698624332
244.461821,-0.023866,35420.129,352.91024921717
244.442564,-0.023187,66843.259,325.50221964314
244.652086,-0.022480,125218.779,362.63805579086
244.546822,-0.022845,16392.717,360.26018522081
244.485273,-0.022596,11885.863,500.02604244795
244.511209,-0.023040,5948.987,470.76628812889
244.639891,-0.022308,18488.534,595.33665001555
244.558521,-0.022567,8751.897,353.89653296667
244.451429,-0.020849,33533.243,751.71196953603
244.623639,-0.020349,57913.348,369.03543256499
244.437363,-0.020308,17485.248,385.05403044417
244.466122,-0.018598,238552.417,389.76180793896
244.594072,-0.019443,47980.242,434.08967179331
244.522496,-0.018374,238915.469,328.35504504669
244.479345,-0.018374,18160.405,349.50138232143
244.568638,-0.017630,55143.283,321.53585195411
244.483166,-0.017923,17074.156,335.26194797613
244.525790,-0.014642,180228.969,517.66451713016
244.574967,-0.016189,4434.717,355.43573567435
244.475201,-0.014552,13643.940,991.35469950078
244.553679,-0.014829,9010.142,723.62278264541
244.627943,-0.014079,22555.804,580.56784602607
244.484561,-0.014300,9750.913,603.00992566154
244.658099,-0.014882,9560.849,274.33792851143
244.639848,-0.014153,7317.843,722.87638193026
244.462533,-0.011425,87627.978,358.92748792571
244.595019,-0.012058,61968.794,326.87409719343
244.469694,-0.010462,122179.846,343.001834156
244.464655,-0.011417,17195.701,331.08754872452
244.494027,-0.008077,158798.639,471.88861996232
244.445743,-0.006203,nan,357.52298102543
244.613064,-0.008856,7698.633,988.30356295557
244.573191,-0.008158,14062.170,1267.7032743385
244.520618,-0.007442,50276.631,703.83983437290
244.427224,-0.004004,51411.332,349.07089209293
244.535364,-0.007876,6613.888,680.04044641665
244.502488,-0.006261,34426.994,704.42208278129
244.509002,-0.006409,24592.759,1532.2488566490
244.441487,-0.006298,8307.078,698.88502609106
244.540492,-0.001025,nan,366.57091118618
244.651857,-0.003353,77370.318,315.80572455383
244.638742,-0.004237,13340.013,339.05640652541
244.473377,-0.002008,247223.764,493.34900355793
244.514752,-0.002653,141592.291,903.67871835585
244.597225,-0.000182,nan,331.10124868026
244.528081,-0.002231,110263.521,333.18605841948
244.583407,0.001178,nan,346.68821308116
244.619821,-0.002138,98791.456,331.36167808804
244.481822,-0.003858,4261.860,372.94194177486
244.563466,-0.001375,163040.058,353.23114569518
244.650277,-0.002404,11028.907,331.94593488122
244.503819,-0.001710,8196.874,1255.4154330990
244.457414,-0.001994,7598.335,560.82521953144
244.477797,0.000633,24808.865,454.29957836647
244.588601,0.001187,68893.869,1608.8111764023
244.532981,0.000312,22569.990,420.16155962213
244.559367,0.002354,222778.276,323.30614453343
244.571462,0.005507,275395.374,320.98839676732
244.609196,0.003523,123219.241,383.04255353012
244.463465,0.002124,12583.735,357.88939890261
244.469221,0.003596,156664.841,802.11967982824
244.478340,0.003698,146598.753,310.70629307570
244.501071,0.005221,365863.065,355.18173221611
244.653076,0.004627,135585.467,348.59227810750
244.539926,0.005457,48958.635,373.19452431441
244.526264,0.005859,25314.943,390.55692884365
244.513962,0.005840,6658.624,313.87348052492
244.505642,0.007398,78365.776,363.75349326736
244.581890,0.008066,192243.173,328.32440088480
244.528880,0.006696,23538.945,303.47058605340
244.461648,0.007131,19728.288,353.52065130853
244.520848,0.007927,37169.605,1233.7984480665
244.558921,0.007418,16714.902,398.73733775321
244.578113,0.009667,38361.467,371.40667248432
244.628474,0.011156,12446.531,325.78151059869
244.460654,0.011713,9752.136,355.20203367222
244.630687,0.013864,262587.029,354.94752555130
244.538832,0.015254,99242.622,338.84725199754
244.612589,0.017461,nan,635.59259335319
244.595111,0.016135,71273.687,390.94382290565
244.451974,0.017643,474022.850,341.92018836802
244.488842,0.015901,62998.104,452.66778463280
244.484286,0.015879,10442.716,665.15148193911
244.440833,0.015356,5701.775,515.50716159408
244.632886,0.016338,24077.871,381.28411762632
244.455329,0.016455,20819.244,341.09691677939
244.483569,0.018665,171732.696,800.29587990714
244.527015,0.017735,25322.658,800.78985997911
244.568542,0.017587,6583.950,324.64626504429
244.440366,0.018280,13731.564,358.13370427364
244.512951,0.019773,35176.985,353.01257782716
244.454507,0.019958,39370.321,375.12289749061
244.510778,0.019742,8679.787,893.20668935058
244.613253,0.020520,14214.815,378.39592194386
244.468482,0.021706,23374.367,318.96443425270
244.424727,0.021529,7762.844,1479.5350132500
244.515292,0.023641,nan,315.00866057827
244.426344,0.022990,11364.977,379.47401744053
244.617057,0.025629,271346.122,370.63423384202
244.441527,0.024638,47380.303,355.06818994429
244.443550,0.024584,28487.008,347.03435456549
244.507668,0.024449,18213.592,1391.5070421826
244.505253,0.024676,29832.204,351.15159208236
244.433154,0.024193,9205.286,353.92869512437
244.538381,0.024759,13187.575,383.96068056401
244.626709,0.025422,93952.544,414.15609968366
244.639789,0.025093,55150.360,301.85004370575
244.421576,0.024208,6230.520,366.69745130092
244.578805,0.025849,63622.077,330.55261401662
244.493908,0.026441,145440.939,579.59117537071
244.432873,0.025998,87994.459,395.68013981382
244.658688,0.024775,21333.078,352.60098356562
244.557275,0.026004,8560.109,464.76552715212
244.520842,0.028487,183506.033,340.07707173412
244.590199,0.027938,161128.562,262.63962825189
244.555247,0.026578,15680.372,341.62333708192
244.560439,0.030722,nan,302.72069695773
244.462063,0.027938,24978.372,289.30329246664
244.490844,0.027721,22836.513,1166.6993726268
244.471562,0.029003,45725.300,348.50052044973
244.431130,0.030096,241579.459,322.88326594574
244.467871,0.028722,29826.532,1060.4654271366
244.492236,0.029608,12281.690,348.50140001550
244.431680,0.032603,407871.521,300.38970414919
244.627001,0.030525,11009.379,690.31471844202
244.507476,0.031636,49157.334,646.63135946428
244.603651,0.031666,13367.259,306.68409195788
244.429935,0.031844,10920.217,510.44079239021
244.645346,0.032025,6967.910,786.31953480693
244.560068,0.034508,337342.064,337.73092813711
244.584102,0.032068,5455.369,351.64740074882
244.534234,0.033841,32211.166,337.92631871341
244.556696,0.034801,44428.717,354.60085933044
244.425029,0.035242,56976.470,388.66635528640
244.475018,0.035074,13416.755,356.21908108921
244.642144,0.035551,28196.142,314.67855084961
244.464336,0.035191,5576.974,360.39234749369
244.426125,0.037568,118729.551,476.23072838527
244.527604,0.036079,8288.962,332.13345363098
244.476802,0.037369,44786.120,523.74218868440
244.635978,0.037398,68137.290,347.98279555109
244.549694,0.037695,25755.716,398.47300396887
244.487077,0.038331,8925.467,414.65846158208
244.440187,0.039171,6469.850,307.21263234906
244.543139,0.039261,6423.186,337.06253091195
244.565979,0.039510,10656.864,371.74036949836
244.574822,0.042182,255302.312,458.08283413843
244.516682,0.040047,11779.273,350.94765068804
244.504178,0.039859,9062.482,390.76500089772
244.427140,0.043359,202205.866,354.12596796987
244.519425,0.044433,nan,908.08565821345
244.483827,0.041883,5348.104,322.36365696754
244.497310,0.042694,15693.887,294.05777898234
244.437541,0.044025,163133.493,378.75974766931
244.618512,0.044661,116764.171,352.36331201809
244.491769,0.043404,22684.687,357.34488783307
244.612099,0.045652,80175.279,327.93601498016
244.450934,0.050029,nan,492.32370483716
244.486317,0.047438,192419.073,933.12017697122
244.607563,0.046518,25454.659,320.94520976441
244.626583,0.046326,8520.040,299.24895327865
244.498715,0.050145,nan,315.61904540622
244.625370,0.049859,nan,340.20683534874
244.531574,0.047443,27905.899,336.93029218506
244.434595,0.047570,18475.412,473.52763615392
244.585460,0.048136,36805.863,349.39046331556
244.529384,0.048562,45706.609,357.00881512588
244.549493,0.048162,12919.349,433.99173940056
244.564211,0.048249,22695.990,687.22639397228
244.610050,0.049183,80627.502,305.90848813826
244.627405,0.048999,37070.665,352.02630043962
244.631591,0.051923,nan,335.50995641170
244.481005,0.051709,nan,393.50327112486
244.574305,0.050455,14828.057,329.81992393266
244.655170,0.056748,85710.973,655.85530577712
244.647841,0.052658,15283.935,409.61059513428
244.442239,0.053378,44555.272,366.25772479707
244.623254,0.053991,46898.903,312.65364590499
244.490007,0.053756,24974.341,320.47163886366
244.576427,0.053583,17915.052,321.90474455537
244.469697,0.054907,60128.845,317.44748590278
244.604585,0.056665,70111.362,352.28206525381
244.452736,0.056150,29887.437,341.34567178939
244.659580,0.055905,35345.786,352.92041077691
244.587820,0.056905,37884.795,1698.5212102107
244.531127,0.059749,212323.679,295.82257169661
244.568868,0.058953,15440.539,327.82822238711
244.484418,0.062625,nan,466.75261725844
244.442944,0.058824,11542.715,346.02545641284
244.521894,0.059986,44804.212,1207.1942224123
244.640232,0.059491,8696.867,286.66751504707
244.564996,0.060588,46322.565,341.14993446787
244.642773,0.059770,11074.377,335.96783045790
244.556222,0.061563,83192.559,353.94204062078
244.459054,0.062720,108694.478,351.72506483567
244.444883,0.061237,9014.651,358.21511135005
244.441958,0.061714,14426.055,347.50671607504
244.481203,0.062260,16773.520,336.41025092009
244.628484,0.061954,11182.265,346.16282838831
244.658753,0.062034,16508.620,335.26082310516
244.502291,0.063072,12529.363,338.97245697218
244.551647,0.064485,27968.701,363.75604982680
244.624018,0.063982,15189.342,330.73369239301
244.650812,0.064863,58180.605,335.56741795783
244.491609,0.065554,131056.410,316.86467113616
244.448004,0.064605,14078.419,506.88631690125
244.453928,0.065366,34361.052,479.38143036617
244.615605,0.065027,6946.827,312.12706419938
244.560056,0.066685,47673.220,781.67033124699
244.522248,0.066738,9546.652,485.25463397751
244.541101,0.067979,145631.097,268.22917527675
244.421628,0.067557,52711.243,898.91287396071
244.435441,0.067227,38597.141,314.58719993174
244.479365,0.070926,nan,379.09660342477
244.455799,0.067054,9370.411,347.86329740947
244.429894,0.068057,22921.720,323.36848455859
244.640857,0.070750,nan,310.50557187822
244.552883,0.068221,8071.815,351.98904670173
244.502505,0.069001,7452.978,724.19021752935
244.638901,0.069660,13079.353,393.36484635979
244.589861,0.070406,13730.117,345.09212956689
244.653472,0.070556,12390.617,340.98051382017
244.446062,0.073923,439683.912,290.69530097493
244.520874,0.070777,6014.957,1396.2428769070
244.579663,0.071156,6836.293,323.89095479882
244.583937,0.073306,69881.915,320.09720505135
244.543202,0.073322,42182.412,341.67420848016
244.633947,0.075365,266726.325,554.74626812409
244.482277,0.073220,7100.807,342.05623553668
244.504690,0.074351,24099.147,297.53060341319
244.472469,0.074253,4807.341,335.47435950572
244.646776,0.075226,6529.435,342.69490436636
244.594361,0.076338,32617.959,857.50888132314
244.631294,0.076125,10627.237,822.86251233740
244.645776,0.077444,15369.852,452.23029995233
244.566296,0.077427,17404.302,268.47733583060
244.580592,0.077737,15153.264,315.44398802048
244.564334,0.077281,5909.024,2044.8640648485
244.495376,0.078556,36182.268,602.43596350207
244.591346,0.078315,17165.733,322.00233610952
244.431969,0.077532,6344.855,1538.7641522239
244.636086,0.077946,10420.992,345.06683990164
244.476650,0.083047,nan,344.10209290761
244.480941,0.078974,12334.100,274.69380261523
244.511652,0.080634,91548.435,395.65232962127
244.611459,0.083442,nan,1147.2917447446
244.571786,0.081690,90296.733,364.64476450520
244.552811,0.080707,11282.588,430.24814130794
244.615871,0.084144,170976.296,343.65678184290
244.453054,0.085939,nan,""
244.457077,0.084427,95746.269,""
244.535383,0.083306,7423.616,""
244.624854,0.085018,212554.502,""
244.633664,0.083620,12039.989,""
244.639510,0.085165,37200.042,""
244.602044,0.085821,21329.674,""
244.569800,0.085387,9945.411,""
244.526811,0.085711,9995.939,""
244.501202,0.086933,29503.722,""
244.482478,0.087827,177666.632,""
244.541931,0.087948,68218.031,""
244.427015,0.087494,27165.329,""
244.538901,0.087541,9873.077,""
244.491229,0.087907,5036.162,""
244.489247,0.091240,427826.325,""
244.604390,0.088766,16213.520,""
244.586700,0.089396,16589.025,""
244.532702,0.089118,15201.977,""
244.591624,0.092041,nan,""
244.461195,0.090674,123702.356,""
244.455657,0.093200,nan,""
244.441198,0.089604,16502.023,""
244.448010,0.089842,8796.432,""
244.540239,0.090194,24197.403,""
244.608425,0.091282,12207.862,""
244.513329,0.094225,240046.573,""
244.508102,0.094510,221997.337,""
244.652973,0.094471,73506.966,""
244.496296,0.093542,9892.068,""
244.591420,0.094189,14941.211,""
244.611351,0.097779,408397.794,""
244.570464,0.096478,127981.381,""
244.494307,0.095495,11364.634,""
244.633253,0.099222,416969.109,""
244.652294,0.097691,25604.393,""
244.589904,0.097856,10445.745,""
244.522667,0.097651,5543.468,""
244.545872,0.099607,39266.485,""
244.628931,0.101410,291219.385,""
244.595457,0.101023,29036.653,""
244.472606,0.101809,89450.534,""
244.577903,0.101319,17368.314,""
