#mjd: 58442.3561
#filter: i
#airmass: 1.654
#seeing: 1.0188796199999999
#m5sigma: 19.8117
#exptime: 10.0
#night: ut181119
#ra dec flux fluxerror
88.022806,15.769997,nan,83.037333702376
88.049897,15.770594,1517.609,478.31546630996
88.235616,15.771374,5504.937,45.723379721061
88.106917,15.770338,nan,83.444873162311
88.149414,15.771490,12674.644,221.77148775146
88.182695,15.770802,nan,81.349295951858
88.224572,15.770767,nan,45.619927720986
88.199493,15.770994,1214.478,53.885987191885
88.036857,15.774848,50094.693,50.058849856731
88.035823,15.771587,1659.842,54.278574679734
88.081875,15.771317,965.657,48.537388550087
88.072874,15.773367,23846.499,55.683590452092
88.168309,15.772746,11863.063,46.160343013212
88.113867,15.771774,865.144,47.602875138585
88.232397,15.772752,2767.622,42.596327704389
88.051071,15.772771,2557.589,172.98615228143
88.146140,15.774012,5053.561,44.876950658929
88.203812,15.772822,1526.361,46.085943916094
88.206921,15.773723,2460.943,46.722727438663
88.083387,15.773141,1013.679,88.571177594321
88.133877,15.773755,716.506,52.378554575027
88.188037,15.773837,669.978,88.825096951560
88.049045,15.776503,20582.991,42.593228367469
88.118395,15.774984,1159.680,64.568292251024
88.170202,15.774733,1018.737,50.231078861188
88.176284,15.775176,1013.773,48.345158298330
88.216920,15.776732,9491.574,105.28123261424
88.167446,15.776457,4211.486,44.523156054654
88.206205,15.776868,9910.751,48.252713946721
88.248588,15.775721,1532.561,51.489341635841
88.045726,15.776684,5395.358,49.255802909243
88.227837,15.776911,2441.467,52.292067950175
88.157520,15.777356,2958.244,43.488622303541
88.020099,15.778316,15018.507,48.801315579962
88.079072,15.777396,819.957,45.740449069368
88.050973,15.777982,1548.403,196.02922148854
88.142048,15.777695,1676.154,44.703589772798
88.054088,15.778378,2785.325,45.330004126758
88.241284,15.778376,3712.627,52.796017947605
88.056328,15.777954,822.903,909.02906310724
88.102777,15.778096,995.102,51.773023374140
88.150104,15.779021,1520.680,65.533691263635
88.164360,15.781935,32758.610,45.422730942758
88.203920,15.779909,863.310,39.637273298022
88.255860,15.780694,2126.859,50.597256986062
88.233686,15.781204,3249.214,41.214110511676
88.222256,15.783977,124343.302,365.29596081800
88.262302,15.781294,2368.494,45.539491822881
88.200565,15.782030,8569.274,42.932439797045
88.142263,15.781300,758.014,79.382506688172
88.227736,15.781268,985.655,46.106973889699
88.147701,15.782053,3768.209,42.991765892581
88.155090,15.782098,1872.096,58.393671237562
88.068491,15.784263,42082.788,42.503297051876
88.178536,15.782022,770.163,43.158120363548
88.263972,15.782179,1635.085,68.825607980846
88.122692,15.784427,8929.135,47.430228342722
88.029843,15.783197,1060.457,50.944710848920
88.266020,15.782917,832.603,43.050598576918
88.071555,15.785756,3888.684,51.204911846324
88.194309,15.784277,1355.366,307.17437401677
88.166634,15.783923,659.675,76.240125120372
88.179702,15.785211,7577.894,115.67453976476
88.017062,15.784321,772.086,43.023813262700
88.065401,15.785073,2593.821,47.402498748668
88.135228,15.785357,1646.442,47.561844326584
88.201608,15.785658,2491.257,86.790841676965
88.017966,15.787142,36016.709,54.657552506781
88.162710,15.786581,9793.116,48.244047766102
88.145294,15.787013,15719.274,40.385924269098
88.171203,15.785617,1013.652,87.157265757695
88.128500,15.786700,3836.389,46.456030332694
88.089568,15.786427,2829.309,526.80188040436
88.113003,15.787648,9051.691,49.799141911650
88.057743,15.787288,4381.869,40.910424789154
88.191127,15.787648,3154.517,42.313098120106
88.165641,15.787261,1280.547,59.195405196274
88.192968,15.788409,13349.450,41.638089075766
88.048468,15.787199,682.517,65.155254671009
88.141185,15.790756,73365.647,81.272311873734
88.080155,15.787787,1076.018,47.822731598489
88.196245,15.787881,835.953,48.038397903154
88.063589,15.787625,880.091,46.514887616617
88.221211,15.789119,5808.389,48.212718923968
88.115619,15.788470,886.341,45.893478314814
88.133902,15.789476,5444.930,46.518174541194
88.021118,15.789508,8466.011,50.239692090072
88.260379,15.788602,951.876,45.631353215656
88.150048,15.789576,2387.365,39.798238569020
88.174797,15.789597,1335.032,43.459046052082
88.247367,15.789929,2489.789,109.06322567750
88.225173,15.789862,980.134,125.59284517868
88.147372,15.790352,2958.201,46.731765183608
88.230092,15.790361,1934.156,67.386954565356
88.096643,15.790352,1779.367,61.688507814874
88.249607,15.790541,892.881,51.113393035192
88.251946,15.790581,980.091,47.090894011450
88.123604,15.792324,12995.864,42.748687490013
88.218736,15.793545,14853.249,52.880645940184
88.161610,15.792250,2783.888,42.524969411805
88.265209,15.792159,4256.670,103.08347849946
88.059544,15.792509,5684.729,168.80931968052
88.258822,15.792049,1259.325,47.885701647264
88.019134,15.792527,2980.964,48.268174001932
88.194940,15.792297,1122.326,220.57888623608
88.082173,15.792517,1980.051,41.654100938453
88.247728,15.792712,1027.714,45.400450076560
88.188895,15.794636,14585.989,70.733905126731
88.266584,15.794835,19042.287,75.702771378243
88.172673,15.793974,1855.331,163.45436403184
88.114469,15.793788,1651.585,41.456802472269
88.192570,15.796131,32867.513,46.812106684647
88.224548,15.794592,2105.577,44.886440827135
88.245830,15.794265,1854.749,48.888670010359
88.118499,15.795080,6521.118,47.134317395243
88.175275,15.795732,6612.797,57.483554016569
88.083239,15.796890,14672.921,51.895259321595
88.085226,15.795022,856.081,137.69110348092
88.269007,15.799013,4138.047,50.474989113443
88.081857,15.795519,1449.709,46.777099431302
88.207257,15.795794,960.460,68.443723339148
88.146445,15.796399,1987.442,669.97569951441
88.249157,15.797149,3696.626,138.32070971766
88.252928,15.797382,5429.774,57.188484787155
88.169211,15.797132,2727.407,47.559563590125
88.262000,15.798397,13747.034,42.376953337921
88.237534,15.796618,989.014,63.488777271150
88.151659,15.797401,2098.144,54.880497148954
88.120861,15.798426,5416.164,77.774561506640
88.103074,15.805337,69466.678,38.718649592542
88.151664,15.799295,17983.535,42.313654370589
88.189532,15.798333,6219.458,45.130415853222
88.126072,15.798086,2188.352,129.45655294987
88.159799,15.797435,1194.384,126.69664400937
88.206368,15.798458,4114.622,40.683598699847
88.071730,15.798087,2409.974,40.283328097947
88.129958,15.799756,9114.892,115.44279914443
88.123786,15.798456,1334.941,60.82716283219
88.027272,15.798557,1153.743,43.650789405024
88.241351,15.799507,1967.601,138.00875458381
88.096902,15.800633,12129.783,47.459402039281
88.043901,15.800820,10910.015,53.924430996898
88.030577,15.800435,1009.100,49.488980970259
88.160146,15.800198,889.833,83.783751365618
88.262966,15.802347,11464.889,106.55365169335
88.238875,15.802912,5173.677,58.312941425360
88.243428,15.801385,929.237,702.72919619469
88.102164,15.802694,14380.774,81.679480350030
88.158645,15.801921,2997.916,48.768760535663
88.207779,15.802313,2881.745,140.38163815138
88.241127,15.802287,2273.766,65.025923670941
88.171497,15.802982,8744.989,50.443009888291
88.040210,15.803068,7504.124,262.66868330183
88.249618,15.803485,5404.325,47.008488649506
88.024896,15.805885,73897.382,192.98683088711
88.031213,15.803701,5910.235,45.710251372125
88.167374,15.803473,2500.109,48.116546700392
88.136645,15.804832,15395.111,55.590755411993
88.226058,15.803941,6866.197,44.462176513600
88.190463,15.803624,2630.873,418.64061639951
88.187107,15.806461,33981.829,41.627023793288
88.165131,15.804575,3015.137,66.420766631851
88.177148,15.805902,24902.537,602.88087429459
88.087886,15.804680,1400.892,42.373708151666
88.033561,15.804744,1669.029,38.995406614399
88.263301,15.805688,3377.804,46.772611635035
88.241433,15.805029,866.254,54.101686362945
88.129650,15.808196,46090.289,164.45311137485
88.167107,15.805969,1091.686,47.683729044585
88.208196,15.806753,6166.039,51.027108966855
88.252698,15.809666,89208.585,46.267920956195
88.062696,15.806172,706.920,99.963006797815
88.190011,15.806196,1278.053,49.496737856079
88.143425,15.806860,2351.692,49.344909266061
88.099968,15.807225,3160.958,860.13191299109
88.097856,15.808520,17286.109,142.31025137035
88.171770,15.807714,1732.179,43.134606844757
88.242788,15.807433,2297.948,40.201485112038
88.157615,15.808171,3441.766,47.138811319100
88.016454,15.808861,9692.235,119.87559162865
88.235853,15.807848,1290.196,44.741178353472
88.067384,15.808498,2774.761,125.87379889053
88.227775,15.811717,124003.969,44.796642714708
88.160913,15.809855,16838.989,71.688557962115
88.173757,15.808262,708.355,54.450978598957
88.193530,15.808648,1649.923,41.620853753739
88.226311,15.809322,2424.578,37.442199005834
88.102164,15.810098,11031.075,39.377787874159
88.107403,15.809657,1772.358,262.09065641768
88.121840,15.810726,14225.016,46.157302193415
88.023308,15.809432,726.393,49.620757361807
88.206883,15.810725,6044.855,418.81266525408
88.038277,15.810315,2150.290,49.055936715388
88.155834,15.810083,1469.490,43.306188325449
88.213188,15.810090,744.575,37.065617012665
88.231011,15.810742,949.190,44.175892980109
88.142699,15.813505,34366.738,161.31863261716
88.087212,15.811533,2836.819,44.700105739650
88.212841,15.812247,2681.309,48.851650097758
88.227592,15.814469,57054.862,42.026363332139
88.037505,15.812296,2365.274,40.799129493961
88.198726,15.811925,1116.150,190.29758277732
88.195034,15.811577,855.499,109.99104654631
88.176678,15.812038,898.715,76.311262153233
88.024415,15.813045,11608.006,98.812051952491
88.209738,15.812620,1133.737,85.565816253592
88.218240,15.812627,1082.346,68.755108432842
88.097238,15.812434,852.834,51.061919717452
88.102345,15.812805,1945.032,40.513807666452
88.050800,15.814713,17305.918,974.82031608555
88.175277,15.814577,14326.564,328.91882394622
88.180627,15.814206,8745.817,154.21749485394
88.166153,15.814655,11955.464,51.473822282111
88.162365,15.814371,10634.616,49.646723031822
88.171814,15.814811,5974.686,48.702352627895
88.168033,15.814209,1212.086,43.820533725901
88.189148,15.814174,1120.093,46.422485907737
88.046327,15.817262,91680.524,39.121548844806
88.079898,15.816969,34137.939,44.706062622017
88.104931,15.816477,15891.770,60.533656807295
88.204970,15.815642,4573.325,54.813739578688
88.229942,15.815435,2750.601,49.123221195387
88.040512,15.815573,2124.122,79.723425022463
88.065206,15.815058,766.014,187.45264817285
88.153177,15.816047,2640.687,42.060870299424
88.222603,15.815739,1154.144,47.285961243895
88.088530,15.816113,2005.608,60.882208692280
88.170801,15.816559,5126.158,42.974311661195
88.093329,15.816269,4935.521,42.574737854655
88.077261,15.816397,1779.226,133.62861849591
88.157334,15.817272,6282.530,76.825227984468
88.160967,15.818556,24648.413,46.638921107689
88.138109,15.816756,1112.565,53.244753873143
88.238050,15.816794,1038.165,42.852139587127
88.074270,15.818043,4808.648,143.09517005827
88.245818,15.817462,1114.695,45.353258569002
88.184156,15.817147,1074.381,44.316550016073
88.183070,15.819450,17783.472,370.68871245320
88.070724,15.819428,6390.037,45.559975471291
88.189055,15.819060,2106.922,42.767170111137
88.050751,15.819482,2805.846,94.196839879418
88.156260,15.819108,916.239,47.449370875740
88.245562,15.821043,17800.901,47.023275770745
88.212979,15.819800,1828.495,45.372040317645
88.094344,15.819741,1933.533,54.470282141843
88.073018,15.821929,41400.066,48.826606079600
88.103288,15.820278,1632.867,49.596251608868
88.228716,15.819975,971.194,49.649091635304
88.110772,15.821585,7608.430,57.991830201913
88.226971,15.820804,1543.113,45.650183365289
88.084187,15.821201,1459.263,70.436641390303
88.237027,15.820889,1019.603,45.633177429459
88.123773,15.821582,4284.602,44.703327929928
88.198124,15.821768,1367.909,55.858732540956
88.179147,15.821922,1068.584,66.840697260409
88.051113,15.822134,1585.987,46.742848479543
88.034837,15.822738,3214.066,44.333346380053
88.214201,15.822624,1974.983,48.823790673705
88.248079,15.824037,7413.752,53.143198073124
88.242389,15.822955,598.518,45.175677499488
88.085293,15.823350,1229.696,44.736714920004
88.018358,15.823640,2799.913,45.622281011080
88.229222,15.824441,6253.677,50.347234028053
88.235358,15.823795,926.055,52.103588890084
88.098883,15.824224,954.911,43.875783209812
88.181726,15.823839,542.864,64.629150187363
88.241410,15.824598,2039.366,65.338668965391
88.250097,15.824915,2185.795,56.629449371720
88.265806,15.824902,829.651,44.139663187236
88.131142,15.825964,2326.692,44.266172923977
88.039194,15.825800,2563.789,150.89763896318
88.108791,15.825705,1462.041,38.489957935788
88.249441,15.827254,2641.930,45.763175886733
88.089248,15.827725,5290.053,44.301205186454
88.109007,15.827850,4756.904,50.801203159327
88.050174,15.827980,2335.305,46.096361687576
88.134669,15.827573,992.157,144.70617627162
88.262942,15.827825,621.970,49.440039775731
88.181731,15.829316,21090.083,65.870065676717
88.030691,15.827535,549.686,51.439767650226
88.218084,15.828076,1843.962,50.712846650123
88.068783,15.828382,1667.680,53.714793332577
88.103428,15.828943,2510.526,67.281563529275
88.210948,15.828204,750.351,125.18068312241
88.068578,15.830264,11927.711,45.356805866439
88.174856,15.829339,2372.666,44.838028017502
88.187444,15.829928,6794.554,103.69344331097
88.134334,15.830032,2282.561,69.509711103743
88.039923,15.829494,1467.281,43.043110958950
88.178193,15.830288,4573.343,42.675967482759
88.166289,15.831129,5860.726,38.691233800433
88.254091,15.831423,14037.714,43.252475187745
88.183348,15.830474,2170.588,41.400210229541
88.257833,15.830585,718.470,41.116291296145
88.175086,15.832194,11927.050,253.91687109741
88.201561,15.832549,8052.477,44.779940885390
88.198506,15.832021,1115.352,84.947047361541
88.179505,15.832899,1092.998,86.164060281615
88.184807,15.833077,839.088,42.266007496040
88.161526,15.833186,800.825,59.235369294947
88.057092,15.833486,1341.046,44.339088783382
88.247651,15.833882,797.213,45.039996367211
88.105683,15.836084,26941.655,55.552520381185
88.168856,15.834127,2130.259,60.044163815808
88.023380,15.835213,6353.334,40.776091553518
88.036327,15.835318,6462.489,156.74599417788
88.181099,15.834613,1130.825,71.101403964199
88.238765,15.835767,4746.381,74.097593956760
88.200700,15.834561,1025.981,65.989950176844
88.071245,15.835136,1436.749,50.288862323560
88.256859,15.836008,5521.269,355.31084618085
88.223766,15.836472,6035.109,271.28846259437
88.148564,15.835190,641.866,53.381069549087
88.195046,15.838196,22076.662,43.287353615225
88.210769,15.836909,7118.033,43.908803194991
88.101274,15.837448,7280.975,39.837816415764
88.267105,15.837151,3922.530,47.215193409411
88.049191,15.836717,746.744,42.823516727911
88.079481,15.839593,34238.325,63.497436008301
88.046158,15.839733,25293.048,754.92860576895
88.260603,15.838661,3801.350,49.473502435705
88.136894,15.838168,1010.489,252.63683735168
88.197241,15.838870,1571.028,42.842919010110
88.228414,15.838841,1085.676,43.690969880263
88.216060,15.839113,2252.677,45.676198732492
88.065809,15.838987,1002.164,47.100272501793
88.203329,15.840235,4870.163,41.034529082982
88.122474,15.843339,94311.917,44.807542399062
88.017002,15.839009,684.177,51.753655424057
88.075325,15.841190,25381.576,42.614036618612
88.245880,15.839746,1354.919,45.444138749865
88.039967,15.840055,851.511,47.044708568628
88.109520,15.840818,2370.350,66.310810680536
88.165592,15.841079,2042.311,46.438150415963
88.185387,15.841096,1641.455,46.948290482173
88.169947,15.840889,1787.606,81.237821474666
88.057684,15.841266,2906.182,38.543959261179
88.123579,15.841144,1053.506,53.242107138752
88.151905,15.840960,1036.899,70.005983559154
88.211027,15.842024,1941.613,46.606865732615
88.059413,15.842222,5053.099,209.98075350709
88.018257,15.841105,1098.437,315.11338138852
88.052944,15.841748,2117.910,103.32712279057
88.024802,15.842578,6382.612,52.647743305582
88.252333,15.841423,838.004,52.795862650942
88.076569,15.842572,3384.387,50.464053538423
88.143399,15.843015,6871.439,40.139458544923
88.218678,15.842407,2316.263,58.657406284716
88.068088,15.843807,19744.854,46.842364536284
88.036124,15.844367,28336.705,123.99990958598
88.132832,15.844060,12527.992,67.554606840260
88.240930,15.843101,2245.417,60.254974868394
88.234886,15.843263,3005.578,69.195489393900
88.119170,15.843633,2759.133,45.553650570685
88.157867,15.843050,738.055,52.844214935747
88.181201,15.844150,4374.851,47.005083338955
88.258294,15.843919,1709.339,54.303827404086
88.051068,15.845235,9357.705,47.828029869770
88.104172,15.845806,5298.816,241.53396677784
88.169892,15.846711,5447.033,47.799032586908
88.047144,15.846530,4399.655,43.955960980780
88.093166,15.845917,1292.494,83.416896796644
88.080062,15.846306,2533.914,48.735558678489
88.216753,15.846561,1019.944,56.000087072654
88.144479,15.847044,2335.898,85.100545022971
88.053964,15.847448,2512.907,828.03790635406
88.132023,15.848864,29942.477,192.68349233865
88.132906,15.847129,1059.501,47.315156353768
88.185614,15.847193,656.521,45.689272231428
88.147928,15.848672,7222.041,89.499150812895
88.158903,15.848715,3486.283,44.908381376053
88.152070,15.848951,3317.630,48.177673738654
88.246224,15.849232,7703.465,51.614347089720
88.129970,15.852078,109856.343,48.406480988804
88.027500,15.850991,19766.195,45.604185387977
88.154823,15.849369,1266.404,57.243448290775
88.184932,15.850078,1730.909,53.510830187996
88.257053,15.850779,9295.747,59.045418211936
88.219296,15.850091,2265.531,541.02766628476
88.098102,15.850229,3074.287,47.355935566898
88.199555,15.850274,3341.883,51.731070049823
88.148868,15.850563,1042.835,45.808629449882
88.212710,15.850542,987.957,41.635415574874
88.091548,15.850841,2323.888,50.240260796534
88.174243,15.851304,3838.953,67.390737778864
88.250380,15.851294,5684.280,47.045169158633
88.225732,15.853783,61564.325,380.78827237579
88.086036,15.850834,971.174,48.577823875610
88.089503,15.852019,1075.747,48.503290276618
88.164007,15.852123,813.980,90.620730555503
88.137288,15.852026,894.499,46.265158034374
88.147139,15.853114,3460.931,41.876659377427
88.017598,15.853108,4739.746,53.051337090039
88.212826,15.852633,1690.983,94.225772579611
88.071767,15.855352,35694.003,45.786811991019
88.183309,15.853539,3958.152,43.589886617744
88.179097,15.854172,2514.187,44.654553173589
88.086332,15.854562,8360.042,98.716416981801
88.144802,15.853377,872.938,51.866893895732
88.163000,15.853804,1582.990,59.193249687083
88.045788,15.853905,1608.768,48.990306873344
88.175672,15.856064,9901.302,64.159737477631
88.253169,15.855112,3541.591,51.097348539888
88.244574,15.854903,1145.478,50.149021710428
88.136097,15.854909,1465.297,60.061739671570
88.177764,15.856595,10953.119,90.649911694981
88.207533,15.855708,3061.278,68.128451592976
88.124845,15.855649,2029.357,636.15945267660
88.127658,15.855719,2117.337,45.537266831494
88.096654,15.856276,4327.572,149.42877603054
88.100754,15.856788,3401.848,278.22629043918
88.024505,15.855485,812.671,130.12073969113
88.256579,15.856591,4809.242,44.136701069608
88.166481,15.857441,12002.219,291.54090403398
88.026273,15.857104,4458.569,41.923746229380
88.020646,15.860473,60994.092,124.73340509599
88.143055,15.857106,1533.198,41.102386259958
88.108429,15.859363,16342.819,542.73595996847
88.034407,15.859380,24301.687,419.09499260633
88.080524,15.858965,11634.476,52.558396941236
88.106202,15.857736,1030.542,46.739347078362
88.040924,15.859752,26831.241,95.641136133702
88.037596,15.857683,959.794,46.364714075190
88.032087,15.859361,9789.948,40.961016247282
88.177642,15.859045,1360.520,60.319893854722
88.020910,15.862688,53200.419,59.040276781342
88.151752,15.862253,59308.091,50.796138615880
88.139162,15.860005,2140.522,41.779519990150
88.048106,15.859671,843.729,52.316026922734
88.030470,15.860800,7300.007,40.266462932745
88.122656,15.860269,3092.185,43.368964520069
88.199315,15.860026,962.346,73.981080775606
88.220395,15.861636,6564.404,254.38662429376
88.099366,15.861325,5172.607,224.00250264356
88.141092,15.861090,4047.151,47.402298002425
88.217576,15.861298,1381.022,62.941690136797
88.257897,15.862190,2691.994,61.499024998119
88.262436,15.861827,772.329,38.374512358908
88.136659,15.861554,964.313,49.978031721729
88.050373,15.863652,5441.234,42.728672698573
88.252559,15.865095,32057.313,34.634751697078
88.179524,15.866322,29000.826,60.903705067728
88.239108,15.863265,1244.957,62.525738037737
88.082295,15.864207,5881.326,51.719886912380
88.031960,15.864221,4438.927,117.45046810334
88.100463,15.863810,920.641,55.558411863617
88.198111,15.865270,2238.244,47.746955567960
88.230250,15.865317,2483.791,40.677794570681
88.126511,15.865182,776.079,127.94171777436
88.248347,15.866730,6749.708,679.90387444285
88.018734,15.866581,3339.819,70.896628194659
88.163014,15.867761,3458.155,45.522488763733
88.244898,15.868157,13805.573,110.41345052507
88.175936,15.867669,3686.777,42.759339809828
88.165923,15.867505,2626.761,53.335861309350
88.105676,15.866611,760.292,50.391504340619
88.029587,15.869215,11350.343,49.542573158491
88.198079,15.871709,94127.571,69.362824451048
88.133785,15.869466,7153.660,108.41735056315
88.174034,15.868637,1150.381,609.97862678284
88.141727,15.870555,10225.044,47.569062732580
88.096574,15.869639,1170.660,42.424957904779
88.117023,15.870139,2341.575,47.555946066320
88.146842,15.870294,2454.058,58.605915030442
88.258548,15.870399,1524.979,115.35127133790
88.263429,15.871404,5017.924,47.325637363437
88.229102,15.871731,13257.656,44.258507013638
88.063858,15.873726,51996.634,64.212247833078
88.224002,15.871381,2539.032,350.87904574078
88.163706,15.871109,1130.575,59.531427169729
88.105572,15.871578,1355.408,364.17081422963
88.149593,15.871624,3544.370,50.860339686721
88.232940,15.872799,12290.849,49.035995015359
88.201290,15.871376,603.204,46.983711853560
88.034330,15.871731,2017.629,50.478555237402
88.205334,15.873758,2458.769,243.35351612315
88.220514,15.874997,46689.373,80.833719533677
88.027357,15.873134,2299.100,50.056749045399
88.029583,15.874726,32435.710,82.953021632690
88.125968,15.873270,3373.912,47.304460391868
88.208253,15.872875,695.922,50.699271599349
88.166526,15.873821,1419.195,49.565355336714
88.214068,15.874849,2400.438,234.92016074516
88.078694,15.876808,21755.010,41.126370453153
88.104894,15.876677,7415.314,40.959313792786
88.062743,15.875674,1951.401,55.718760959094
88.156526,15.876410,8556.653,50.272824646038
88.217079,15.875751,906.931,62.755139162777
88.230943,15.877664,2196.927,41.348098539797
88.119921,15.877647,1986.541,54.810287999607
88.084329,15.879933,23003.415,44.422204556342
88.253812,15.877993,829.371,778.55193799703
88.216495,15.878092,867.707,42.827087795701
88.245336,15.879594,4860.981,69.353582717067
88.137306,15.879482,2366.478,132.16164546391
88.034325,15.880448,4481.584,102.44096032473
88.124252,15.880206,2192.864,45.059015240215
88.269105,15.884397,2223.013,72.003525280400
88.057654,15.880567,2648.016,44.505885409520
88.135096,15.880425,2514.115,72.572557826983
88.264187,15.884122,96752.904,43.298151184035
88.194108,15.880610,1367.286,855.06536296304
88.079376,15.881201,4260.327,39.828192122705
88.111673,15.882214,16133.486,56.947987482146
88.183401,15.882594,10932.227,51.393334357553
88.042254,15.881368,1170.122,50.031181595762
88.019513,15.882221,4394.731,40.764324927621
88.230035,15.881430,1145.521,77.910972564647
88.123799,15.882876,6911.182,795.86600418030
88.128783,15.882066,1815.026,41.066179722101
88.046203,15.885547,78801.284,42.392307549519
88.211012,15.882713,1049.610,37.801038833615
88.102376,15.883879,4452.649,398.21851667546
88.016541,15.883442,1405.085,49.524945630250
88.034155,15.884356,2297.644,44.956237294317
88.154286,15.884486,1421.127,122.86726428147
88.174104,15.885495,9755.563,53.609052448963
88.076659,15.888002,86861.557,58.550351890916
88.031191,15.884136,1003.525,85.629708333222
88.122971,15.884764,2722.634,45.449869294723
88.214491,15.884330,1046.833,67.742449234808
88.082564,15.887070,43233.157,44.959725313541
88.241956,15.885261,2034.023,299.79829148403
88.073795,15.884384,1125.566,47.090599935839
88.231877,15.885964,12874.443,45.074926139579
88.089953,15.885776,1734.234,45.141136233940
88.171924,15.885588,7047.718,40.286131250169
88.019014,15.885641,6308.182,81.163191214196
88.146012,15.885231,2362.702,42.348120247361
88.084383,15.885715,1805.168,55.239610413900
88.169972,15.885765,1066.058,56.369513465837
88.236391,15.888202,31403.677,41.059305341574
88.032250,15.886248,2008.574,53.806397815101
88.127859,15.886602,2619.456,47.041729358225
88.087706,15.886991,2407.555,41.479431972641
88.243702,15.886660,1348.897,40.111136995659
88.142619,15.888014,9725.687,43.922355043267
88.040347,15.887303,1036.259,42.735113232937
88.186133,15.888500,4594.055,46.480649888194
88.229609,15.888494,3759.085,55.083350512280
88.069538,15.888252,1438.286,52.582309688508
88.046125,15.888455,2770.644,92.368070948151
88.170779,15.888297,2088.959,40.009654473699
88.133014,15.888767,2050.561,45.719988397229
88.130409,15.889104,2301.971,262.21827443927
88.134957,15.889262,1355.745,43.649113538536
88.062751,15.889292,1708.351,47.851425092655
88.193118,15.889737,3024.972,50.598503381988
88.148802,15.890155,4048.934,46.213753694016
88.066154,15.890878,3344.346,46.852564044324
88.237356,15.891506,7515.230,44.899183235517
88.218462,15.890822,1036.355,1046.9498201156
88.229877,15.891483,1962.829,123.54352499941
88.046724,15.893053,18746.780,42.447616661710
88.109670,15.891887,1537.974,46.452888332820
88.025199,15.891790,1551.641,145.59297497831
88.032653,15.892134,2738.927,43.936648054626
88.194203,15.892485,2068.176,44.704946891536
88.085998,15.892371,1872.295,153.21675267412
88.209394,15.892927,1866.431,112.00264225066
88.076551,15.896554,103254.814,47.254056855395
88.241766,15.894312,10952.841,41.774851963818
88.131304,15.893137,1147.982,70.576933344834
88.164164,15.893699,1232.731,63.112104779298
88.162885,15.895460,16710.802,45.567808386115
88.169725,15.893990,1242.206,42.962000550531
88.043991,15.893524,662.797,72.167707338436
88.028416,15.895436,14072.400,46.365581240606
88.261947,15.895544,10379.240,183.23085139928
88.132750,15.894515,2119.832,75.991064718080
88.184530,15.894569,994.326,51.597576349495
88.190281,15.896012,6319.165,48.232256090095
88.208616,15.896667,6140.568,44.364960810876
88.060843,15.896246,2027.868,59.900784167702
88.252984,15.895692,1121.567,50.693525878896
88.197994,15.897164,7441.622,164.57835702465
88.121731,15.896693,1182.434,108.38408088178
88.102081,15.898602,18628.110,137.46037019700
88.106651,15.897853,6614.485,43.813634136991
88.233700,15.897569,2189.778,50.696104939119
88.259209,15.897275,1285.852,98.700397824569
88.095900,15.898598,1694.057,45.780461786292
88.043071,15.899147,3913.523,44.862767930023
88.203491,15.898966,1837.579,53.905734965734
88.183853,15.901082,24313.845,48.582178225924
88.241471,15.900108,8680.040,47.569273612547
88.020845,15.901031,11135.100,74.315208063909
88.128156,15.899700,765.520,46.277115087063
88.229221,15.901116,3505.078,417.75964841491
88.209384,15.902156,13149.022,45.878001887359
88.168201,15.901067,989.528,41.516541428131
88.163281,15.901340,1758.694,51.747625758463
88.219563,15.901738,2684.008,82.928889886371
88.154705,15.901734,2737.730,63.618352958153
88.205829,15.902027,2114.879,171.01362843049
88.261905,15.902663,6685.100,174.42949386802
88.035201,15.901997,1551.790,47.211464562297
88.217735,15.904120,53331.533,75.952677048995
88.244331,15.902005,1657.450,243.37011520209
88.181911,15.901890,590.479,51.730824188335
88.081231,15.902110,1007.923,44.731775237273
88.246861,15.903675,6537.008,66.750840953088
88.091134,15.903283,5062.879,151.21831852118
88.198313,15.904714,21358.466,53.402482069793
88.233658,15.905434,20762.730,48.375096201772
88.027293,15.903824,1008.053,47.262938777041
88.017955,15.904700,4722.282,41.511141716892
88.076820,15.906003,26336.816,52.466047652894
88.214192,15.904662,3595.549,47.922023007572
88.139095,15.904989,1995.435,326.68932517671
88.240894,15.905438,4557.083,93.348283591818
88.142474,15.906327,19532.875,45.179398718144
88.207572,15.905459,4180.510,163.85858627863
88.136661,15.905518,3135.607,42.158390326212
88.225085,15.905593,3175.640,63.264135838204
88.159440,15.905386,1235.617,41.438985051826
88.020987,15.905317,858.152,42.583772494260
88.269414,15.906661,nan,49.486529880863
88.254865,15.906113,1163.223,82.475283700582
88.117880,15.909629,40740.476,42.207067869572
88.166914,15.907956,9733.348,63.891919225162
88.235302,15.906446,890.240,55.674654603732
88.202309,15.908688,21244.220,61.312354087107
88.040648,15.906791,787.765,40.852234749908
88.259771,15.907886,5169.818,204.47175472807
88.063392,15.907035,1222.699,40.652637204804
88.141011,15.907491,870.334,55.490025196036
88.049992,15.908193,1893.136,48.442458245363
88.253321,15.909155,6652.852,50.584333604122
88.169115,15.907917,743.039,40.702596302510
88.227915,15.910280,5052.432,43.295807233465
88.018349,15.908536,2168.460,37.517311524104
88.119793,15.909216,5592.820,52.679173915261
88.080792,15.908284,851.358,44.028646851066
88.096132,15.910589,22314.905,74.016508400969
88.155513,15.909239,1162.435,56.349373783361
88.148991,15.910167,3984.593,49.272176876994
88.173305,15.909986,2636.539,495.86834507390
88.161131,15.910782,5090.960,177.21571180416
88.103089,15.910240,791.434,43.565588308206
88.089317,15.910342,1127.727,44.110015934117
88.070632,15.910389,804.349,43.233084917764
88.066210,15.911388,4826.521,261.83681264185
88.233273,15.911135,1954.856,75.028182807657
88.084108,15.911880,7235.892,89.456494442346
88.227985,15.912671,3909.047,48.565187721645
88.050710,15.912111,1562.825,231.69001019041
88.110426,15.915289,66610.760,104.32389884453
88.028185,15.914844,15660.315,235.84271521476
88.038359,15.912997,1830.270,57.780054048703
88.179976,15.912502,940.939,123.69336159532
88.174865,15.913462,2197.473,48.833001618598
88.176063,15.915930,29418.306,38.652262155446
88.153089,15.914740,8637.279,124.98362399175
88.222749,15.914879,10722.248,43.293106871981
88.078974,15.914271,2363.241,41.414132943311
88.216862,15.916818,34931.306,256.92026373642
88.258440,15.915597,10457.404,65.610096348995
88.163329,15.916896,35483.409,543.04351081790
88.165122,15.915379,4234.118,302.42166478302
88.231536,15.916419,14478.225,45.153954655567
88.142078,15.915844,3301.485,43.940302327205
88.061722,15.915292,914.109,482.73427145454
88.251313,15.916557,11962.484,63.486750642205
88.236962,15.915041,814.625,46.904254078738
88.179281,15.915826,1396.879,50.695837401594
88.190917,15.917554,32592.261,56.337520951857
88.229571,15.917251,7624.251,200.53645308920
88.139438,15.919650,76967.313,45.309796657853
88.174331,15.918526,38462.438,57.652539187829
88.076031,15.916860,2224.983,80.838538800508
88.144348,15.916614,1095.483,41.968456454486
88.126933,15.919839,64991.681,45.812086279809
88.064630,15.917487,3093.498,47.707015618153
88.171350,15.917776,1297.302,74.978703666703
88.114987,15.918128,2322.938,76.988675150927
88.123624,15.918911,4360.378,45.177996969595
88.023803,15.920235,17469.516,47.210696005741
88.240062,15.918626,956.909,750.15439547585
88.216504,15.919477,4281.764,54.170892774682
88.087722,15.919818,5369.646,44.736999163414
88.065695,15.918991,867.359,44.305720806286
88.135922,15.919897,3102.897,47.822237139974
88.081219,15.920490,1502.305,65.646207112717
88.192872,15.921392,5862.968,356.68677069069
88.200810,15.922102,9016.360,43.947854172796
88.183248,15.920584,915.299,58.281541231527
88.044480,15.921532,1353.897,49.679807999806
88.191435,15.926037,102029.761,82.272912921618
88.185346,15.922298,2981.035,328.93266332146
88.219754,15.922098,1039.071,59.581620992792
88.070117,15.922179,1192.275,50.727188992045
88.035015,15.922510,2044.214,47.955474594882
88.201594,15.923804,4944.819,49.833799385666
88.248264,15.924925,37940.563,81.001652059578
88.094932,15.922581,877.651,75.270022853670
88.255220,15.923175,2932.339,164.26877367235
88.019752,15.922591,1573.874,89.920751667116
88.192394,15.923744,9848.884,48.857489621288
88.204602,15.927291,39148.340,47.702711070371
88.137652,15.923471,3159.702,69.147382122344
88.134243,15.923952,2163.307,49.385244473892
88.016606,15.922954,942.421,84.387700166706
88.097223,15.923608,1898.678,313.16397765050
88.126799,15.924762,8649.789,60.715281742771
88.185330,15.925223,5732.030,51.800050263677
88.265270,15.925512,15203.691,46.217832034773
88.220794,15.925738,5770.091,49.806604305421
88.143577,15.924519,1806.621,76.371144096678
88.084852,15.924047,914.876,322.73935185634
88.243821,15.925252,5542.433,55.249596983033
88.045043,15.924570,1003.396,45.115233780263
88.017121,15.925237,5130.705,90.751732161631
88.083608,15.927151,39072.015,57.583007301860
88.156688,15.925759,4604.823,482.72900161519
88.076949,15.925228,890.908,314.49457076978
88.043020,15.925236,888.440,55.830499056531
88.108227,15.925837,2256.927,49.709291042391
88.034880,15.926625,5771.695,45.979792939922
88.063660,15.928367,33909.806,379.32184792944
88.212788,15.926686,3163.953,47.790087687653
88.101722,15.926416,1635.789,72.875737826488
88.028723,15.927325,7019.213,48.417266638024
88.241442,15.927448,5156.212,64.752840321819
88.115844,15.929471,62411.588,47.985674287539
88.211853,15.929963,39839.328,325.04291392038
88.218815,15.928182,3793.780,48.667633659074
88.018388,15.927577,681.179,46.521715340008
88.266841,15.927826,1487.788,43.468949622721
88.232891,15.930809,45309.107,81.589852035871
88.240552,15.929141,2431.031,169.67722396990
88.151710,15.930472,5886.707,59.376235831203
88.093829,15.929957,2359.603,42.503473051957
88.030037,15.930800,4568.917,41.862241333654
88.175848,15.930230,747.653,45.048259300122
88.180036,15.933561,44593.730,74.055921463875
88.262194,15.932118,842.710,46.380304299347
88.019358,15.932006,1074.881,50.057519443094
88.176821,15.932692,2074.133,53.730892127160
88.025676,15.933094,6974.036,45.278701955704
88.116127,15.934803,20963.968,45.284194429510
88.063419,15.934171,4347.144,46.194574336312
88.133569,15.934306,811.493,50.845246495656
88.040986,15.933879,585.879,69.307198638022
88.154647,15.934671,3600.032,49.752247959856
88.049041,15.935602,4858.213,1284.9309223568
88.080019,15.935705,1886.230,41.256237322950
88.181156,15.936037,3211.216,48.497994760855
88.077426,15.936707,3606.924,42.619456509212
88.235881,15.936271,1867.479,40.790389028885
88.055423,15.935846,864.280,553.56228673086
88.018314,15.936384,1712.687,540.94557570004
88.225552,15.936897,2711.854,44.579563993507
88.071461,15.937650,5970.251,1346.0189776865
88.240391,15.937422,1787.005,40.384651995755
88.046342,15.942409,117293.012,42.854637522397
88.065087,15.937374,850.306,42.519076565571
88.246494,15.938419,2856.470,41.330122639725
88.223065,15.938586,2054.068,51.842891530260
88.038067,15.939278,2460.121,47.762731717486
88.260559,15.940930,48455.050,107.18910889773
88.117916,15.942135,67926.121,43.979029685407
88.212911,15.939201,1192.103,135.42293845028
88.257012,15.943895,128984.949,42.406972585617
88.030435,15.939984,1076.754,42.328045818718
88.252413,15.940182,1143.966,40.214979330001
88.088432,15.940784,1649.519,46.139937657052
88.255342,15.940912,827.240,46.502479454758
88.186896,15.941533,3772.838,44.757497675193
88.176359,15.941444,2857.264,47.694778386769
88.263073,15.942737,8397.745,64.769486474830
88.142926,15.942132,1069.299,94.704420320666
88.062111,15.943831,17877.478,88.775833780976
88.130430,15.942203,752.127,440.82071884599
88.243561,15.942848,1224.475,45.072285971502
88.218890,15.942576,703.409,73.077882729467
88.230208,15.942980,1444.296,42.110290864134
88.032635,15.943119,1928.483,67.409266797906
88.048916,15.943345,1531.364,46.373207605447
88.070761,15.943227,912.577,46.922066226589
88.189324,15.944950,7232.338,48.488098921090
88.136386,15.945813,10866.553,42.305503171868
88.239353,15.945282,7189.272,44.048657004716
88.057842,15.947055,44329.343,48.928994816963
88.090595,15.944785,1414.271,47.114392850397
88.072886,15.946026,5385.932,697.88878899134
88.141488,15.945289,1535.908,198.65391711469
88.094504,15.946830,4691.443,396.93719666333
88.100625,15.946339,1625.189,52.252852580038
88.122133,15.946956,1268.027,49.048333477277
88.089173,15.946977,1468.632,57.157497584518
88.156037,15.946972,1322.567,59.169975530863
88.138587,15.946795,961.026,48.121546978809
88.112676,15.947273,1000.647,337.55954874652
88.050889,15.947332,847.656,55.408331646980
88.244749,15.950464,71915.710,46.936035388198
88.141702,15.949982,25239.049,129.45114942410
88.268187,15.953366,52935.737,46.792443516927
88.019215,15.947994,1665.161,64.375139797930
88.099383,15.948168,1181.677,107.39592584971
88.225879,15.948797,2841.285,47.467358439122
88.179635,15.949242,4921.871,46.626333000837
88.221307,15.948914,3190.096,46.416684270476
88.148469,15.951192,42607.750,43.462827304390
88.054756,15.949254,2384.915,46.197514879233
88.229439,15.948901,708.656,52.021465015787
88.151917,15.950762,13555.128,46.304432486918
88.254959,15.949107,994.893,46.516960677277
88.048279,15.949626,3435.676,190.53257334590
88.162534,15.951787,12267.409,46.024636747848
88.200492,15.950071,797.161,62.043639764704
88.195480,15.950887,1631.026,88.482592653385
88.090122,15.950680,930.800,65.323566755831
88.212642,15.951155,844.593,45.323790806460
88.143729,15.951755,1799.595,78.520023418298
88.181232,15.951863,2425.609,42.400579334002
88.184207,15.951586,842.888,38.509080842405
88.207025,15.951512,1154.138,808.04558858275
88.177631,15.954239,24739.413,42.419210374797
88.139341,15.952518,744.301,64.408659014551
88.258172,15.953058,3784.642,36.590623839243
88.098204,15.953624,5585.489,43.803468009608
88.153831,15.953930,5496.673,46.526911052900
88.090479,15.953458,2454.987,41.835985060828
88.195579,15.954527,8046.546,154.53241859412
88.127788,15.953062,921.398,48.260556816759
88.063951,15.953700,1102.204,118.17863797915
88.032824,15.956862,66364.671,78.073496855312
88.165859,15.954085,788.860,43.443018313399
88.043467,15.955019,4245.302,43.065502469703
88.157905,15.954487,1395.092,42.870665485234
88.173790,15.954895,1112.797,125.66703808082
88.055040,15.955149,1534.956,43.217621620962
88.126581,15.956092,1405.694,47.129091894398
88.190657,15.958530,16160.829,55.131941546517
88.172825,15.957047,876.703,42.618479234576
88.022264,15.958519,8661.999,40.147113160843
88.230664,15.958653,6397.500,51.423826010885
88.148782,15.957494,913.374,49.431203128732
88.164306,15.958228,1560.348,88.478312987328
88.166768,15.958631,1697.610,117.99270893665
88.050308,15.959376,11179.510,48.393074653235
88.144549,15.958659,1131.301,44.387406379682
88.067088,15.959837,2569.857,41.903135782841
88.259613,15.960275,3075.867,67.749212251472
88.053573,15.959624,1795.422,52.234869685985
88.242673,15.959363,842.484,116.79437551594
88.212542,15.960491,4026.560,345.59952771233
88.253276,15.960364,2029.919,60.020112821896
88.104433,15.961179,6829.223,41.754428945992
88.064895,15.961680,14718.438,146.30706458879
88.256445,15.960833,1574.275,45.762498412052
88.110887,15.960476,1389.173,40.902055323819
88.138589,15.960422,891.257,79.723600988315
88.230873,15.961488,5554.396,39.690154304826
88.170275,15.961685,2987.231,41.155149922878
88.109236,15.962555,14382.683,47.846062535359
88.218826,15.964551,40971.298,451.44866930783
88.096751,15.962105,4791.484,48.216723695823
88.153621,15.962208,3551.944,57.492935323199
88.032762,15.963136,13044.577,62.979292303768
88.023391,15.961592,949.401,78.959555548236
88.122076,15.961478,585.920,96.177211927293
88.086142,15.963416,8924.101,42.231341676456
88.204769,15.962732,875.265,45.463088381734
88.143979,15.963137,1346.868,160.59061715122
88.146943,15.963229,1006.570,512.40765590241
88.194892,15.966816,57296.361,485.00238798638
88.060099,15.964297,3413.948,41.943837384450
88.269499,15.965238,nan,35.207446835654
88.035439,15.964234,3688.305,49.791191317214
88.134420,15.964748,4886.542,221.16703839263
88.198171,15.965036,8783.117,352.34995279323
88.179618,15.965570,12058.448,50.090174507944
88.182744,15.964887,1111.302,38.132085772388
88.081449,15.964785,1784.811,44.248450514539
88.090517,15.966873,20572.678,50.940898741582
88.163335,15.969666,74607.144,85.124518336938
88.034633,15.968360,43613.634,53.456347579831
88.029516,15.966311,968.470,51.354098116889
88.251324,15.966495,793.209,49.107335678709
88.248232,15.967210,2989.682,49.087637568806
88.044526,15.968745,23171.598,484.08500049433
88.179127,15.969526,50168.465,43.275276623411
88.027442,15.967578,3002.258,203.57664293093
88.057729,15.967050,970.114,50.938268730620
88.170770,15.967310,1335.716,520.67966542822
88.036405,15.967474,1641.465,82.531862204282
88.184790,15.969185,11183.494,228.42833948476
88.140807,15.968394,2657.155,53.467077209088
88.049341,15.968175,2270.674,43.816084380000
88.032445,15.968456,2757.034,54.003659667073
88.138853,15.968071,760.172,45.244713400419
88.268917,15.978253,43386.984,89.710481890880
88.081580,15.968541,1753.035,182.25741726232
88.172401,15.970862,24382.039,636.18672683209
88.025238,15.968935,1308.404,117.83152607480
88.246876,15.972034,49487.972,49.721675176943
88.197507,15.970732,8291.979,818.55049372324
88.253288,15.971370,21811.471,808.79079048890
88.057445,15.970027,3746.941,87.443292221380
88.087179,15.969677,724.326,201.00398974157
88.026998,15.970973,2014.471,43.116276035229
88.054696,15.970804,934.957,53.297426211770
88.216778,15.972071,7959.668,41.659509064265
88.119251,15.972853,17696.656,46.372870435215
88.088632,15.974852,79468.334,64.867887524780
88.166975,15.972816,12485.794,532.21998588286
88.137834,15.971838,1704.838,59.590226279881
88.079321,15.974695,87882.362,44.322006049611
88.145512,15.976121,109438.216,58.534197484110
88.077728,15.973321,9343.953,45.567586941405
88.240465,15.973954,20851.438,46.239083838104
88.190974,15.972241,1271.497,82.574565011509
88.201367,15.972682,2937.375,48.933172908585
88.185122,15.972139,796.632,52.464500540128
88.116309,15.972263,858.244,55.800306394396
88.170464,15.973138,3961.927,797.24684779005
88.038473,15.975043,47026.116,722.53723899895
88.107937,15.973583,3773.809,45.982239714791
88.065498,15.973367,1544.355,113.79764998355
88.047005,15.973653,3465.398,43.757409057829
88.229853,15.973083,723.224,50.900577239292
88.142763,15.973642,863.636,48.314020654949
88.016312,15.974520,5607.878,67.096616723580
88.029603,15.974064,2002.830,49.845111747270
88.173809,15.974177,1032.682,61.785023522155
88.031836,15.974380,2581.090,47.010897837104
88.062014,15.977785,93697.591,82.359282242449
88.126983,15.978029,87072.158,273.41475281366
88.094726,15.974642,1129.639,144.83558262164
88.031262,15.976131,9271.922,47.667425119059
88.128524,15.975108,1244.022,51.159506218709
88.263435,15.975576,1590.994,42.181396666881
88.174780,15.975742,1466.028,46.601859814626
88.230731,15.976380,4496.310,44.345219544467
88.194829,15.975884,1467.174,53.170000007340
88.147567,15.976643,3208.397,591.73825065747
88.066273,15.976057,2042.716,44.328696737247
88.242906,15.977165,6080.036,71.78252821032
88.169441,15.978851,37863.159,129.31313926418
88.203224,15.978514,16767.208,149.93649727258
88.188784,15.977769,3209.529,56.140745040941
88.119654,15.977980,2723.829,391.40026121095
88.098274,15.977387,1202.997,52.739356235768
88.216283,15.978118,2231.915,38.552395046443
88.221981,15.978105,1605.840,89.856409553218
88.239494,15.978545,3370.178,104.16523407118
88.201912,15.981439,84985.906,67.373444624433
88.124857,15.978247,997.236,44.442192939461
88.016270,15.978429,3319.096,45.536799914586
88.256037,15.980199,10016.541,140.62341012269
88.268492,15.982218,12077.332,57.078150332339
88.018943,15.979309,3328.963,596.02393610787
88.229502,15.981628,34271.371,143.43415494085
88.061766,15.979856,2817.440,41.579899523030
88.182235,15.979929,1000.590,146.12942261260
88.068493,15.981100,9021.252,43.721648715490
88.173536,15.982091,13244.675,42.786291481365
88.260481,15.981746,4837.022,46.666801531373
88.092149,15.981448,2391.768,40.875143090590
88.195609,15.981746,2021.689,47.113988374523
88.155502,15.983380,14247.687,54.692191516273
88.126282,15.982583,3722.145,52.639048190618
88.037186,15.985120,55947.663,47.600465400605
88.081349,15.984234,15537.220,44.055117547128
88.086470,15.982939,862.580,55.912096777561
88.068609,15.984153,14333.348,551.06863661672
88.079020,15.982977,1611.562,46.536012010683
88.189984,15.983115,1487.357,39.921090705549
88.214708,15.983678,2297.463,42.371815502491
88.039507,15.983395,827.221,45.117784727364
88.255611,15.983591,1386.586,55.313091577372
88.257947,15.984009,3756.877,45.134935032257
88.026164,15.983920,2939.916,50.133337250571
88.224164,15.983975,1101.532,44.938757852793
88.051670,15.984032,942.776,206.76623750538
88.170315,15.985331,3692.994,749.55481539811
88.118250,15.987848,65642.961,46.734675182114
88.089067,15.985086,2240.109,109.70935230741
88.151789,15.985057,781.515,778.57255300202
88.208257,15.985474,665.641,56.759874474625
88.199450,15.985976,654.299,47.197146530474
88.221286,15.987081,3918.395,328.08024696207
88.050080,15.986411,970.198,42.571633362436
88.055054,15.986964,3056.546,151.06141983782
88.251953,15.987904,964.392,203.92642826742
88.182437,15.989525,26804.716,73.253832445839
88.198832,15.991594,82334.459,55.198586842421
88.081688,15.989229,2050.862,63.106679729271
88.187593,15.990287,11785.318,55.956434935960
88.248261,15.992999,66707.627,60.074672895902
88.166676,15.990032,4039.449,83.771707542592
88.015437,15.989041,1952.298,121.71426417699
88.232149,15.991741,27420.926,45.187236109487
88.161475,15.989637,617.571,88.937319688282
88.143690,15.991675,20262.429,44.979852306452
88.229472,15.991668,15660.467,41.415442986723
88.127029,15.990861,8263.244,47.285340945255
88.092241,15.990796,3911.739,50.175952589978
88.201635,15.990840,5139.786,41.556123363500
88.105517,15.991019,2212.236,216.07013194143
88.157169,15.992295,5797.190,49.282911975489
88.056924,15.992538,5581.758,44.053222160642
88.066496,15.992692,11911.671,42.748584617908
88.171614,15.991573,1953.347,52.560133225535
88.165529,15.992904,12360.425,40.915148524146
88.141721,15.992141,1193.301,57.796357806702
88.264214,15.992276,790.866,51.241238366754
88.185317,15.992960,2058.872,66.602383949585
88.097121,15.992741,2358.690,46.065503727801
88.237494,15.993218,643.003,117.60651897364
88.210615,15.995587,20006.707,53.326135894631
88.038308,15.993906,1419.057,61.974756893841
88.032209,15.993411,727.596,46.621083883473
88.186645,15.994603,2304.215,46.013823088009
88.193533,15.994749,2836.625,77.794000947350
88.244709,15.994485,1100.933,44.927584473403
88.166048,15.995592,4550.538,46.235100129898
88.024631,15.995267,2407.184,47.318818287943
88.220699,15.995598,3608.974,179.83630315552
88.153919,15.996546,3435.604,45.814493046673
88.239452,15.997161,9328.852,47.953854098880
88.164299,15.996314,3288.406,162.87404266849
88.053315,15.997468,3800.209,1079.8598442446
88.171238,15.996888,1891.734,47.960828756187
88.144748,15.996813,779.466,49.812052432664
88.252960,15.998190,5833.358,138.09145938429
88.065008,15.997202,1489.324,48.342463640126
88.186745,15.997498,3017.277,42.983102379708
88.217791,15.997079,1131.401,51.236272210391
88.042780,15.998900,18002.797,94.009908430772
88.096395,15.997568,1094.118,45.521650888723
88.195766,15.997738,1171.015,41.285507173968
88.165297,15.999488,20411.223,53.049060716354
88.225225,16.002850,102748.042,43.040107864615
88.080180,15.998569,1553.238,50.602270741687
88.228658,15.998664,1507.645,55.063615451940
88.214131,16.000299,12035.848,44.957894776196
88.208727,15.999835,2160.885,46.348441514861
88.029923,15.999308,919.741,43.729749810590
88.018970,15.999473,880.019,465.64014511322
88.262215,16.001054,6082.784,70.780595761217
88.192676,16.000252,913.485,50.113642752505
88.094754,16.000040,907.699,46.268351014249
88.026725,16.000916,3374.550,63.817574814107
88.063906,16.000166,819.701,230.98060134901
88.254908,16.001240,2878.591,51.916913249820
88.122967,16.001546,3310.402,61.203410147329
88.042275,16.000987,830.061,650.55939110484
88.182403,16.001938,2894.765,541.04386043657
88.060631,16.001486,646.653,44.513219529266
88.043400,16.004528,43657.011,49.484249471841
88.208303,16.002851,4892.500,142.24238234433
88.117133,16.002824,2451.535,305.72087539135
88.090570,16.002604,1571.202,42.873868345367
88.084051,16.003710,4518.989,193.87921139273
88.020818,16.004419,18838.687,46.179823652065
88.052154,16.003517,1473.338,63.950750235790
88.069055,16.003996,4237.752,41.158019352643
88.196127,16.006379,71981.357,41.722013493858
88.224545,16.006192,51203.144,49.465054458527
88.115197,16.004029,930.250,94.830946115589
88.054029,16.004340,2473.925,70.334797272541
88.133223,16.005986,16248.997,53.563703236593
88.062622,16.007984,30935.918,406.22652598293
88.243355,16.004263,697.663,55.439244643621
88.216332,16.006798,18206.082,78.753126866572
88.168618,16.005326,950.436,44.319588415001
88.253135,16.005913,3525.347,44.177195125883
88.104626,16.005816,1203.139,144.77534700316
88.107965,16.006079,967.292,43.225088446008
88.245863,16.006633,1912.696,490.40817501155
88.239324,16.007326,6803.340,42.606053554791
88.034407,16.006949,5480.263,44.409220973119
88.037529,16.007212,2767.275,136.91735237939
88.060622,16.008998,48627.374,42.886404450975
88.198400,16.007302,3466.254,50.278399675965
88.065877,16.007947,6521.247,66.217815399060
88.176878,16.007155,912.778,42.029934221286
88.203683,16.007278,1798.711,43.682293952293
88.024244,16.008773,13018.445,46.153005696205
88.214785,16.007987,1448.780,74.834276309977
88.187174,16.010600,56302.763,53.358786630482
88.154804,16.008797,2385.986,52.723812663446
88.160464,16.008878,3125.138,50.218984452496
88.078387,16.009759,12671.276,144.41353759879
88.232991,16.008417,1095.186,39.473917336125
88.172247,16.009416,3929.916,43.876561531686
88.047359,16.009637,4665.792,41.618236729195
88.112186,16.009092,1265.023,40.341967699997
88.098816,16.009199,1627.172,46.915001531099
88.186198,16.008897,792.674,113.28749920531
88.236861,16.009615,3958.447,96.034616470670
88.075203,16.010585,3030.825,44.075808318065
88.118477,16.010695,2885.229,47.481174470572
88.248982,16.011044,2498.994,138.54527043760
88.045731,16.011649,12639.662,45.345307904057
88.202469,16.010642,650.783,49.741308551814
88.043602,16.010715,681.326,115.21255572941
88.082670,16.010800,1129.870,46.146839874402
88.209346,16.010843,1055.834,66.675706036700
88.223396,16.011302,2129.869,40.599426855782
88.154267,16.012721,12469.826,55.914711543912
88.162698,16.012931,11522.683,46.715360523232
88.210178,16.012496,2236.905,46.285649540513
88.110170,16.012857,2818.079,39.386343544442
88.024196,16.013451,13102.846,""
88.019973,16.012184,1236.538,""
88.238149,16.012603,2866.301,""
88.143421,16.013821,11567.415,""
88.217954,16.013116,1723.046,""
88.034446,16.014119,5273.801,""
88.057681,16.012757,839.494,""
88.105524,16.014051,4962.943,""
88.157528,16.013582,2329.323,""
88.101643,16.014204,1484.987,""
88.117750,16.014665,843.457,""
