#mjd: 58921.01641
#filter: V
#airmass: 1.509
#seeing: 1.32395643
#m5sigma: 20.7601
#exptime: 30.0
#night: ut200312
#ra dec flux fluxerror
88.024629,15.763906,116006.166,658.98987190794
88.175141,15.762773,nan,40.640567342581
88.088413,15.762469,nan,49.281186619912
88.178309,15.762950,nan,49.273497803912
88.127896,15.762546,nan,51.961583504217
88.058711,15.762999,1665.078,51.973421306768
88.001126,15.764103,6038.799,79.911010626740
88.002998,15.764831,895.561,59.937716458476
88.118541,15.764338,6613.890,38.845592623354
88.120059,15.765538,3163.850,79.185762436636
87.994699,15.764896,10701.138,55.310793414050
88.020018,15.764741,5656.541,48.445346519725
88.109261,15.763834,1232.597,48.439863633093
88.048549,15.765423,8447.578,41.239438392935
88.130099,15.765571,4885.480,161.86998881294
88.077661,15.765283,1823.444,117.65151916082
88.078687,15.766917,5611.181,55.385033048363
88.091213,15.766067,3759.952,41.449434674513
88.197480,15.768282,21553.868,44.218055828404
88.013227,15.768404,29524.129,46.871366890154
88.185722,15.767133,4077.525,86.843567664750
88.008372,15.766464,847.839,36.456660173838
88.099353,15.767477,2629.458,62.125016038948
88.159355,15.767552,2543.228,45.122452531732
88.168406,15.768896,10167.927,43.894761011943
88.047476,15.767613,1558.046,41.531751305367
88.038235,15.768898,8427.512,45.003811319464
88.105305,15.768050,2136.599,65.848525651649
88.120184,15.768332,1600.784,37.170837265209
88.226855,15.768526,1102.270,60.680757368255
88.234667,15.768724,1339.903,38.075871254748
88.106956,15.770106,5465.229,69.668525238166
88.085927,15.769681,1844.424,46.548133620118
88.010981,15.770326,6980.900,91.272030037316
88.068686,15.769464,923.477,45.290756428422
88.235598,15.771357,8875.505,36.851431491421
88.049881,15.770585,1996.133,440.12421267790
88.149379,15.771467,11565.523,46.302581683946
87.994591,15.770744,4094.793,44.385768637334
88.022781,15.770012,829.880,40.241686343544
88.036822,15.774808,84009.008,44.839516935996
88.211566,15.769849,732.216,94.696506452060
88.224557,15.770729,2748.133,144.36383325205
88.199488,15.770998,1837.334,90.060036582192
88.182706,15.770791,1029.166,50.687351699751
88.081903,15.771301,1364.455,41.636174681381
88.072864,15.773321,23310.768,85.759968774433
88.168284,15.772736,12895.208,40.460101236487
88.013725,15.771836,3552.044,42.829957755010
88.035788,15.771551,1566.546,39.754913993792
88.008023,15.772820,10907.840,40.465653579258
88.054796,15.771247,740.109,42.062633536263
88.138657,15.771323,898.687,43.958479186193
88.113865,15.771759,829.740,45.305885327421
88.232395,15.772757,1798.773,74.344490439171
88.051024,15.772736,1929.774,45.022862541861
88.203838,15.772818,1958.061,37.979911858499
88.043627,15.772546,761.055,48.230880500968
88.146106,15.773979,8876.060,42.612211477691
88.083367,15.773114,1272.987,58.523406204324
87.993764,15.772871,1227.339,170.74939100344
88.206903,15.773676,2921.108,38.763750193164
88.188059,15.773803,768.087,39.087238432779
87.994250,15.775015,4950.556,120.84672001711
88.049014,15.776476,28397.506,60.773214131687
88.170232,15.774699,1244.758,79.440722565779
88.118367,15.775006,886.410,197.62028283783
88.216918,15.776710,14083.309,43.357403303384
88.045720,15.776628,7798.069,42.221864877423
88.206183,15.776858,10257.237,314.30031517710
88.020072,15.778283,27878.452,49.302560542523
88.227831,15.776890,3674.540,42.402533650334
88.167433,15.776428,2586.602,60.964560886254
88.007158,15.778959,44079.250,39.293649055943
88.157504,15.777333,2859.904,39.476395723313
88.142018,15.777669,2513.657,44.544556261420
88.241269,15.778375,5445.217,44.308876867638
88.014098,15.777394,919.229,411.92980100828
88.050976,15.777913,1434.130,40.638161884874
88.054067,15.778376,3329.075,38.293317467217
88.102823,15.778104,1487.567,64.938274065505
88.164333,15.781924,73333.527,38.460527287302
88.056328,15.777929,851.108,56.596964775715
88.150063,15.779007,2186.369,50.549095018464
88.011972,15.780124,8555.809,691.93751324329
88.203947,15.779911,1237.609,43.861557876673
88.000504,15.780943,5371.291,40.430668240483
88.233661,15.781216,4282.721,41.083303158123
88.222239,15.783984,108947.072,38.738069300262
88.200539,15.782023,4130.440,42.445292894980
88.227721,15.781241,1200.531,37.647645253174
88.124650,15.781001,824.933,38.924881737161
88.147666,15.782033,3361.835,540.33174599290
88.155096,15.782104,1945.390,91.817753010738
88.139684,15.781966,901.050,42.800713632911
88.178621,15.782062,650.435,64.851109626504
88.012827,15.785822,90950.146,40.325909242932
88.122646,15.784410,13500.929,81.506579424154
88.186477,15.783142,916.952,37.761968023579
88.071553,15.785739,5281.364,69.217295008296
87.993693,15.783654,1194.472,39.673135880452
88.104740,15.785718,9530.118,299.79931563850
88.166640,15.783876,908.343,46.462390790142
88.179683,15.785200,8904.132,43.779620004952
88.194290,15.784294,1170.184,85.244541336330
88.017939,15.787111,50234.036,41.393162395564
88.001683,15.785025,1577.670,42.781436850588
88.065403,15.785047,2080.845,70.602085518736
88.162693,15.786579,13714.855,35.388250801021
88.201582,15.785682,2554.359,86.081757923294
88.135203,15.785347,1997.776,50.779988381921
88.004227,15.786793,9808.062,37.364802555834
88.171238,15.785573,1140.733,56.008047862215
88.112986,15.787610,12603.595,94.062691805182
88.128451,15.786667,5554.252,94.060428135008
88.089558,15.786395,2991.644,39.105275257606
88.057723,15.787265,5689.490,42.893525946482
88.192952,15.788416,19379.327,567.25347346273
88.191118,15.787668,3172.970,408.90774208482
88.074526,15.785906,733.181,38.906326956925
88.050599,15.786606,762.880,38.604064843154
88.141153,15.790730,110643.725,37.429758679258
88.004025,15.790428,76868.763,68.039495752269
88.179817,15.787542,802.801,37.672251418675
88.165669,15.787250,1610.978,63.994700626598
88.196262,15.787899,1047.423,42.062495044518
88.221191,15.789127,7944.460,75.588290267207
88.080164,15.787783,898.109,33.982432965006
88.021076,15.789484,9171.860,31.587857576187
88.010028,15.788317,1402.608,39.647899562326
88.133871,15.789441,8123.116,40.907702653572
88.115600,15.788476,1151.533,264.42148560912
88.061877,15.788464,668.233,48.670341635178
88.150018,15.789555,2724.784,42.476978460070
88.147343,15.790334,3988.662,41.014490285881
88.000696,15.794344,44553.766,116.54132065675
88.230095,15.790370,3230.368,208.38761589168
87.998270,15.789669,912.255,52.644973291560
88.096626,15.790351,1292.181,45.532248842390
88.123560,15.792303,17619.037,38.535864378167
88.218705,15.793551,24217.259,38.360953088746
88.161591,15.792255,3976.824,42.481827574549
88.019093,15.792495,4606.297,269.13196657442
88.059521,15.792490,2937.756,106.48466438740
88.082174,15.792503,2189.061,43.618953198436
88.117724,15.792413,562.548,38.967434008734
88.192544,15.796135,53731.551,62.317663178718
88.188873,15.794639,18224.031,47.284206716952
88.172651,15.794015,2906.390,41.011910837232
88.114477,15.793768,1494.957,78.399310909792
88.118474,15.795062,6805.095,108.77114858607
88.100182,15.794092,689.167,108.77107937212
88.224537,15.794590,2270.730,57.232557540188
88.175261,15.795724,9474.489,38.737838525565
88.083232,15.796833,22731.943,39.877663676513
88.081873,15.795486,1577.962,34.704594634929
88.006714,15.796300,9342.375,44.990574287467
88.244248,15.794849,558.197,37.276083483535
87.997080,15.795158,2597.275,57.030774454823
88.041454,15.794928,841.807,43.114425003082
88.003576,15.795551,626.843,37.920814800092
88.169203,15.797129,3542.328,79.198682285465
88.146444,15.796356,722.246,79.262859233018
88.189498,15.798337,6642.610,57.348675999361
88.237484,15.796630,755.438,42.975797064792
88.041345,15.796997,796.695,61.509628081906
88.151638,15.799288,23081.386,46.384227032528
88.151642,15.797418,2205.777,44.849554116059
88.120833,15.798385,7662.575,176.10723021213
88.159813,15.797428,1426.535,44.790561276433
88.206356,15.798460,6213.874,87.346957162280
88.071707,15.798061,3598.875,105.26555313821
88.126044,15.798075,1986.999,88.836118927504
87.994581,15.799836,29195.044,42.051967603545
88.123761,15.798445,1789.685,40.875758665622
88.129923,15.799746,14661.692,38.693854275750
88.096887,15.800615,18526.717,108.17897251273
88.043878,15.800798,14578.643,38.840306737311
88.241366,15.799483,1405.205,59.965356940505
88.090179,15.800008,1015.509,47.214033930671
88.160153,15.800180,1067.337,480.15144916218
88.102140,15.802678,20513.119,44.292645782351
88.030570,15.800400,687.360,41.037211075897
88.238837,15.802905,8640.795,70.312917282830
88.158631,15.801919,3860.594,63.487229099048
88.103038,15.805294,103676.782,582.63180184765
88.109277,15.800922,752.414,41.783900653878
88.243438,15.801384,1048.223,41.876731357658
88.040183,15.803036,9900.738,39.896717726939
88.171479,15.802979,10532.320,65.015206677870
88.024862,15.805856,111039.826,326.88019568767
88.207756,15.802308,1848.010,56.361525263006
88.241086,15.802284,1791.894,38.061093080290
88.057004,15.801848,616.971,122.72235591328
88.226036,15.803943,9691.110,47.604871535452
88.187076,15.806442,72583.703,168.73093621159
88.031185,15.803665,5540.732,37.622194053580
88.167356,15.803465,2630.203,87.597977067713
88.136628,15.804821,20283.647,40.720312213601
88.165124,15.804584,4405.268,39.178676817879
88.177134,15.805897,35697.782,301.92780089424
88.190460,15.803603,1199.070,60.184732154116
87.992993,15.803904,1477.687,43.157698694603
88.033535,15.804702,2401.415,36.333375600866
88.087888,15.804681,1720.921,41.244156947803
88.129613,15.808186,61202.254,43.365557038474
88.208190,15.806751,8911.591,38.963722729813
88.043063,15.805079,612.767,36.692699721365
88.065879,15.805121,585.671,117.64996947631
88.190031,15.806199,1472.317,1604.3676815661
88.143420,15.806852,3203.096,47.876953672078
88.062677,15.806178,1175.834,47.827094383806
88.167087,15.805977,1560.280,40.060229215814
88.097832,15.808507,24437.173,162.08205023674
88.227749,15.811721,292479.086,43.059026287534
88.006268,15.807444,4129.063,40.189427350031
88.099956,15.807209,4436.693,66.491316154804
88.001951,15.806459,1807.413,66.474504919444
88.008073,15.808771,29474.267,44.447593512594
88.242787,15.807421,2878.580,134.35346162558
88.238745,15.807102,1151.133,36.417183367356
88.016424,15.808828,11424.248,47.621798697102
88.017696,15.807375,677.140,41.705202418012
87.991222,15.807554,2261.818,45.628181208654
88.160894,15.809836,26120.111,43.384803321454
88.171759,15.807710,2048.835,40.812730334816
88.157595,15.808161,4561.926,81.590930006857
88.193540,15.808638,1890.114,39.487412796833
88.067375,15.808477,3962.875,92.040497521605
88.235858,15.807863,657.347,39.976394477786
88.122829,15.808168,746.306,41.054217234101
88.102150,15.810077,13593.003,42.306136625309
88.226298,15.809324,1187.324,437.88418905047
88.121797,15.810705,19610.885,42.337126981783
88.217529,15.809177,775.152,40.083823603347
88.107407,15.809648,2351.067,184.77236267052
88.155823,15.810084,2051.246,41.899750732430
88.227569,15.814471,78133.634,40.403899857347
88.206858,15.810711,2385.689,107.80648638971
88.038251,15.810295,2314.158,63.297489396523
88.142673,15.813498,42009.346,36.692971295178
88.231044,15.810795,850.979,149.49316190809
88.087223,15.811516,2650.894,40.351297614471
88.024393,15.813021,15792.015,37.117189084949
88.212838,15.812241,3972.498,47.798829071256
88.195004,15.811595,1028.131,105.53490144289
88.010914,15.813408,26154.203,44.555053970114
88.198707,15.811899,1552.358,37.814903312544
88.176660,15.812021,1198.820,88.607760559575
88.102345,15.812771,2874.145,41.562693791024
88.162344,15.814365,21670.640,67.387865906108
88.218232,15.812633,1440.286,67.433278025880
88.037496,15.812279,1489.538,39.283848634151
88.180592,15.814189,13971.529,680.08730031403
88.097235,15.812451,928.232,103.91167814250
88.166139,15.814644,16948.532,98.506159471114
88.168054,15.814200,1574.225,103.61642146842
88.209764,15.812638,1162.110,75.016247278307
88.046294,15.817237,143058.938,39.644166490180
88.175258,15.814563,22122.662,156.08789059111
88.050784,15.814683,16111.972,333.19647455007
87.995913,15.814879,14891.122,47.056672915698
88.171788,15.814807,10379.062,40.710725399542
88.000158,15.813735,1358.257,44.572571124365
88.104913,15.816473,28582.892,51.575355557150
88.079893,15.816955,62418.180,38.579175841970
88.229944,15.815440,3865.028,48.510488952909
88.040508,15.815580,2263.031,45.258735707776
88.204962,15.815637,3375.241,40.007292421286
88.093341,15.816246,5412.747,38.606247488031
88.065206,15.815061,1022.892,174.74609474396
88.153169,15.816047,2910.947,40.947951383675
88.170789,15.816544,5396.253,65.700109147973
88.002432,15.815721,1648.941,39.845310396023
88.222617,15.815766,938.906,42.486314763861
88.160940,15.818534,36771.005,39.956280270038
88.088537,15.816118,2686.624,52.701626975378
88.157292,15.817260,8209.702,86.980661136377
88.077265,15.816389,2120.624,203.66891000364
88.238026,15.816826,1085.765,74.056323562895
88.138125,15.816751,729.392,52.560573399064
88.074258,15.818027,6556.911,273.11969545369
88.183050,15.819434,17971.161,107.48720695977
88.007469,15.819881,35773.249,51.569150183433
88.070705,15.819416,9133.292,42.472447058671
88.050743,15.819464,5618.562,42.366127165296
88.073008,15.821915,60666.856,40.265040649084
88.004952,15.820645,18553.560,37.699670877122
88.189038,15.819073,2907.523,37.720584062275
88.094339,15.819729,2535.076,76.592692492404
88.156227,15.819062,812.522,43.565481317212
88.212980,15.819793,770.733,68.041800836629
88.228676,15.819975,1193.591,63.022490694480
88.226988,15.820812,730.198,44.120984659939
88.010312,15.821087,10026.754,42.749250800584
88.103265,15.820273,2094.224,37.664220380654
88.110740,15.821568,6856.107,44.389996624548
88.123746,15.821566,6162.895,48.624604958520
88.084169,15.821214,1273.889,50.159822757435
88.237044,15.820901,595.056,39.424904124849
88.198111,15.821765,1641.882,39.500685778632
88.051070,15.822099,1642.063,47.941530040988
88.214223,15.822611,2893.532,75.184837144956
88.034813,15.822723,4980.822,44.320166964181
87.993522,15.822085,1512.628,43.338538680823
88.001950,15.822613,1577.803,43.365457561838
88.085312,15.823339,1827.330,36.198277428742
88.229198,15.824438,9536.155,41.333575090725
88.075131,15.823043,800.641,41.665659241063
88.242403,15.822961,729.167,42.443571989888
88.241406,15.824611,2727.400,42.968650743748
88.235295,15.823808,1015.793,38.606361267508
88.098874,15.824230,1084.608,51.169651765167
88.104510,15.823945,588.423,82.929894461263
88.039169,15.825800,3191.146,82.863343658236
88.131124,15.825977,2241.091,50.923182250886
88.063847,15.826179,2600.098,43.765233785430
88.089234,15.827700,6978.616,36.196829160811
88.181711,15.829307,29454.604,41.396962075475
88.183340,15.830469,2872.251,44.507695853693
88.108991,15.827831,3924.460,77.561744322820
88.050160,15.827977,2963.508,77.636828058441
88.005219,15.827544,808.527,47.344300986804
88.134709,15.827592,778.468,61.871057977310
88.218090,15.828063,1917.667,38.188279395850
88.068760,15.828385,1799.917,39.558683492328
88.068565,15.830238,19858.241,39.679887396926
88.103416,15.828927,3708.480,43.727516770430
88.187422,15.829915,14411.754,48.993307560821
88.210958,15.828201,716.336,44.547850015592
88.023151,15.828508,736.391,45.617508613690
88.174858,15.829338,2718.366,46.954753949648
88.039908,15.829487,1758.676,50.184968027248
87.994432,15.829682,3840.217,83.951408294738
87.991169,15.829499,1326.923,39.395605939595
88.178178,15.830291,5573.248,66.777328445188
88.134316,15.830000,2428.080,40.913947653922
88.166277,15.831114,5440.370,39.893506463916
88.175076,15.832175,16463.452,38.496138214681
88.138884,15.830830,742.367,38.874447831415
88.201542,15.832556,12107.117,43.990320081358
88.179493,15.832895,1440.933,166.89357930107
88.184828,15.833080,798.956,69.467768490426
88.168857,15.834105,2261.493,39.470045621069
88.161502,15.833165,1084.925,334.10267028073
88.057095,15.833493,1835.206,50.914392722853
88.105663,15.836059,36253.221,39.143883376923
88.023363,15.835186,8691.914,38.386056711713
88.061976,15.833724,878.939,55.404212683624
87.992501,15.836450,49915.928,37.581108278514
88.036316,15.835294,6242.982,61.937928545420
88.181121,15.834592,1449.875,65.729012999942
88.200716,15.834525,879.405,183.53414051322
88.238754,15.835764,5547.500,36.676179823045
88.071220,15.835139,1636.734,121.65112836950
88.223748,15.836463,8496.463,68.884322387628
88.210763,15.836902,10066.686,44.279579644276
88.195032,15.838196,48981.019,43.812580571678
88.148549,15.835166,729.830,235.09207949723
88.012106,15.838168,18379.936,101.71813682908
88.101268,15.837414,10309.317,38.605662484210
87.995021,15.836324,1041.801,45.782695220263
88.049196,15.836723,950.491,40.507093229464
88.079464,15.839574,57325.961,38.255119931665
88.046131,15.839725,18948.820,657.83426296646
88.228400,15.838825,1756.588,121.56093783309
88.216049,15.839129,2017.848,121.65378537156
88.197246,15.838902,1669.992,43.900342039257
88.065833,15.838964,925.265,51.836573592857
88.001680,15.842648,112592.490,326.34583270476
88.075303,15.841171,37909.301,44.109534092020
88.076536,15.842556,4885.928,40.732791671233
88.192861,15.838957,787.628,40.948410347531
88.203344,15.840231,5285.495,40.640478676547
88.122446,15.843320,102505.825,52.678149400530
88.016986,15.839017,896.599,52.706040072471
88.039988,15.840016,1377.577,46.200367792460
88.169956,15.840867,1773.916,40.302317393987
88.109506,15.840838,1943.097,41.501268749990
88.057662,15.841279,4468.923,47.925714132310
88.059401,15.842218,7044.253,45.831678770293
88.185383,15.841087,2180.532,62.422215193071
88.151912,15.840959,1339.309,46.248097849180
88.165602,15.841081,2626.518,39.562268992645
88.013897,15.841242,2844.017,157.20540858481
88.123572,15.841151,1174.660,46.146010409258
88.024783,15.842553,9795.365,186.37472195912
88.052921,15.841735,2629.015,53.093448380398
88.018275,15.841116,1082.558,39.975305778257
88.068063,15.843797,32084.514,73.432115257326
88.211026,15.842006,1885.269,51.697141678583
88.036108,15.844347,39805.737,49.915185701398
88.143395,15.843000,5662.897,39.710935111836
88.218679,15.842396,1534.320,44.072291286922
88.132803,15.844053,14081.422,80.269137540873
88.234864,15.843264,4181.324,52.832389244403
88.240928,15.843092,2408.594,63.658344153314
88.119157,15.843595,3002.040,56.430404978317
88.157855,15.843057,907.661,52.585030519053
88.051042,15.845221,12159.819,42.422488759711
88.181180,15.844130,6404.122,46.921650913989
88.104152,15.845789,8779.438,40.001803366239
88.047124,15.846512,4797.707,40.664813385884
88.169883,15.846707,9548.458,107.89122138639
88.093168,15.845893,1644.119,41.827529644532
88.080049,15.846288,2915.472,45.101632715883
88.144459,15.847006,3233.648,39.200896488666
88.118316,15.846456,804.933,50.998573382198
88.131991,15.848847,25179.030,42.309226480102
88.147036,15.846652,880.033,69.158091840758
88.053947,15.847440,2880.754,582.73459812911
88.002186,15.846600,790.020,44.991562152701
88.147906,15.848654,9752.692,49.182603698835
88.185569,15.847192,807.844,49.515884166534
88.012425,15.848904,9445.174,96.607816044772
88.129936,15.852056,166655.679,44.626095147205
88.158885,15.848700,4395.876,39.343898547318
88.152046,15.848945,4199.536,43.334816771883
88.001638,15.850230,4020.657,35.561498738847
88.027478,15.850966,21859.465,485.92600435408
88.098084,15.850217,4044.198,37.916096395155
88.184948,15.850070,1903.278,39.301604015903
88.219277,15.850078,3158.135,42.212639472209
88.154826,15.849382,731.689,34.131102813518
88.225707,15.853767,90248.109,37.242630654863
88.199579,15.850267,2352.130,43.481992933034
88.212708,15.850524,853.035,39.847908221298
88.174229,15.851282,4576.772,39.836633265554
88.148853,15.850544,1302.873,58.132533473748
88.157301,15.852066,933.191,209.73741771552
88.147115,15.853109,4176.426,41.338338815984
88.164051,15.852141,745.999,39.756906415147
88.162996,15.853803,1911.013,49.534179862190
88.017583,15.853085,4823.108,68.596819514540
88.071740,15.855347,47106.260,39.020772405848
88.212814,15.852646,1337.060,48.953280132778
88.137266,15.852038,671.874,36.684530130096
88.183299,15.853534,5333.736,43.072317712534
88.086320,15.854547,12599.939,45.963808637939
88.144798,15.853359,1125.070,64.795245837432
88.014521,15.854133,3088.890,46.325086204114
88.179102,15.854147,2331.268,67.241084267621
88.045766,15.853928,1998.495,45.602460745971
88.136076,15.854920,2421.853,57.175078883362
88.175672,15.856049,13355.469,44.142272717229
88.124831,15.855640,2765.363,95.937959542553
88.177755,15.856561,11120.460,78.891143581521
88.207519,15.855707,4498.942,43.476029014143
88.096639,15.856259,7009.079,44.489689582324
88.127671,15.855720,2312.133,53.207767214139
88.166472,15.857423,22448.047,128.30364216825
88.003550,15.857035,10782.778,126.05980701999
88.024442,15.855498,588.940,107.50945857418
88.100739,15.856784,4787.171,169.96534214397
88.026269,15.857091,5781.258,62.701583553342
88.034386,15.859361,32582.590,42.659941757601
88.080497,15.858958,26082.461,36.632235262727
88.108411,15.859342,20910.364,38.751182257006
88.040909,15.859735,34672.754,44.950058016863
88.032071,15.859341,14705.898,55.382415098458
88.037612,15.857694,1477.147,39.925719623323
88.106206,15.857744,1021.275,170.89373843011
88.230510,15.857903,883.892,59.948736926157
88.009896,15.858295,1270.863,41.360390754239
87.992982,15.859132,5296.015,39.412271805497
88.177626,15.859046,1703.966,41.890715973207
88.151722,15.862236,53881.803,46.408219619770
88.232071,15.860641,6876.636,38.292448638421
88.139142,15.859979,2345.951,56.834867187750
88.048142,15.859682,876.459,48.924665325807
88.122660,15.860272,1643.835,52.474241935311
88.030455,15.860792,7265.816,60.789814642509
88.199347,15.860003,863.510,42.793302325276
88.099358,15.861323,6928.643,46.007371781032
88.126908,15.861407,5635.705,66.581230817568
88.141068,15.861072,4883.741,178.79732214354
88.220384,15.861628,6157.424,37.261652550222
88.217579,15.861294,1788.338,42.562722504385
88.136677,15.861534,972.275,54.340720002919
88.050375,15.863636,7474.234,50.413588449454
88.179504,15.866300,40151.467,42.444799361620
87.997088,15.862532,844.371,47.703205162577
88.239086,15.863253,1547.559,46.054061753184
88.082271,15.864193,4693.823,40.024556798217
88.031964,15.864196,5244.109,41.244337790774
87.996926,15.864499,1584.211,50.799747731764
88.198125,15.865236,3444.378,54.256884016438
88.244736,15.868146,nan,51.910200586310
88.230243,15.865311,3422.952,45.029616810359
88.013898,15.865035,1563.576,45.560384753815
88.126489,15.865157,855.058,81.576768006862
88.018735,15.866548,4421.218,457.20757928086
88.175925,15.867650,5698.792,53.816977205049
88.163020,15.867740,4917.108,38.938957657185
88.105619,15.866627,816.629,111.49496116701
88.165919,15.867479,2764.861,52.503630537256
88.029570,15.869202,13160.542,42.265539148629
88.198061,15.871697,99427.668,45.433499581967
88.133756,15.869450,10212.828,470.28364911396
88.174034,15.868619,1402.797,134.88955467611
87.995935,15.870191,15030.827,41.550620444909
88.141703,15.870565,6092.769,67.099258993610
88.117017,15.870127,2835.502,43.960155435085
88.146822,15.870273,3549.122,41.697771945181
88.063836,15.873725,75213.849,39.362801428016
88.229074,15.871722,18363.140,39.147108520965
88.238777,15.870455,1163.799,123.83129115940
87.993995,15.871025,6872.590,530.65197792751
88.080442,15.870613,921.476,38.519425376104
88.223999,15.871369,3314.229,38.524154666620
88.149581,15.871627,3687.480,48.776056229423
88.160704,15.870537,786.711,52.204248964288
88.232900,15.872789,17449.018,203.35973647303
88.220498,15.874980,102939.831,39.932116054780
88.034319,15.871722,1634.086,45.086209004744
88.154473,15.871123,697.401,45.956912123628
88.205323,15.873770,3017.582,40.591582964188
88.125943,15.873259,5359.588,45.483390124746
88.029546,15.874703,49925.568,41.035447904831
88.208220,15.872843,993.009,117.88423180352
88.027370,15.873126,1850.454,57.124094299348
87.998252,15.873245,1195.039,71.323178095049
88.166537,15.873796,1766.625,39.227227898848
88.003265,15.874017,2222.236,37.681039956595
88.214044,15.874836,2649.659,40.774979125626
88.078661,15.876789,25826.591,40.735289017112
88.156501,15.876395,9705.476,38.620990430407
88.104873,15.876673,9977.384,158.81004749119
88.182811,15.875280,1017.115,43.967572062559
88.062755,15.875655,1001.455,46.534602472711
88.217072,15.875757,1252.267,124.99137970805
88.013670,15.875815,601.221,47.722590338910
88.119907,15.877644,2524.933,40.459160387428
88.084308,15.879929,33108.794,44.884784679379
88.137289,15.879459,3114.344,45.289599482503
88.034319,15.880438,4725.143,46.773021658036
88.111646,15.882220,25086.484,41.477573395060
88.135070,15.880407,3484.545,75.903881247994
88.124250,15.880204,2299.165,377.66421121276
88.243451,15.880246,726.368,54.294163031199
88.057663,15.880567,3164.617,40.736968268639
88.079358,15.881184,5417.986,40.847978971444
88.194117,15.880587,1920.380,40.939714994949
88.183376,15.882574,14113.761,42.957135953967
87.992358,15.883651,66360.268,35.981812772182
88.019509,15.882201,7375.007,45.342889075760
88.229996,15.881413,1408.887,354.45801416392
88.042236,15.881343,1243.582,41.123835976693
88.105877,15.881006,665.157,43.556247821960
88.123783,15.882865,3690.991,42.562718720321
88.128767,15.882069,949.342,148.34112873629
88.211002,15.882680,1330.896,66.742408153285
88.046191,15.885548,69795.245,41.200621138702
88.016512,15.883438,1842.079,43.829834919328
88.004326,15.883087,1169.746,37.551632251105
88.102380,15.883871,3312.499,46.019209754058
88.231868,15.885952,20348.361,46.354311064732
88.174096,15.885483,9712.532,264.51966665472
87.996885,15.883551,1255.497,42.342890227089
88.034169,15.884331,2309.567,419.99027674385
88.031195,15.884126,1173.589,46.697840978320
88.154265,15.884503,2627.336,46.737470688769
88.214499,15.884318,1411.528,51.261148834107
88.082535,15.887075,57971.925,42.775056275322
88.073789,15.884396,1557.018,42.436292599268
88.076626,15.888009,85000.473,46.115366247470
88.171926,15.885579,5757.488,313.68803097737
88.169961,15.885762,1237.073,47.021611629458
88.018997,15.885629,6228.541,38.318014843699
88.122976,15.884758,2330.693,44.496847586916
88.145986,15.885225,3320.441,44.308805186736
88.241939,15.885225,2028.288,47.236814628282
88.236382,15.888184,52368.412,44.521925345057
88.084375,15.885739,2787.383,72.913084330411
88.004279,15.885702,1964.101,39.460939876763
88.089907,15.885741,1927.442,56.618047528174
88.127834,15.886597,3429.786,40.920175958014
88.243671,15.886624,1251.912,58.781883031970
88.087690,15.887015,3248.156,47.182070004191
88.142594,15.888012,13209.722,36.551255909862
88.032279,15.886172,628.987,39.251664782015
88.229574,15.888485,5737.910,41.041746466306
88.002166,15.887064,1571.341,47.943084555332
88.186131,15.888486,7620.498,47.900833366343
88.170774,15.888313,2880.212,53.467639157541
88.011391,15.887332,858.692,48.982464175368
88.040381,15.887330,1071.966,47.047910311505
88.069544,15.888267,1884.775,44.748394115447
88.132990,15.888761,3464.997,40.130427994575
88.134955,15.889278,1709.094,41.293709455051
88.238400,15.889021,1379.683,48.896245154682
88.193110,15.889724,4279.189,50.545449281816
88.130366,15.889109,3100.015,41.014754642492
88.046124,15.888447,1096.644,76.473041521349
88.062750,15.889282,2425.741,43.901196524310
88.148779,15.890139,3611.450,184.68111941239
87.991456,15.889974,3349.707,43.369576258831
88.066141,15.890902,4548.152,45.535309984365
87.997499,15.890057,662.659,48.751282395974
88.105437,15.891968,9493.305,43.019474656596
88.229848,15.891450,2452.679,42.743820047036
88.046707,15.893054,21643.512,41.324309306505
88.237349,15.891482,1986.143,41.461174960911
88.032675,15.892119,3456.775,40.164592860787
88.194198,15.892475,2891.233,39.794785618295
88.109640,15.891899,1879.735,43.796006716135
88.025203,15.891810,700.848,47.659864962259
88.009171,15.891793,796.161,47.672844784407
88.085983,15.892405,1117.407,41.488195622825
88.214975,15.892126,671.712,58.372019347530
88.244127,15.892544,1169.020,78.861244662295
88.209376,15.892937,2077.925,44.068968385478
88.131292,15.893161,1649.499,104.44617725105
88.132716,15.894520,3227.315,359.34022515348
88.014833,15.892771,625.222,38.091824950536
87.992338,15.893442,4028.665,41.699137122662
88.241742,15.894296,11365.344,84.074927328544
87.998326,15.893276,2408.055,46.821224437089
88.162860,15.895457,24520.151,66.185635283596
88.076516,15.896558,70260.019,70.448928764565
88.164170,15.893683,1438.186,53.746316464917
88.169722,15.894009,1876.985,55.329231007241
88.028419,15.895428,13383.784,40.828285599626
88.184527,15.894528,1129.852,68.592596493513
88.190264,15.896016,8376.626,137.95214028881
88.208598,15.896661,11518.823,37.821495898734
88.009979,15.896250,4676.378,42.834230111559
88.197977,15.897173,7656.680,44.944303370074
88.060857,15.896252,1189.297,42.230687799136
88.106631,15.897852,8733.281,57.681945316270
88.102050,15.898611,24346.350,37.708854347167
88.121728,15.896716,1238.537,142.16974397460
88.233680,15.897553,2647.565,755.08493241105
87.995265,15.897635,1316.618,88.833434711154
88.095887,15.898594,1851.885,38.237907293386
88.043086,15.899129,5563.280,77.477518097696
88.203492,15.898968,2412.392,42.892611560824
88.183843,15.901083,32435.178,106.22433298581
88.014171,15.903827,166521.036,305.35177546898
88.020822,15.901022,14836.460,42.203380144378
88.007218,15.899674,976.047,43.990260047611
87.994815,15.901300,8194.266,37.295739738323
88.229193,15.901106,4489.086,42.285994481674
88.209362,15.902148,21643.161,45.360968547905
88.217707,15.904105,82400.470,50.357965409816
88.163263,15.901340,1666.101,40.482775309380
88.244352,15.901949,2190.792,115.90684466422
88.219538,15.901740,3653.945,128.96450719206
88.154667,15.901759,2718.874,128.99804988168
88.035206,15.901983,2028.599,204.47514822333
88.205841,15.902025,2978.437,53.237516926958
88.091140,15.903294,6765.563,49.197820322806
88.081187,15.902098,1228.333,85.453094788967
88.198299,15.904714,20808.426,85.487483219210
88.233628,15.905422,29061.427,40.495146758075
88.235289,15.906437,1181.582,38.765589068587
88.076801,15.906001,41840.122,44.549559609766
88.017945,15.904692,6505.815,49.467568547270
88.214180,15.904661,3920.275,34.598029133428
88.142443,15.906331,25202.603,49.458735226196
88.140976,15.907515,917.109,52.088566200185
88.027262,15.903854,1120.756,71.023449919846
88.139086,15.904998,2261.983,43.147737498686
88.207539,15.905448,5609.368,51.592495225529
88.240874,15.905419,5106.038,39.612351863411
88.180586,15.904203,564.243,193.02852703011
88.136641,15.905525,4336.255,192.96125782632
88.225073,15.905584,5395.353,64.688375039752
88.013680,15.906207,11342.954,40.483528379207
88.159420,15.905367,1562.112,114.57964234647
87.992326,15.905983,4671.066,38.048793759515
88.020997,15.905301,1102.051,64.730186134611
88.117852,15.909634,63927.771,41.520592892204
88.119765,15.909232,6022.723,44.653359631319
88.166887,15.907961,7199.235,140.40003360743
88.063373,15.907042,1083.118,37.450013373127
88.202297,15.908682,20819.782,39.240491547563
88.169142,15.907918,915.076,38.587924579909
88.227901,15.910270,6909.319,48.844260539381
88.018339,15.908542,2793.800,60.903644622807
88.050025,15.908173,773.491,40.405035459621
88.096114,15.910605,30196.688,39.573853826799
88.080801,15.908294,782.021,43.173551379294
88.107573,15.908245,633.136,40.043653464127
88.010489,15.908739,1538.735,45.579919288082
88.148943,15.910171,5200.538,46.545324457829
88.161112,15.910791,8310.676,71.540410386713
88.173312,15.910010,2828.535,40.179286085402
88.089301,15.910329,1388.520,53.397955229569
88.163361,15.909828,633.236,342.18363660876
88.143557,15.909799,674.513,49.013371161037
88.233243,15.911123,2822.207,39.995542516972
88.066200,15.911396,4756.849,40.909635821248
88.084096,15.911880,9838.109,311.06395480701
88.123809,15.910369,1019.759,59.546693807852
88.227965,15.912655,6308.293,181.30779965819
87.998471,15.915204,59903.209,92.039164016593
88.050664,15.912107,1643.598,38.588954585271
88.179956,15.912475,1135.548,144.00207447557
88.038362,15.912979,2505.317,39.633938501103
88.110381,15.915298,66190.603,48.341808675110
88.153061,15.914736,10204.340,39.112130115048
88.176032,15.915933,47084.709,241.16423923894
88.222717,15.914872,14552.247,249.98652063723
88.017541,15.913220,864.633,146.79949217940
88.028181,15.914852,20242.490,52.955902889339
88.174884,15.913481,1531.838,45.096212351947
88.078978,15.914280,3470.942,41.042570778680
88.207490,15.913502,622.123,41.258054407175
88.216837,15.916816,53679.593,228.95915682537
88.163305,15.916901,52565.120,43.754378415422
88.231507,15.916405,27192.210,58.444354900569
88.165107,15.915394,4128.717,314.66884636781
88.236919,15.915050,805.548,51.020899193429
88.142048,15.915848,1944.383,40.769181515923
88.061706,15.915281,956.626,415.03223057556
88.174305,15.918528,57749.150,42.833186493810
88.179252,15.915867,1116.303,47.153317285420
88.229550,15.917243,11439.864,39.348071349522
88.139403,15.919653,73427.252,57.757477411884
88.064627,15.917499,3410.171,184.54380700596
88.144327,15.916632,1429.449,65.377133483152
88.126892,15.919835,93468.329,46.240472988007
88.076028,15.916871,829.870,53.557467627800
88.114946,15.918154,2846.886,50.193467943058
88.171332,15.917802,1445.896,45.023800265543
88.123604,15.918912,7548.685,60.982509488892
88.023790,15.920230,23442.248,44.856190064772
88.216481,15.919476,8946.720,39.867246722630
88.240019,15.918628,1175.407,213.69873632849
88.087700,15.919823,7244.936,62.372376451332
88.135890,15.919893,3703.329,62.387620689867
88.244728,15.919868,nan,44.107139797037
88.011531,15.919837,1434.828,43.175272230658
88.192834,15.921401,8682.635,74.724358487712
88.081188,15.920519,2427.600,44.645619740601
88.183215,15.920627,1109.094,544.54100911695
88.026158,15.923402,28606.015,40.168243388434
88.200777,15.922108,9484.561,48.085655962133
88.201566,15.923791,7025.830,356.86066506913
88.044478,15.921558,987.241,48.895493875481
88.219711,15.922086,1276.124,38.112052085957
88.192375,15.923748,14288.009,72.828050711941
88.185351,15.922321,2151.582,41.337699496365
88.191417,15.926049,142536.028,43.909027566512
88.035033,15.922503,1765.671,49.078858857682
88.019784,15.922609,1636.764,62.558750499216
88.204584,15.927267,86584.540,37.351604585001
88.137636,15.923482,3495.605,53.044354830751
88.094910,15.922619,921.280,38.720480882983
88.126769,15.924753,14710.183,80.187138136771
88.016633,15.922949,1305.268,62.527185169967
88.134208,15.923958,2971.106,35.746305541395
87.991669,15.923899,3014.712,38.382569649637
88.185307,15.925238,8282.153,40.665450490798
88.097215,15.923627,1079.253,52.258719070099
88.243811,15.925248,7188.743,262.28169131084
88.218487,15.924444,877.783,42.074373042699
88.017109,15.925239,10654.283,38.608337842273
88.220714,15.925703,7122.527,50.020414100136
88.143539,15.924528,1447.042,59.187869682094
88.045062,15.924572,1200.414,354.50318400942
87.998071,15.924918,1858.514,43.385799672592
88.156666,15.925776,4988.451,43.131550202695
88.063642,15.928381,51446.380,83.718027442093
88.076936,15.925265,1113.243,39.952073462745
88.043016,15.925232,1069.075,38.625410582115
88.212776,15.926685,4579.442,358.71407379794
88.034880,15.926623,7804.679,51.266518544976
88.115809,15.929469,76431.500,51.272774679265
88.108217,15.925831,1360.265,40.188337312723
88.101683,15.926416,2149.893,47.309986111500
88.028728,15.927319,10010.447,388.84012480770
88.138638,15.926345,830.325,55.207079528744
88.013586,15.926358,903.801,37.520204085721
88.211829,15.929971,62134.407,38.151772817149
88.241407,15.927445,4289.123,267.70028788028
88.240532,15.929120,3191.731,44.694748061679
88.130597,15.926939,709.373,38.490059751776
88.218784,15.928180,4478.112,85.681642995769
88.232866,15.930809,70769.890,185.50996190316
88.151684,15.930474,7228.970,43.069202687091
88.093829,15.929945,3082.479,42.510547443334
88.060172,15.929554,792.855,48.160050996454
88.180018,15.933561,76710.672,52.275566225997
88.030023,15.930802,2407.621,40.949403250646
88.054159,15.930891,775.313,42.657121694200
88.025674,15.933086,9797.137,51.792368689815
88.116090,15.934792,40220.036,42.086181687378
88.019344,15.932019,1239.693,48.373612617903
88.176806,15.932710,2383.944,55.545707385042
88.063408,15.934169,6146.870,43.706256850363
88.154619,15.934665,5038.983,44.159732809170
88.040949,15.933877,841.578,60.544689790513
88.133557,15.934324,1111.777,45.593419416745
88.181163,15.936034,4737.698,47.223540190603
88.080031,15.935703,2313.046,905.76642841091
88.049032,15.935592,2260.997,674.95796238151
88.077409,15.936692,4647.204,44.906668895971
88.235873,15.936304,1293.438,44.146554643859
88.225528,15.936898,3212.106,268.67376543999
88.071439,15.937641,7237.948,47.204263340678
88.018318,15.936411,882.411,47.363089596985
88.240380,15.937414,2601.576,40.779820898137
88.046339,15.942397,191733.008,60.359434898722
87.995538,15.943367,152199.838,44.715807025207
88.223059,15.938600,1353.394,41.761610142932
88.019040,15.938280,973.761,46.294488391506
88.117874,15.942127,65046.085,42.120089425203
88.038060,15.939290,3228.231,41.905980702512
88.212910,15.939205,1440.855,109.61788314784
88.030447,15.940006,1449.018,42.724541550092
88.186883,15.941534,6037.974,44.124400605237
88.176356,15.941447,2661.161,42.960891649680
88.088431,15.940794,751.871,45.105504099493
88.017476,15.941659,780.500,39.822336192730
88.243558,15.942838,2180.228,48.073692159083
88.130412,15.942208,944.064,59.183980896418
88.062091,15.943815,26337.187,48.022843173820
88.142933,15.942132,1118.739,295.72792271115
88.032649,15.943111,2432.866,88.157335002441
88.230195,15.942984,2318.200,89.221449510648
88.051520,15.942618,1155.655,44.194750201308
88.070786,15.943198,1090.723,41.197151989380
88.048930,15.943365,2012.588,40.919843275415
88.189294,15.944945,8235.616,74.776992672392
88.006673,15.944112,4255.398,49.621581758801
88.057821,15.947048,64928.554,43.425708255279
88.136364,15.945803,14967.119,35.482514022539
88.239330,15.945287,11176.803,38.822762828108
88.011001,15.944185,2094.297,41.405632283437
88.244673,15.950482,nan,41.061968022546
88.141467,15.945276,1784.190,44.171689163812
88.090588,15.944768,1062.502,41.952314211401
88.072866,15.946014,8216.048,259.70262823192
88.094477,15.946827,6281.318,129.95309813640
88.100599,15.946331,1950.483,35.949622499045
88.138594,15.946853,1458.808,41.473503431806
88.156029,15.946946,1120.975,45.078073677766
88.089154,15.946986,1482.644,49.525743867395
88.112660,15.947287,1375.395,44.723428971901
88.019206,15.947986,2067.095,56.135402420875
88.050926,15.947341,714.942,36.094155236212
88.148440,15.951184,66043.398,105.27767937733
88.141682,15.949981,24869.501,40.470381388325
88.170992,15.947636,779.525,61.607064698740
88.221252,15.948920,3031.359,45.922787953763
88.099389,15.948169,1299.569,35.762317482397
88.225862,15.948808,4075.215,35.288464279233
88.179612,15.949239,6439.106,71.838103259710
88.048277,15.949623,5143.020,36.579715217999
88.229434,15.948942,788.563,47.641576752940
88.151905,15.950751,19670.162,55.614170682007
88.054742,15.949246,2051.546,40.306261175900
88.006641,15.950480,9320.293,39.938993203228
87.991457,15.950029,2697.718,39.960262839000
88.200467,15.950075,1174.059,41.505091831783
88.090120,15.950664,1261.031,42.620006878207
88.063268,15.951537,9772.376,36.612652928362
88.195427,15.950879,1044.632,137.10477200033
88.162512,15.951786,4653.114,43.087283243130
88.003943,15.951925,6395.361,42.920539265508
88.212581,15.951189,1143.253,103.64417645015
88.040472,15.951458,1411.058,39.659165209373
88.181202,15.951850,2079.291,51.519281843748
88.206999,15.951504,1412.904,37.563386792665
88.143690,15.951764,2160.391,73.281168863489
88.184188,15.951621,984.367,39.019395540960
88.177615,15.954248,33989.678,41.771102204266
88.042911,15.951870,1095.096,58.248039655168
88.127747,15.953079,1102.312,41.606984639972
88.098173,15.953614,8827.883,38.669038797977
88.139399,15.952531,922.540,38.142138015791
88.153805,15.953929,7211.402,38.965789980848
88.090447,15.953460,3181.948,38.949515576815
88.195556,15.954522,11626.128,65.496362816455
88.063907,15.953666,1559.459,69.494059663480
88.157868,15.954518,1709.000,40.941498905330
88.043468,15.955002,7169.022,63.776002730086
88.165864,15.954123,1146.862,41.291478381134
88.055043,15.955150,1270.797,42.54349821277
88.173798,15.954915,593.731,111.62949653688
88.172826,15.957049,1168.831,45.750467531615
88.171834,15.958692,747.365,43.940559731361
88.190620,15.958533,8395.926,45.684661357088
88.230622,15.958668,7333.777,39.200400960388
88.005474,15.958038,2816.790,43.167778851861
88.022260,15.958502,9841.140,41.529745197959
88.241758,15.957402,851.208,41.904729844456
88.148773,15.957499,1081.823,87.684468139391
88.050303,15.959368,16286.636,83.281062259509
88.080356,15.957668,1086.216,74.363809024471
88.166776,15.958644,2426.833,51.494282040547
88.164281,15.958237,1626.643,140.78321025227
88.144538,15.958666,1265.097,40.820947671008
88.067090,15.959832,2628.143,41.855999178180
88.242641,15.959386,1065.581,47.651418576384
88.053558,15.959623,2298.638,67.508547657900
88.064857,15.961674,19779.728,40.507625249854
88.104404,15.961158,10027.053,447.75098548473
88.230847,15.961492,7111.571,108.15306377570
88.212509,15.960500,3215.108,47.637006594565
88.109221,15.962554,20703.912,81.810669836981
88.138574,15.960426,1070.425,42.917815507225
88.110901,15.960498,1019.553,42.202974372376
88.170255,15.961699,3756.141,331.84242414958
88.096735,15.962088,8670.385,49.455212523723
88.004613,15.961222,1279.220,48.123005034368
88.218790,15.964562,58911.578,88.704026337778
88.032759,15.963127,16694.643,42.819780529008
88.153609,15.962214,3227.165,157.78324440465
88.086106,15.963405,13481.662,67.617502275493
88.204759,15.962760,1286.579,39.374575143589
88.143990,15.963168,1661.430,54.256824371926
88.194869,15.966841,73462.598,42.022143082451
87.996348,15.963875,1533.497,254.72555055039
88.060087,15.964301,3442.871,357.29563687597
88.198141,15.965052,14760.715,242.07358687681
88.035468,15.964225,2679.784,41.991392419550
88.090476,15.966864,27260.265,48.523365691363
88.179594,15.965590,13442.173,176.58211448002
88.196101,15.963871,872.023,38.910853479499
88.134397,15.964759,5373.392,41.675571685547
88.081460,15.964775,2370.116,40.556431768244
88.179078,15.969500,73879.162,44.626831418102
88.034629,15.968355,75816.138,70.860216030970
88.163317,15.969683,75134.927,43.412665711106
88.029517,15.966325,941.306,47.930183019599
88.021393,15.966862,2988.001,47.357990158597
88.044528,15.968744,39991.596,37.040911575305
88.123767,15.966000,784.718,42.723750314087
88.057720,15.967041,1363.068,150.15122480345
88.170794,15.967337,1431.914,52.794190064421
88.027453,15.967568,2975.447,49.854232803803
88.184761,15.969201,14565.493,68.845154908403
88.140807,15.968401,3894.101,37.495330910317
88.012018,15.968135,2138.050,45.560317460191
88.049363,15.968200,1426.200,772.62138982069
88.032489,15.968446,2505.236,71.041854436377
88.081584,15.968538,1061.571,41.368042519618
88.172377,15.970876,34947.877,109.38131923532
88.025254,15.968909,1936.569,87.577704677337
88.057433,15.970005,5215.932,595.36197832269
88.197489,15.970748,11041.972,40.232713465538
88.087209,15.969658,886.654,384.12430253285
88.027017,15.970976,3037.188,275.29025097820
88.061989,15.977806,203804.436,239.08725609883
88.216754,15.972086,7698.723,468.76753405590
88.054697,15.970845,1051.137,52.594840517401
88.119211,15.972856,19371.806,37.184865370245
88.166953,15.972827,18596.075,39.765218553011
88.145485,15.976129,160225.206,37.931109103322
88.137852,15.971836,1641.350,38.928555157748
88.038471,15.975036,82936.341,47.584817735556
88.088568,15.974845,62543.371,66.042285613044
88.240440,15.973946,31020.567,41.209394792473
88.127051,15.978203,90625.328,39.375508497917
88.201347,15.972693,3994.130,68.204862570862
88.116344,15.972243,1215.939,68.185735058627
88.190984,15.972275,1177.404,40.634624141560
88.170463,15.973136,5263.898,36.018479830687
88.229818,15.973062,1194.940,39.999675797191
88.107930,15.973591,4712.148,35.843263267936
88.016315,15.974516,7084.610,35.834666574436
88.047002,15.973660,1880.932,45.146156012261
88.065531,15.973350,687.363,66.468025817418
88.031850,15.974374,3745.785,37.633866586326
88.031272,15.976121,11662.184,42.188864842025
88.029619,15.974061,2812.668,52.072468610428
88.142793,15.973660,828.981,47.380250384066
88.094756,15.974636,1427.772,195.34904416976
88.173801,15.974166,1299.702,80.672433152798
88.174788,15.975734,985.551,145.10649030087
88.128527,15.975110,1544.337,48.897349059548
88.002425,15.976373,10802.472,68.121118183935
88.194825,15.975893,1758.478,42.313289732050
88.066249,15.976064,2736.943,46.876059853934
88.147566,15.976663,4219.550,62.230912761523
88.230709,15.976379,2846.812,41.012429004339
88.169438,15.978860,51609.683,60.126210454303
88.242899,15.977165,8833.932,38.728560468833
88.203197,15.978512,27505.921,39.589128578039
88.011021,15.977050,2782.562,51.069795012857
88.080351,15.976933,1312.292,441.48862856944
88.098281,15.977397,1620.332,35.543351032644
88.188774,15.977790,4145.191,37.006818103710
87.993118,15.977858,6515.358,52.521685972216
88.216247,15.978127,2815.720,310.19584088680
88.239498,15.978557,5527.333,73.676613707081
88.004889,15.977486,1207.046,40.148756454312
88.014358,15.977656,1143.522,103.98837338505
88.016283,15.978434,4636.433,38.184264712199
88.201887,15.981440,101995.891,44.636709913638
88.119667,15.978017,938.868,143.70300615823
88.221957,15.978142,930.437,130.33789421317
88.018935,15.979302,5213.996,45.948688190973
88.229474,15.981633,35421.774,44.125102081544
88.068476,15.981093,11582.369,107.16613388357
88.182215,15.979941,1356.691,276.68217631659
88.173529,15.982094,19884.046,50.740300454737
88.092140,15.981447,3435.106,37.910837019137
88.195568,15.981754,2834.944,298.69268521757
88.155480,15.983390,20818.309,48.648500454857
88.244750,15.981462,nan,42.883931584033
88.068587,15.984145,29766.917,672.65873985292
88.126269,15.982598,2988.138,37.465835630604
88.014818,15.982690,2359.074,39.047820945676
88.081326,15.984241,21491.713,43.754983264191
88.037191,15.985104,54380.587,40.708403738205
88.079014,15.982980,1910.806,43.781131808092
88.189990,15.983118,1691.571,46.851325743930
87.991896,15.985262,51114.520,41.438208454049
88.214675,15.983692,3198.227,42.211219145834
88.086460,15.982938,861.961,59.843406017860
88.118230,15.987846,124036.912,48.351616785551
88.006798,15.983839,1476.277,40.285730323146
88.039529,15.983370,755.761,41.731012027743
88.026176,15.983926,1470.800,193.30345230888
88.224108,15.983965,1413.879,46.728527937676
88.051705,15.984018,991.348,38.973874337799
88.089062,15.985072,2829.533,127.45135094608
88.062184,15.984875,652.185,403.73336909389
88.151822,15.985053,710.636,46.413446871860
88.221248,15.987087,5564.860,45.482557518000
88.050052,15.986423,1365.245,126.39130436397
88.199444,15.985993,811.026,126.37911308527
88.055051,15.986956,1471.313,60.745163974379
88.182419,15.989505,40776.854,47.374827706167
88.028073,15.986904,917.810,378.60174944018
88.004873,15.986913,710.457,70.799300762127
88.187569,15.990274,25068.992,64.500188597480
88.198803,15.991577,87070.592,203.29367529099
88.015476,15.989001,1981.334,39.931451934011
88.001387,15.989555,4040.002,48.402530668880
88.143663,15.991671,34396.231,93.344541974888
88.141751,15.992140,1196.027,54.966751466891
88.166655,15.990030,9567.235,42.790643399256
87.996037,15.988498,775.773,44.017752172474
88.232114,15.991746,40622.741,88.130631162768
88.127011,15.990871,9195.470,80.379795075244
88.201610,15.990826,7227.947,124.66656076893
88.229438,15.991660,21385.528,55.769065798186
88.161472,15.989644,597.315,45.663036369224
88.092228,15.990796,4599.111,45.513387743924
88.056930,15.992508,12002.348,48.801517785667
88.105505,15.991027,2974.881,43.822864025468
88.171605,15.991583,1848.515,40.408588951322
88.157140,15.992305,5355.659,38.171064847280
88.165509,15.992899,16734.421,1063.1946159285
88.066484,15.992676,15677.846,170.77951901106
88.014204,15.993327,17906.256,42.665412151362
88.005616,15.992843,7231.085,42.912886729538
88.185323,15.992944,3025.330,49.975012972658
88.097107,15.992748,2132.105,49.974810255062
88.020923,15.992563,866.324,36.250794115416
88.237460,15.993248,863.778,43.994061715992
88.038331,15.993901,1761.574,52.799293212445
88.032212,15.993386,749.447,39.419076014788
88.232050,15.998395,125370.531,46.260551323763
88.210582,15.995588,21144.030,37.258731743595
88.244656,15.994486,nan,46.200585074347
88.186616,15.994590,2625.078,64.411718454798
88.193506,15.994747,2332.671,37.858579984700
88.166014,15.995602,6990.920,33.994407687651
88.164280,15.996320,5824.407,143.61256195323
88.142579,15.994778,833.122,43.590299965786
88.024637,15.995250,2346.352,39.166523330845
88.220657,15.995605,4668.788,38.176436553204
88.215784,15.996180,1205.703,121.97013398030
88.153900,15.996547,2741.801,41.867458597791
88.160988,15.995845,541.271,36.867089797185
88.053333,15.997452,4216.840,134.47109283332
88.239429,15.997176,4697.079,1346.6426211243
88.144736,15.996800,1060.517,40.260573217262
88.171216,15.996906,1587.048,38.717322213293
88.042786,15.998865,26656.645,43.212190690193
88.217774,15.997082,1730.041,44.743992068223
88.186707,15.997487,1394.184,39.693687421108
88.064983,15.997212,1528.366,95.248811917983
88.165272,15.999485,29777.047,31.433976758156
88.096396,15.997578,1098.976,50.640679306833
88.195733,15.997734,1193.184,39.660585534889
88.214107,16.000292,16078.561,48.361605257657
88.225196,16.002845,162529.532,37.994871607123
88.080178,15.998593,1619.661,55.096831811958
88.228661,15.998642,927.616,76.414459844301
88.029946,15.999290,1325.056,38.204465049627
88.208696,15.999822,2718.286,40.781609752724
88.094784,16.000040,1305.276,59.431724319122
88.141989,16.002167,13491.630,202.13245979566
88.192655,16.000240,961.463,39.059853558776
88.050487,16.001064,4640.671,152.18150308794
87.992986,15.999975,868.646,45.106026262920
88.026749,16.000917,4092.665,41.096521579990
88.109854,16.000471,656.567,41.570132822651
88.122959,16.001554,4219.088,43.121304057583
88.208279,16.002846,6706.595,48.384152990617
88.182405,16.001952,863.701,38.431027817602
88.090572,16.002597,1638.834,125.11155520492
88.069044,16.003981,6846.308,43.630826887592
88.043401,16.004507,40056.356,40.039751166617
88.117134,16.002826,1847.497,35.738374308466
88.020827,16.004403,25932.554,42.535677355499
88.084048,16.003693,5353.879,39.866230795623
88.012525,16.002829,730.692,39.538949491539
88.052171,16.003495,1932.278,45.830125928500
88.231334,16.003192,557.316,""
88.054054,16.004298,3462.698,""
88.115226,16.004083,822.121,""
88.133218,16.006001,19701.601,""
88.004257,16.004739,1906.655,""
88.145802,16.004249,782.389,""
88.168564,16.005365,1654.041,""
88.104660,16.005821,1376.579,""
88.107949,16.006111,1274.203,""
88.026156,16.006232,584.358,""
88.127902,16.006989,248.845,""
