#mjd: 59966.14892
#filter: V
#airmass: 1.483
#seeing: 1.25294094
#m5sigma: 20.4703
#exptime: 30.0
#night: ut230121
#ra dec flux fluxerror
88.049919,15.770526,1469.580,42.125635536859
88.149375,15.771463,8258.449,46.983105717963
87.994594,15.770710,2878.012,43.809554066011
88.199506,15.770984,1241.432,36.158768512997
88.182678,15.770762,714.384,34.176511208450
88.036841,15.774805,60881.515,248.62901990587
88.081898,15.771261,1049.174,67.625507101054
88.168282,15.772728,9281.981,64.791902065607
88.013759,15.771833,2527.418,41.925873314736
88.072873,15.773307,16777.810,91.458246329264
88.035818,15.771531,1161.057,40.401761696361
88.054766,15.771227,581.180,37.274742032988
88.008054,15.772824,7544.720,49.379793340473
88.051048,15.772743,1413.406,41.649566223467
88.203839,15.772797,1310.466,36.826916084930
88.146109,15.773979,6337.952,51.988331084843
87.993794,15.772835,902.076,37.065244312393
88.206902,15.773683,1987.508,36.115941543951
87.989797,15.773655,1324.870,40.336975238278
88.083354,15.773132,854.021,36.837014358838
88.188036,15.773795,623.470,31.992687629581
87.994251,15.775010,3417.022,43.529859786022
88.049024,15.776471,20392.776,89.567618939008
88.170200,15.774724,885.929,33.800628973875
88.216937,15.776701,9654.574,57.737475473414
88.118379,15.774979,690.763,36.611075296694
88.206197,15.776864,6742.028,46.617187144071
88.045735,15.776634,5730.221,48.488408828496
88.020099,15.778279,19454.296,96.306277203266
88.167427,15.776407,1870.092,35.292675483260
88.227840,15.776889,2647.750,42.358731863696
88.157508,15.777322,2108.879,43.180378574981
88.007180,15.778953,30831.389,152.63189200330
88.141998,15.777671,1745.753,34.309410882067
88.050952,15.777945,1161.274,38.455275267969
87.979160,15.776961,644.339,43.425681279198
88.014074,15.777424,750.973,38.287354353891
88.054064,15.778370,2353.485,42.787413997591
88.102797,15.778091,1075.403,35.302530814697
88.150061,15.779010,1539.423,35.162801532318
88.164333,15.781914,52666.915,261.65992683273
88.011990,15.780131,6267.872,51.797587103591
88.222261,15.783975,74871.724,294.93426483428
88.203939,15.779901,910.073,42.813619404086
88.000520,15.780934,3680.528,46.226073073354
88.147675,15.782017,2328.007,41.991819294037
88.227744,15.781249,874.942,42.502276523093
88.200555,15.781993,2841.591,46.635173713424
88.068477,15.784234,46952.740,175.31620838053
88.155085,15.782083,1358.140,38.681967881646
87.985583,15.783092,7811.238,59.404137084257
88.122646,15.784396,9441.175,58.210656956998
88.012861,15.785827,64345.566,261.69894614224
87.976490,15.783514,2413.779,46.556251157312
88.071526,15.785766,3777.458,48.676481252352
88.166623,15.783888,677.478,42.014529209521
88.179682,15.785196,6287.620,49.232675670986
87.993692,15.783666,951.452,37.822442039455
88.104738,15.785692,6889.525,54.349071402460
88.194311,15.784266,803.558,34.511263439923
88.065371,15.785027,1445.828,39.029814159175
88.001686,15.785032,1030.986,42.612611493276
88.017972,15.787103,35354.279,161.24526397960
88.162676,15.786574,9868.620,57.699576928920
88.135210,15.785332,1424.694,41.221978459721
88.145263,15.786982,16565.141,76.110685096391
88.201582,15.785661,1876.357,40.307917946549
87.975607,15.785916,2104.517,41.019389578949
88.171201,15.785569,946.027,42.159632873448
88.128463,15.786666,3931.417,39.346836757626
88.089542,15.786387,2243.375,43.015513942362
88.004247,15.786802,6859.496,52.685679282529
87.980262,15.786040,697.535,37.889142059833
88.074476,15.785911,650.481,38.068959488985
88.112986,15.787596,9198.658,62.348217837525
88.057724,15.787266,4038.724,47.180595335298
88.192950,15.788409,13454.069,74.806291933984
88.141155,15.790718,78503.860,350.55185955830
88.165631,15.787226,1126.047,39.350004643170
88.191108,15.787662,2291.823,42.967911865439
88.043660,15.787814,1445.097,41.400927726992
88.004056,15.790430,55056.191,279.88737248708
88.196216,15.787871,787.968,37.242284631208
88.221209,15.789120,5475.775,50.244040222333
88.115559,15.788461,972.842,41.205446078653
88.133865,15.789433,5661.827,49.855103890933
88.021109,15.789479,6544.827,47.955118205258
88.010026,15.788301,965.648,40.554824419819
88.150012,15.789557,1978.664,40.668534621405
88.147341,15.790331,2809.849,40.412771193016
87.985464,15.789301,857.312,35.302126797684
87.998321,15.789624,724.194,37.241680663871
88.000720,15.794349,31934.952,156.41101788103
88.104395,15.796555,147262.760,577.05660081615
88.096632,15.790318,864.011,39.050980048631
88.123558,15.792296,12700.218,72.606840960436
87.990780,15.791977,3906.294,47.059174769687
88.218734,15.793541,16607.412,112.83108354718
88.019125,15.792514,3272.444,40.659826233372
88.059533,15.792494,2215.490,43.776273200519
88.082156,15.792494,1840.523,38.926507799525
88.161581,15.792237,2798.049,38.983319160537
87.988533,15.792798,3693.253,49.398610094849
88.103260,15.793778,9056.397,64.739417412477
88.188878,15.794631,12432.565,54.977213476192
88.192556,15.796131,38963.023,197.82854325668
88.172670,15.793992,2042.736,34.628748376159
87.988317,15.796430,52220.822,278.61653320823
88.114444,15.793765,1051.663,39.601395530850
88.118470,15.795047,4690.733,50.049518170788
88.224540,15.794582,1677.563,38.768280632486
88.083227,15.796823,16397.747,74.626085202023
88.175263,15.795715,6621.715,48.321496710240
87.981511,15.796042,4856.654,56.372083706499
87.997083,15.795160,1786.872,38.708505593065
88.006730,15.796306,6853.653,55.942235503834
88.041427,15.794955,716.678,36.813230318691
88.081848,15.795468,1094.179,36.304263674004
87.991515,15.799411,57862.824,239.95615887930
88.169196,15.797124,2688.877,40.059625552881
88.146365,15.796371,642.929,34.451356654330
88.151625,15.797396,1648.463,35.399685845672
88.189519,15.798342,4694.892,47.129510193712
88.159763,15.797423,1011.646,41.892188110356
88.041294,15.796987,662.775,37.782056846846
88.071695,15.798059,2472.838,40.532042687059
88.151646,15.799279,17223.048,100.17529098919
88.126045,15.798060,1388.149,36.762168813022
88.206363,15.798465,4391.487,48.261280599947
87.994586,15.799839,20460.582,119.26540787560
88.123748,15.798444,1273.439,35.788881028046
88.129937,15.799733,10524.715,67.424808992052
87.983916,15.798390,903.441,43.402107969407
88.096887,15.800614,13083.189,83.567075071199
88.043885,15.800798,10307.523,55.048906010812
88.090140,15.799992,701.003,35.887771439419
88.160113,15.800184,779.996,43.551463827675
88.102133,15.802677,14621.084,74.977152405086
87.985378,15.801403,2139.731,40.898516458798
87.978943,15.801637,1295.908,36.135113403888
88.040200,15.803044,7156.989,49.609001775072
88.158618,15.801909,2959.165,46.474619008137
88.171489,15.802978,7645.879,52.536277666609
87.992034,15.805493,76992.289,337.84023339366
88.103031,15.805296,75917.149,302.98080269162
88.207787,15.802333,1438.889,41.658056436556
88.024897,15.805852,81027.311,345.56022506333
87.974893,15.802040,433.842,38.392074408139
88.031214,15.803662,4009.706,44.026704514040
88.226043,15.803942,7122.368,59.571159585446
88.167350,15.803458,1931.837,44.811475399795
88.187083,15.806449,52162.305,220.15627148928
88.136626,15.804814,14532.266,76.694455080354
88.165087,15.804574,3085.305,45.846699925670
88.177143,15.805888,26111.433,132.41536522039
88.190419,15.803613,899.600,40.636088057427
87.992989,15.803903,1151.527,46.630581514852
88.033536,15.804697,1880.923,40.935742161954
88.087874,15.804660,1195.369,39.333026357092
87.987774,15.805528,6293.067,55.645628645196
87.979547,15.806138,7567.311,59.661190824964
88.227786,15.811717,208124.699,941.79046916943
88.129620,15.808184,44805.598,231.87835089005
88.167119,15.805951,1114.225,38.915210321161
88.001971,15.806460,1246.373,41.850914933471
88.062682,15.806183,928.263,37.741229607328
88.189987,15.806203,1050.655,37.106509895991
88.099956,15.807214,3237.646,48.032176314007
87.982919,15.807338,6048.930,52.783422020064
88.143411,15.806852,2177.809,44.443628619382
88.008103,15.808777,21115.301,99.766548416789
88.097826,15.808515,17720.954,84.733628934279
88.006282,15.807447,3161.684,44.206274198929
88.016457,15.808839,8205.307,68.110969237623
87.991264,15.807579,1486.870,37.045448659015
88.171753,15.807698,1541.732,35.548003328605
88.157598,15.808157,3375.723,45.948051774747
88.160893,15.809837,18867.041,84.346538621557
88.067362,15.808482,2815.329,44.497697490244
88.122766,15.808115,538.553,38.086906423191
88.193540,15.808645,1363.503,36.259057230334
88.102152,15.810082,10052.130,62.210169465186
87.985959,15.809289,1056.361,44.421883297453
88.121789,15.810700,14563.760,81.375604433361
88.107387,15.809651,1535.347,40.797378522865
87.982852,15.809934,1588.600,40.529286279695
88.226292,15.809306,891.878,41.229688845814
88.155803,15.810087,1453.537,34.022198786851
88.038265,15.810314,1591.371,38.383837717473
88.206871,15.810726,1846.443,38.190570437303
87.975849,15.810518,620.012,42.455382745524
88.087217,15.811511,1962.250,41.610585419914
88.227601,15.814463,55646.903,234.34780527086
88.024415,15.813023,11432.814,77.555294147178
88.212861,15.812240,2860.446,39.359026876985
88.142675,15.813492,30523.046,140.60368787720
88.010947,15.813420,19156.463,120.72431050308
88.198686,15.811924,1130.114,37.877713593766
88.194992,15.811578,826.519,33.272756097406
88.037519,15.812266,1111.761,37.799990469897
88.176615,15.812009,938.057,32.168573213348
88.180609,15.814188,10081.032,61.389551638715
88.162340,15.814356,16026.092,88.331973506240
88.102325,15.812766,1991.766,38.092270418390
88.218224,15.812635,932.710,33.871652261968
88.097221,15.812423,762.978,38.244292668248
88.209729,15.812574,867.242,35.912988227108
88.175261,15.814561,15697.414,86.468736039205
88.050797,15.814673,11299.352,61.796383161497
88.046305,15.817233,102976.659,361.88093346587
88.166133,15.814649,12195.772,69.666520753834
88.171796,15.814806,7244.650,51.004432538592
87.995923,15.814891,10447.178,79.299605251270
88.000162,15.813698,889.382,42.293848248021
88.079879,15.816957,44043.367,158.12524219441
88.168057,15.814194,1214.026,46.705673470791
88.104903,15.816466,20581.698,97.835146328508
88.040519,15.815546,1697.982,37.058011673627
88.204964,15.815638,2423.722,43.608049434159
88.065155,15.815095,819.139,34.083756411896
88.093331,15.816256,3955.865,40.991050874561
88.153161,15.816039,2219.226,40.476590456885
88.222624,15.815749,717.408,40.182217300096
88.088511,15.816101,1975.309,37.208300616984
88.002441,15.815736,1177.646,44.501749101993
88.170797,15.816559,3961.249,38.583495901797
88.077235,15.816389,1489.661,40.442877715752
88.157284,15.817260,6062.293,54.038953291090
88.160944,15.818536,26908.120,144.74507649599
88.229234,15.824487,nan,50.656886617756
88.074243,15.818035,4763.741,44.438378273476
87.978302,15.817379,1179.270,133.46426384499
88.007489,15.819884,25687.940,83.016280376594
88.183055,15.819437,12913.200,47.919790788697
88.070704,15.819407,6371.783,37.876083217552
88.189057,15.819067,2114.106,42.845691215725
88.050738,15.819462,4063.835,72.196526382566
88.004968,15.820650,13059.057,171.32434026038
88.073001,15.821919,44187.148,36.110593007908
88.156239,15.819103,514.620,41.532479094254
88.094312,15.819741,1884.524,37.353971470246
88.228884,15.819980,859.493,37.998234480940
88.103227,15.820253,1408.593,55.762318644152
88.010324,15.821098,7227.133,50.619132035361
88.110744,15.821579,4941.806,47.551806844798
88.123738,15.821576,4527.526,35.995927901183
88.084147,15.821213,745.438,38.467652525398
88.198108,15.821786,1146.447,41.106882423006
87.983826,15.822288,2190.778,43.580303576470
88.034848,15.822717,3511.051,41.080080499905
88.214216,15.822620,2063.002,40.548583832380
88.051076,15.822114,1029.545,37.699223024785
87.993500,15.822099,1035.426,40.625401018991
88.018357,15.823618,3834.319,38.576843697260
88.001929,15.822626,1156.088,38.280502871387
88.085289,15.823328,1335.204,42.230996724464
88.098893,15.824259,643.535,40.421175805549
88.039178,15.825778,2383.652,38.755414406000
88.131116,15.825991,1501.856,43.883988700537
88.063797,15.826181,1942.086,47.003817867860
88.089209,15.827708,5085.353,41.400521182580
88.050162,15.827972,2078.292,43.963510186747
88.108989,15.827837,2874.137,87.069586816174
88.181719,15.829311,21177.815,34.654053950664
88.218101,15.828079,1264.294,40.620609246403
88.068780,15.828385,1230.900,59.488457484220
88.187432,15.829929,10145.367,373.47618512533
87.984296,15.832092,85775.135,40.471537703606
88.103404,15.828935,2803.114,79.464702503843
88.068554,15.830247,14305.845,37.982405100280
88.174863,15.829329,1794.990,43.433273606830
87.994431,15.829683,2998.294,40.210449253033
88.039915,15.829506,1459.927,42.989791521149
88.178177,15.830276,4080.131,34.751944046915
88.134307,15.830031,1856.727,39.469728705031
87.991183,15.829520,1040.391,42.455521820527
88.183338,15.830472,2120.319,39.887780202405
88.166275,15.831136,3727.861,51.714912969832
88.036110,15.831291,4805.304,60.197028009866
88.175076,15.832189,11937.872,74.049715211116
87.982313,15.832845,10170.113,37.722488608207
88.138894,15.830816,583.276,53.527204337397
88.201553,15.832560,8382.285,35.821949785312
88.179461,15.832917,1077.176,37.431440663222
88.161478,15.833182,826.987,38.015485035523
88.057102,15.833499,1173.924,37.051622990667
88.168844,15.834142,1645.159,105.95665404335
88.105663,15.836072,25763.585,45.731270721396
88.036330,15.835284,4699.930,179.41052822129
87.992517,15.836459,35234.626,48.185117400382
88.023374,15.835204,6378.212,38.627156503503
88.181121,15.834600,952.564,37.426069264703
88.071185,15.835125,1246.585,36.442204855887
88.200695,15.834546,605.024,53.035282832716
87.977264,15.835759,5046.694,52.625292837041
88.210775,15.836910,7100.010,50.914170237799
88.223772,15.836460,5999.128,86.176119110504
88.012129,15.838175,13026.037,153.59733527493
88.195050,15.838196,34575.549,46.327820393926
88.101241,15.837429,7284.829,36.131595163394
88.049147,15.836700,807.550,36.816593752673
87.994924,15.836363,685.736,182.65983317613
88.079457,15.839573,42860.814,80.725475434481
88.046137,15.839708,14049.214,40.958115235939
88.228455,15.838837,1236.108,34.806617572676
88.197216,15.838896,1146.324,111.71228721268
88.075295,15.841179,27383.023,39.078160695150
88.216043,15.839127,1481.325,34.689029911257
88.192882,15.838931,725.508,350.63054887110
88.001698,15.842652,78801.826,45.082128796462
88.203331,15.840240,3923.184,41.360811142438
88.189664,15.839887,1511.299,38.404726945839
87.988999,15.839383,594.350,261.13573205125
88.122453,15.843337,73894.613,36.588350929907
88.039964,15.840011,1051.452,42.422341440784
88.057666,15.841269,3221.034,38.253429457499
88.109492,15.840795,1357.283,36.314429811919
88.169941,15.840890,1420.833,41.126689269635
88.013899,15.841239,2081.181,42.316267436821
88.185384,15.841075,1629.268,41.748390741533
88.165588,15.841087,1936.648,41.145730882211
88.151893,15.840978,1131.860,40.493146463784
88.052916,15.841745,1813.395,40.405141330026
88.123538,15.841145,879.730,117.80659700907
88.068053,15.843799,23524.700,39.271597613833
88.211030,15.842025,1353.718,58.158580932561
88.024798,15.842564,6984.772,48.300950116589
88.076536,15.842568,3281.693,134.06621477131
88.036128,15.844356,28916.234,39.004543322141
88.218675,15.842408,1138.279,50.126729460575
88.143372,15.843019,4300.080,65.663252904458
88.132816,15.844073,10410.022,45.147895453741
88.119149,15.843610,2379.058,48.642487099791
88.181188,15.844141,4515.616,61.274630297736
88.051058,15.845222,8906.224,64.339039050273
87.986714,15.845754,8951.017,48.971996372941
88.104140,15.845807,6403.606,42.390923464087
88.080028,15.846264,2045.578,49.135245980098
88.169872,15.846725,7005.487,42.571635189019
88.093136,15.845903,1182.699,44.990128647308
88.047115,15.846511,3375.052,43.637030504723
88.144444,15.847029,2462.707,41.749348896770
88.118310,15.846462,648.830,41.459050177981
88.053966,15.847433,1932.210,87.811377012101
88.131998,15.848862,18466.768,37.659442768383
88.185552,15.847179,708.901,400.48818705833
88.129940,15.852067,122058.374,47.508900511400
88.147899,15.848667,7333.166,45.780883462331
88.158878,15.848714,3231.781,51.524944324018
88.012427,15.848919,6683.319,39.169868994337
88.152036,15.848951,3147.491,52.786405646978
87.979748,15.849927,4735.637,83.733393850933
88.027497,15.850971,15561.383,38.041769778806
88.219294,15.850089,2195.267,41.059844762222
88.098086,15.850229,2889.967,44.596680319046
88.001644,15.850238,2747.529,37.873838010084
88.199607,15.850264,1697.943,39.026238211203
88.184947,15.850076,1517.255,42.647092760362
87.986429,15.850056,973.343,35.574107543323
88.148824,15.850543,987.648,35.019712874906
88.212712,15.850553,597.249,36.991204315117
88.174235,15.851293,3323.214,284.24381752621
88.225728,15.853772,63697.572,36.075903091964
88.157280,15.852088,642.779,40.135167143327
88.147118,15.853106,3248.174,41.380945928494
88.017593,15.853096,3377.603,39.802745036704
88.212843,15.852621,975.213,40.611788651539
88.183304,15.853540,3945.820,48.567399946201
88.086308,15.854557,9003.095,114.78243687541
88.071741,15.855342,34234.469,39.376741506481
88.144786,15.853364,854.137,35.331362764048
88.045784,15.853921,1549.255,37.184747945076
88.179098,15.854163,1621.716,38.184337786784
88.162998,15.853806,1461.844,45.272006443392
88.014510,15.854161,2123.540,48.805178080733
87.990211,15.855551,6745.388,59.381859807525
88.175667,15.856054,9643.037,39.950285777961
88.136071,15.854911,1798.466,42.661647134407
88.207543,15.855710,3167.698,47.887585866401
88.096638,15.856247,5191.247,32.311819185923
88.042598,15.855001,510.934,56.535222864600
88.177758,15.856578,8579.909,39.805422951314
88.124826,15.855648,1844.983,38.418302472439
88.127659,15.855714,1661.861,94.911507707404
88.166476,15.857435,16543.325,56.740967048620
88.003566,15.857053,7701.387,44.430393871836
88.026281,15.857086,3998.761,47.190617321212
88.100734,15.856791,3510.181,331.42860942419
88.020659,15.860474,80145.928,94.094344562131
88.080498,15.858961,19038.673,101.54280184519
88.034403,15.859360,23632.124,37.182503920752
87.979334,15.857343,778.921,38.409232834601
88.037580,15.857693,1051.279,77.261149803513
88.108404,15.859349,15133.062,60.276820061090
88.032085,15.859343,10588.063,98.748696532227
88.040919,15.859737,25315.936,35.261485195173
88.106175,15.857734,676.657,37.724565308407
88.009863,15.858295,788.505,46.932594358571
87.992981,15.859137,3768.586,41.364964851906
88.177619,15.859040,1221.042,236.85857069953
88.020915,15.862669,61562.972,167.15168917520
88.151716,15.862247,39952.314,48.907223113034
88.030465,15.860786,5342.485,43.653449664669
88.139138,15.859987,1667.923,43.338306057519
88.122608,15.860261,1239.839,40.252773855261
88.199304,15.860041,724.192,49.043611602172
88.141068,15.861070,3554.789,50.485995704920
88.099338,15.861330,4926.763,44.703451115698
88.220391,15.861633,4326.337,43.535995875246
88.126897,15.861414,4087.623,49.076228912750
87.986658,15.861681,4184.268,38.272383552556
88.217564,15.861325,1177.921,39.851109086845
88.136652,15.861531,789.975,43.546814345315
88.050375,15.863620,5096.611,152.56699774694
88.179504,15.866314,29146.947,44.982276474547
88.031962,15.864198,3790.282,44.531003050894
88.082265,15.864186,3386.998,39.099865139034
87.996932,15.864536,958.919,37.960895929113
88.198118,15.865254,2445.791,39.749290297169
88.013931,15.865051,1167.926,43.431758325560
88.018734,15.866565,3034.608,43.332908203624
88.229103,15.871719,12746.529,41.805442600806
88.163020,15.867752,3493.832,37.503405068209
88.175925,15.867663,4232.335,35.106948976274
88.165900,15.867496,1873.616,70.630620563723
88.105649,15.866626,627.152,56.176316619968
88.029571,15.869190,9352.001,301.72525843163
88.133749,15.869450,7309.537,33.594999240932
88.198081,15.871706,72782.594,69.961123264538
88.174024,15.868600,1033.730,44.965252148514
87.995948,15.870187,10271.781,37.550254268604
88.141716,15.870572,4428.590,40.338687929718
88.117004,15.870138,2033.557,51.870787993432
88.146811,15.870277,2556.041,43.592318787772
87.994003,15.871023,4811.865,202.33128206991
87.975622,15.869951,753.686,43.119559271891
88.063841,15.873717,53030.025,37.668355332828
88.223995,15.871390,2429.537,37.219358899461
88.080501,15.870602,579.905,36.893974261384
87.999801,15.870499,522.338,330.61197317360
88.149571,15.871628,2738.780,38.975569223404
88.220519,15.874985,74845.699,124.19599993666
88.034331,15.871740,1171.894,48.212340921350
88.029562,15.874704,35485.637,35.924197397237
88.205340,15.873771,2172.209,37.690092515977
88.125950,15.873258,3853.210,38.631733387063
88.208231,15.872839,766.333,36.793598942833
88.027354,15.873116,1267.148,38.018037930047
87.998282,15.873272,836.176,37.415416977252
88.003287,15.873988,1554.338,37.124350608139
88.166543,15.873800,1264.585,92.222628349501
88.214053,15.874844,1821.924,48.950235799094
88.078666,15.876787,18964.000,37.645279449085
88.156519,15.876396,6948.420,37.396957145195
88.182811,15.875293,826.546,37.281282944780
88.217077,15.875737,740.943,48.322451670871
88.062734,15.875676,706.159,342.03984463915
88.104858,15.876677,7234.564,36.217984544450
87.985618,15.880419,58890.402,43.317122298521
87.979842,15.877105,1308.833,112.94981507488
88.119905,15.877651,1829.934,40.776378676205
88.084314,15.879909,23904.109,45.370480010399
88.137284,15.879477,2383.077,41.651686060831
88.034322,15.880426,3385.763,43.616323278372
88.135082,15.880410,2547.379,44.920074100460
88.124228,15.880211,1592.113,35.887483617460
88.057657,15.880546,2116.835,94.140635202868
88.194110,15.880616,1370.787,47.581820199186
88.111642,15.882218,18110.825,79.428608015380
88.079355,15.881184,4040.391,265.48105492758
88.183383,15.882581,10244.244,38.192963438032
87.992375,15.883665,45871.597,41.005141873772
87.975608,15.881175,1623.035,52.422784325585
88.042223,15.881338,879.333,42.282421291793
88.019500,15.882203,5229.625,174.48670484975
88.123778,15.882866,2430.314,37.137838121374
88.046189,15.885540,50200.417,45.719017168064
88.210987,15.882703,968.332,38.513337660972
88.102348,15.883886,2221.441,40.765233752371
88.016513,15.883440,1312.546,37.585281766003
88.004293,15.883121,787.291,36.448591491613
87.996856,15.883549,931.275,46.825973871260
88.154277,15.884494,1897.649,34.565043971305
88.174090,15.885498,6946.363,45.850567808904
88.214452,15.884351,1053.694,41.571960312284
88.034165,15.884347,1771.508,36.982590870441
88.122945,15.884756,1677.243,185.09525284748
88.073781,15.884375,1073.012,40.181306646507
88.082540,15.887058,42051.493,45.346089679921
88.031168,15.884142,835.429,39.786980103340
88.018996,15.885638,4431.857,43.985092542069
88.145974,15.885231,2372.881,224.44981391327
88.171930,15.885583,4331.511,39.141737650109
88.076639,15.888006,60861.103,43.517731183786
88.089900,15.885717,1312.283,37.804871670906
88.084345,15.885740,1923.434,40.735245156867
88.170006,15.885749,860.493,42.170524424048
88.004291,15.885726,1335.942,39.408859988793
88.127829,15.886607,2443.854,65.157698954273
88.087708,15.886998,2554.776,41.253423566538
88.142591,15.888017,9800.875,48.873948380080
88.002167,15.887089,1136.402,40.393297415009
88.186156,15.888497,5504.876,34.934565592106
88.040350,15.887330,798.786,34.969620519546
88.069522,15.888257,1362.811,38.157444835036
88.170779,15.888321,2180.220,36.616869865379
88.046073,15.888440,738.172,34.647588491477
88.133013,15.888780,2415.439,37.373459987588
88.130367,15.889129,2203.905,38.878862032174
88.062743,15.889274,1612.940,37.597342130762
88.134925,15.889273,1244.371,42.997619125968
88.193119,15.889726,3146.099,39.566192098669
87.991464,15.889977,2262.183,37.868248502344
88.148781,15.890165,2924.110,46.719755936991
88.066124,15.890878,3324.973,118.99476370330
88.105431,15.891965,6660.295,38.547536581828
88.046702,15.893043,15840.282,43.278162673610
88.109620,15.891908,1448.093,36.383490041982
88.032657,15.892135,2546.911,36.703361243805
88.194211,15.892484,2169.409,37.154379452736
88.209375,15.892915,1354.381,39.073361039884
88.085957,15.892367,749.600,41.103316160227
87.998317,15.893297,1659.076,35.649663883965
87.992351,15.893455,2469.603,191.15614505142
88.131277,15.893163,1110.120,38.101685148256
88.076529,15.896515,51154.041,77.891985228074
88.169715,15.894010,1310.918,43.534152616193
88.162866,15.895472,17913.521,46.812718911660
88.164160,15.893702,974.492,40.046605029596
88.028407,15.895417,9824.934,42.433543702474
88.132722,15.894522,2393.273,55.643872741198
88.184473,15.894568,899.778,63.471706224800
88.190260,15.896039,6120.460,44.163579901564
88.208602,15.896668,8224.430,38.541634258329
88.009994,15.896259,3167.841,47.036909411772
88.060836,15.896244,945.385,41.428022446817
88.197984,15.897185,5292.435,55.433606937766
88.229239,15.901053,nan,102.71193547452
88.121678,15.896719,950.918,189.29947222676
88.106629,15.897864,6257.178,35.659812903929
88.102055,15.898606,17727.690,46.332392464269
87.978292,15.898913,35399.555,38.206148029225
87.983072,15.897337,957.243,46.020654200358
87.984847,15.898652,3996.274,40.563919125718
87.995267,15.897662,823.001,139.86114972853
88.043066,15.899135,3992.978,42.909739653187
88.095888,15.898581,1313.247,71.441492607957
88.183844,15.901096,24101.467,394.09710194554
88.203483,15.898964,1741.013,41.662301968639
88.020831,15.901019,10673.045,53.788662925385
88.014176,15.903824,117309.800,98.796544731487
88.007216,15.899690,659.731,334.14636116822
87.994822,15.901298,5268.008,39.704377295791
88.209364,15.902166,15844.630,43.470563144887
88.217712,15.904121,60279.356,38.129925717388
88.163270,15.901354,1271.404,45.728418435220
88.219540,15.901776,2776.675,42.748624967630
88.154673,15.901769,1986.319,38.713367219573
88.205830,15.902035,2183.531,47.081020615999
88.035225,15.901978,1525.393,103.33524696518
88.081180,15.902087,820.534,137.59105119219
88.091130,15.903283,4855.695,49.019755643212
88.198296,15.904724,14686.624,106.80013653527
88.076808,15.906001,30088.927,41.235350419086
88.017936,15.904699,4702.020,38.178979973146
88.142449,15.906349,18611.013,61.438084219663
88.214168,15.904682,2957.744,42.839038089709
88.027253,15.903833,668.070,40.222418152375
88.013690,15.906210,7764.859,51.198091012683
88.207552,15.905479,4107.615,43.577068532004
88.139101,15.904999,1666.196,36.944905175827
88.225069,15.905608,3957.541,36.843735958764
88.136647,15.905540,3335.688,49.052505320445
88.020979,15.905330,729.117,168.94968167072
88.159399,15.905402,1064.359,91.059628871079
87.992341,15.905993,3194.520,43.287678401533
88.117862,15.909633,45806.741,36.745901287928
88.202308,15.908703,15179.807,36.170175841289
88.166901,15.907979,5337.835,90.129945662623
88.063366,15.907054,887.141,42.664428325097
88.169121,15.907941,674.933,51.313365888719
88.096115,15.910599,21668.649,44.645094527576
88.018328,15.908525,1726.452,37.992554095298
88.119779,15.909223,4317.365,51.917641220291
88.010472,15.908746,1086.484,41.657465335366
88.049984,15.908177,529.766,31.908395209519
88.227916,15.910315,4982.842,51.974639358821
88.148957,15.910191,3806.325,34.938032445538
88.173305,15.910029,1949.306,35.302291872779
88.161114,15.910796,6155.102,49.744942485859
88.089333,15.910350,992.606,34.268347618640
88.143531,15.909815,553.914,43.724406067125
88.084097,15.911879,6969.197,45.340043201215
88.123839,15.910395,660.134,185.05984906353
88.066173,15.911394,3230.698,170.71240664551
88.050638,15.912123,1213.192,35.928597127768
88.110402,15.915303,47038.702,41.126898646061
87.998488,15.915197,40053.930,76.409564029688
88.038345,15.913000,1707.023,151.84273660903
88.179974,15.912498,827.535,70.643350821556
88.229480,15.917310,nan,50.749791717230
88.028180,15.914835,14070.216,37.071066332760
88.176043,15.915948,33382.806,41.452300871079
88.222729,15.914895,10494.608,188.41672066800
88.153067,15.914750,7429.801,223.17851792556
88.174846,15.913491,1001.312,45.890532356872
88.078971,15.914279,2439.599,177.17905586213
88.163311,15.916916,39048.189,39.801041379168
88.216845,15.916838,38706.058,38.113403442045
88.165110,15.915416,2862.178,215.75911937831
88.190908,15.917582,33051.884,227.31814363839
88.142044,15.915865,1539.844,40.501335653923
88.061698,15.915295,721.901,39.879483906891
88.174315,15.918545,41356.820,279.43021787605
88.139421,15.919671,53107.444,44.825260123834
88.179278,15.915879,777.229,39.112157026873
88.144333,15.916624,1130.323,41.808208925537
88.126903,15.919844,66906.439,45.239749608180
88.064609,15.917503,2588.973,37.081924138563
87.980334,15.916813,973.740,40.459227858233
88.075980,15.916834,593.880,81.809975524086
88.123608,15.918931,4799.994,55.825612890316
88.171316,15.917835,1074.021,51.468004138664
88.114955,15.918149,2077.367,45.323314037134
88.023780,15.920219,15266.726,200.10778047814
88.216484,15.919506,6480.802,43.374789618555
88.087693,15.919821,5111.215,41.840099318728
88.135916,15.919908,2658.695,54.168357760755
87.984919,15.922430,41796.763,61.955492641417
88.081204,15.920511,1686.824,39.450055493219
88.011520,15.919827,1021.039,38.692037989248
88.192846,15.921410,6166.669,41.032300141038
88.200796,15.922120,6932.943,39.133624282879
88.183225,15.920605,818.693,46.914151996465
88.090583,15.921323,856.824,360.78759777130
88.044473,15.921508,724.693,545.20794361700
88.219712,15.922132,873.461,63.479729840006
88.185333,15.922362,1450.386,40.975553351931
88.204597,15.927288,61972.330,57.267370154927
88.191434,15.926067,102408.652,40.907226612627
88.192383,15.923774,10001.011,39.572583708552
88.035017,15.922501,1326.582,41.811036994151
88.201566,15.923797,5028.868,43.790217411634
88.094900,15.922570,661.985,40.028712517074
88.019765,15.922595,1003.153,61.190409978612
88.137647,15.923500,2463.193,44.556338193724
88.016638,15.922962,811.928,40.870758837137
88.134199,15.923946,1422.940,51.193312483141
88.126775,15.924769,10377.969,66.261749623871
87.991680,15.923905,2011.567,47.542512547996
88.097210,15.923644,799.146,49.705336714933
88.185309,15.925254,6032.915,37.990465223400
87.983499,15.925856,7983.595,34.738198603297
88.017098,15.925237,7088.590,112.14876089330
88.220706,15.925710,5150.183,38.628042903460
88.045060,15.924593,761.569,35.857062871805
88.143554,15.924517,1113.026,40.227982121536
88.083592,15.927149,32187.184,141.62913171300
87.998074,15.924937,1159.054,39.864128668275
88.218459,15.924471,569.431,37.066354415528
88.156673,15.925779,3434.075,218.36836035310
88.063643,15.928371,36302.430,49.487706175047
88.076904,15.925263,688.797,34.108103420335
88.042968,15.925223,789.106,39.978419091981
88.115831,15.929468,54571.080,42.432774451019
88.034868,15.926623,5388.008,52.792893884753
88.108252,15.925817,1109.581,236.55494498759
88.101699,15.926405,1551.844,47.307164401074
88.212782,15.926702,3381.971,43.027289499506
88.028708,15.927309,6731.444,42.650148411757
88.211836,15.929989,44483.139,291.75552984603
88.218804,15.928189,3406.729,42.995213116904
88.093825,15.929948,2344.295,39.891604409427
88.151682,15.930498,5435.450,41.801524639248
88.180020,15.933583,55145.042,40.365455512388
88.030037,15.930768,1818.796,48.994725703781
87.978858,15.931325,2760.104,36.786289863597
87.986624,15.931189,1512.232,40.361433759760
88.054149,15.930844,550.271,144.45377938109
88.025667,15.933077,6738.570,36.939385335319
88.019280,15.932029,816.445,41.143246387925
88.176797,15.932731,1713.061,47.188089656269
88.116106,15.934798,28624.655,36.066721398301
87.974846,15.932917,900.137,42.838926812065
88.063407,15.934171,4283.174,48.060136820990
88.154622,15.934690,3726.387,44.389483014838
88.133564,15.934340,799.151,51.008600268648
88.079994,15.935697,1570.729,52.444151691189
88.181170,15.936060,3360.986,37.302371876277
88.049036,15.935578,1483.780,39.927442299913
88.077409,15.936694,nan,445.66347631953
87.984877,15.936985,3598.658,39.213167618909
88.071425,15.937647,4990.599,41.596161503817
88.225532,15.936935,2218.831,199.50998704338
87.975250,15.936500,712.482,40.562264657529
88.046347,15.942387,134484.013,471.44421654870
88.223055,15.938622,938.913,41.802588382501
88.038058,15.939251,2213.399,45.088783745345
88.117903,15.942141,46957.329,38.144417451953
88.212921,15.939233,954.416,91.977051971595
87.995485,15.943286,106774.896,40.412275301284
88.030420,15.939942,937.313,35.228297831292
88.186898,15.941553,4152.155,43.847891099003
88.176335,15.941462,1813.697,45.787784371637
88.062094,15.943813,18581.197,39.710341154692
88.142903,15.942145,771.328,38.575988363686
88.130449,15.942239,677.010,51.972630424636
88.051520,15.942586,840.469,43.362022313075
88.032637,15.943096,1657.142,43.900370062294
88.048912,15.943347,1447.438,42.862523786509
88.070763,15.943180,896.970,65.762400488252
87.997038,15.944718,5233.367,49.792040443428
88.006666,15.944100,2846.220,179.79934662639
88.181045,15.944343,3305.372,40.274847566303
88.010993,15.944165,1533.368,45.706069164127
88.136379,15.945800,10353.157,37.619851222634
88.189311,15.944965,6120.401,42.450683962022
88.057829,15.947036,45597.056,46.918388037792
88.090532,15.944796,728.136,40.901784408849
88.072877,15.946016,5790.097,34.997243665734
88.141503,15.945278,1131.177,35.279034931942
88.100622,15.946324,1502.179,36.206488244699
88.094484,15.946827,4547.497,34.602318471602
87.986518,15.946226,987.681,41.171544039084
88.138585,15.946809,965.402,41.230030478830
88.156030,15.947001,849.061,95.204740637923
88.089170,15.946947,1056.972,41.494106105095
88.112681,15.947276,897.242,41.290333063045
88.050914,15.947330,633.406,49.093283505592
88.019175,15.947997,1512.226,39.730334968863
88.141700,15.949990,17938.369,194.21223042523
88.099394,15.948166,1133.704,40.969543405551
88.221262,15.948926,2120.384,56.897337222587
88.179630,15.949239,4715.834,65.999910621047
88.048280,15.949607,3607.861,41.859241756544
88.148456,15.951187,47288.159,39.810748595051
88.225859,15.948833,2829.270,46.281028964675
88.006648,15.950455,6858.392,38.077819644331
88.151916,15.950754,13720.230,46.071567741414
88.054749,15.949207,1243.576,36.399517712478
87.991460,15.950018,1933.551,76.747118201897
87.976468,15.950122,3846.838,43.531241061770
88.200500,15.950092,897.216,45.683876982504
88.063281,15.951526,6804.077,31.785640898516
88.090082,15.950690,1014.917,37.190196171092
87.988311,15.952607,15129.945,36.910599936887
88.162502,15.951783,3378.607,40.291296148361
88.003934,15.951900,4621.220,41.302646004229
88.212578,15.951196,741.281,45.552583391418
88.195431,15.950895,782.449,42.074953184454
88.206978,15.951491,1071.220,36.188299334998
88.143696,15.951744,1444.654,42.113371775306
88.181244,15.951871,1505.734,77.079589020464
87.982227,15.952602,3178.940,168.43243189911
88.040477,15.951426,1090.735,37.037681976410
88.042898,15.951854,776.664,44.071997668595
88.184203,15.951630,856.705,69.505041268228
88.098174,15.953611,6326.412,53.631159266481
88.177619,15.954254,24547.482,36.687445391094
88.139391,15.952528,675.782,38.890740785580
88.090466,15.953456,2263.423,41.731062214373
88.195564,15.954540,8618.462,49.015341370695
88.153822,15.953933,5199.047,136.54693106190
88.127759,15.953067,794.259,43.095815178822
88.063922,15.953702,1037.214,39.769313962453
88.165842,15.954071,757.231,37.342207776609
88.043473,15.955004,5105.660,39.510218582775
88.032811,15.956855,31252.815,56.553248352997
88.157903,15.954498,1331.044,51.343861551089
88.055033,15.955142,745.767,34.721151087352
88.172818,15.957036,843.785,39.778657491980
87.980232,15.956641,685.358,71.751920311732
88.190621,15.958517,6266.474,44.017627931688
88.022262,15.958506,6924.701,40.343022998811
88.148794,15.957520,752.835,37.633094680450
88.080368,15.957713,827.719,39.424465588701
88.050297,15.959358,11501.692,47.771643157441
88.005468,15.958028,1907.043,45.530362157917
88.164279,15.958243,1128.487,42.742674632401
88.166758,15.958668,1637.555,65.581787366605
88.144516,15.958649,777.130,122.03731819753
88.053549,15.959612,1627.517,38.092917314062
88.067106,15.959823,2046.306,70.369166736735
87.983929,15.959188,909.089,67.226456042632
88.104424,15.961164,7044.142,42.053854051872
87.987964,15.961945,23056.524,71.837545555242
88.212524,15.960510,2331.173,55.499186720357
88.064869,15.961657,14158.383,37.809972141644
87.977393,15.961748,8113.431,65.763179483793
88.138599,15.960437,755.490,41.926087272205
88.109239,15.962551,15307.225,295.62583657618
88.096744,15.962095,6208.389,38.653689060599
88.170250,15.961699,2569.162,51.752924570995
88.032749,15.963121,11549.830,36.002118914795
88.004631,15.961267,856.387,37.782726789532
88.218804,15.964558,41943.283,39.476568938645
88.153629,15.962206,2337.275,39.811577954748
88.086117,15.963408,9452.844,90.887240562937
88.204747,15.962770,977.696,39.144785954263
88.143986,15.963120,1116.703,411.43094647249
88.060103,15.964277,2384.563,38.854141802205
88.134433,15.964740,3986.933,79.799996931013
88.198149,15.965070,10517.223,39.038001184078
87.996327,15.963853,1058.684,94.539153995957
88.194896,15.966840,53720.693,232.51908822227
88.035434,15.964232,1850.008,109.65619657149
88.179618,15.965591,9911.012,36.614024355540
88.081468,15.964752,1850.999,323.71356379816
88.090497,15.966859,19538.833,279.21525738261
88.034628,15.968347,53312.777,34.382321832127
88.044527,15.968737,29240.360,38.572205641427
88.021381,15.966852,2223.676,37.621312822611
88.179115,15.969537,54003.938,89.578207388041
88.163329,15.969679,54808.312,38.706695827314
88.170760,15.967335,1106.966,40.653886543428
88.027434,15.967570,2052.700,41.647603691030
88.057684,15.967027,1000.990,39.827027930540
88.184777,15.969209,10971.719,137.55701357511
88.012010,15.968154,1536.055,46.541811884932
88.049341,15.968177,989.035,49.782364662873
88.140818,15.968396,2722.206,35.968938669229
88.032464,15.968449,1879.013,48.493207630118
88.172394,15.970872,25558.374,85.714628895436
88.025243,15.968912,1392.627,38.684850891537
87.983022,15.969891,5798.970,54.618335614921
88.081576,15.968509,802.706,96.299772771086
88.057428,15.970007,3617.786,41.976581018769
88.197489,15.970739,8053.453,76.505926904700
88.087225,15.969650,592.332,59.487757596869
88.026998,15.970975,2168.209,63.574414258021
88.119251,15.972855,14083.469,513.68556441665
88.054689,15.970813,740.730,184.24573344593
88.166970,15.972825,13095.299,39.119654951826
88.216773,15.972099,5476.535,41.281588780848
88.077716,15.973308,11736.300,77.870720152219
88.145495,15.976132,115612.552,41.005771763372
88.088592,15.974834,44583.313,45.816157620863
88.137818,15.971855,1259.740,36.023073459319
88.201353,15.972712,2807.603,222.19343552159
87.981763,15.973956,12792.322,41.181129491585
88.116315,15.972209,888.890,445.74678922234
88.170471,15.973144,3924.245,42.451683797972
88.190965,15.972279,853.363,35.410701325351
88.038472,15.975027,57595.618,42.295634035682
88.107964,15.973571,3598.211,44.315440167858
88.061995,15.977768,144885.962,40.432402872911
88.029605,15.974049,2120.086,37.875233098895
88.046972,15.973667,1315.578,278.51518754968
88.031836,15.974356,2554.909,65.023517914200
88.016307,15.974501,5302.007,41.458146363625
88.142762,15.973661,675.486,59.303735042950
88.173792,15.974182,845.346,38.326544082514
88.229449,15.981684,nan,44.109722177447
88.126975,15.978026,65723.860,43.128935009411
88.031269,15.976101,8338.174,37.694243192871
88.094716,15.974639,952.563,43.929510309003
88.002425,15.976357,7465.697,186.94832119776
88.128532,15.975118,1139.732,45.014481044642
88.066245,15.976061,1954.818,45.143509766559
88.194861,15.975859,1379.337,156.86363872575
88.174808,15.975724,630.920,60.855737680939
87.989531,15.975624,763.421,44.958830854722
88.169445,15.978845,36494.089,44.876803225866
88.147571,15.976664,2885.023,50.487323695424
87.990248,15.977461,2608.314,50.437560276732
88.203204,15.978523,20517.693,41.389259659260
88.080356,15.976915,1033.169,41.572569850130
87.984525,15.977265,2466.419,45.527709682342
88.011032,15.977031,1815.045,589.00907016679
87.993121,15.977845,4837.275,44.538100696647
88.188780,15.977778,3054.369,43.687670014664
88.098244,15.977422,1008.534,40.720399951375
88.216264,15.978140,2104.813,44.841839337502
88.016285,15.978412,3407.911,39.819480479472
88.201903,15.981441,75048.490,44.810393998240
88.004904,15.977458,865.771,41.924590260581
88.014326,15.977655,773.036,56.597236349440
88.119658,15.978030,770.278,101.97717508994
88.018926,15.979276,3581.581,40.027942517335
88.221955,15.978107,569.931,127.07326959687
88.061739,15.979856,2746.295,38.517052771522
88.182225,15.979930,961.117,45.410176830900
88.068484,15.981091,8342.219,36.324335229336
88.229427,15.991581,nan,79.308593002100
88.173527,15.982096,14919.587,43.411575775476
88.092137,15.981465,2465.365,158.26390450816
88.155494,15.983396,14712.936,131.15263838433
88.195586,15.981768,2074.989,79.916738754469
87.985202,15.981780,797.467,41.565052976654
88.126281,15.982580,2179.106,44.445540197800
88.068590,15.984136,21309.502,36.800529559453
88.014792,15.982676,1686.966,40.183003076317
87.991918,15.985247,35244.172,43.956515731622
88.037188,15.985091,38433.075,37.569889048220
88.081336,15.984230,15485.523,39.165615160896
88.079001,15.982982,1399.278,357.26487356312
87.976027,15.983693,4717.900,53.759216814450
88.190001,15.983126,1331.631,37.935901889513
88.214698,15.983681,2301.121,34.032468014533
88.006798,15.983802,925.075,43.244150196415
88.026146,15.983906,1097.204,45.376655824856
88.224134,15.983977,1140.979,38.022155423495
88.118252,15.987842,90140.472,43.396441492023
88.170312,15.985334,4959.466,182.34237023251
88.089085,15.985077,1982.216,518.73506808624
88.151792,15.985055,558.362,53.770921967621
88.050036,15.986389,1003.872,128.21771647036
87.973748,16.006215,nan,38.650462433211
88.221264,15.987109,3976.482,37.255682518846
87.988875,15.986480,550.641,43.790977693068
88.055040,15.986961,857.492,101.22284772349
88.182431,15.989511,29706.491,46.187117286814
88.198828,15.991584,64693.431,58.168013064575
88.166663,15.990019,7049.055,42.770690499248
88.187587,15.990278,18355.803,47.560198314041
88.081666,15.989216,2235.139,68.029166195306
88.015454,15.989007,1312.255,38.932029487073
88.001380,15.989521,2811.567,45.901233749722
88.143689,15.991670,24110.898,73.107215653301
88.127025,15.990866,6490.923,74.639905251260
88.201642,15.990833,5151.467,70.599184602531
88.105524,15.991006,2050.117,47.005359841280
88.092222,15.990800,3371.439,48.404658831258
88.056936,15.992493,8303.409,40.718875883932
88.171614,15.991560,1385.554,42.081841489768
88.157154,15.992299,3942.194,47.313308821340
88.066488,15.992668,11320.295,43.984763379994
88.165515,15.992892,12325.429,57.914308700789
88.014222,15.993300,12551.183,40.275498110653
88.005626,15.992821,4969.013,131.74437064918
87.983443,15.992572,4334.834,52.657799323012
88.141732,15.992131,932.066,36.880558376400
88.185312,15.992947,2252.389,41.193733686380
87.988324,15.993285,2541.065,36.245639982626
88.097115,15.992739,1386.933,49.542302977194
87.977986,15.994355,6724.854,39.342873962543
88.038277,15.993892,1113.614,50.040450601550
88.210610,15.995601,15149.942,35.961096822507
88.166029,15.995605,5236.500,40.799117895570
88.186651,15.994584,1970.278,40.787032983570
88.193532,15.994733,1587.506,48.977147677791
88.142559,15.994736,749.535,38.277519861159
88.220697,15.995631,3166.552,71.838045297682
88.024640,15.995237,1586.266,41.740664108867
88.164277,15.996315,4263.496,40.450090118012
88.215794,15.996176,699.042,97.494863417070
88.153920,15.996556,2053.628,36.930019079931
88.171222,15.996903,1136.120,44.067215818975
88.053326,15.997432,2883.503,40.853082467744
88.144781,15.996821,723.022,41.370359730153
88.042785,15.998872,18363.584,104.33100188372
88.217756,15.997109,1124.288,982.03549372662
88.064987,15.997172,1011.147,37.520042827944
88.165293,15.999487,21961.664,40.052572391033
88.186702,15.997498,1061.276,42.712594957374
88.096379,15.997573,769.689,45.619818960788
88.195764,15.997746,997.300,51.960102828671
88.080179,15.998553,1155.640,44.650884656627
88.214133,16.000295,11310.869,41.567595096505
88.225220,16.002862,117352.136,126.60754837285
88.029936,15.999281,924.457,60.933309845034
88.208714,15.999848,1986.113,35.251070733524
88.094765,16.000026,858.785,38.116389373745
88.050475,16.001063,3223.154,37.922974430866
88.142015,16.002168,9918.776,223.83052876143
88.026735,16.000886,2900.634,70.059346684005
88.122988,16.001554,3160.232,631.38445091847
88.043400,16.004496,28042.273,40.688735177425
88.208310,16.002852,4846.917,37.539630139240
88.182452,16.001958,666.476,379.16998087418
88.090595,16.002608,1001.899,46.512360129648
88.117162,16.002845,1330.794,44.077700668813
87.992771,16.005183,48187.063,47.659347902649
88.020825,16.004377,17334.873,36.468476613162
88.196136,16.006375,89165.443,124.28860598733
88.084054,16.003692,3616.446,85.539069537372
88.052135,16.003494,1354.373,33.903299825969
88.224540,16.006204,50313.853,271.53677001165
88.069062,16.003982,4817.340,37.393359383220
87.980773,16.004357,3333.846,208.74143671633
87.982548,16.003676,1444.614,38.416643905738
88.054046,16.004290,2375.254,209.79371848073
88.062633,16.007957,28034.879,42.796787298762
88.133248,16.005992,14319.866,36.378813713857
88.145818,16.004287,558.173,34.532334984570
87.981090,16.007549,56495.770,53.180731152559
88.004266,16.004727,1190.580,37.725348639774
88.216336,16.006804,24673.867,46.291617904786
88.168570,16.005354,1153.061,63.126296772112
88.060631,16.008974,49841.359,412.90461289938
88.034403,16.006919,3850.430,36.065166692298
88.107977,16.006091,897.297,37.056099142957
88.104648,16.005821,914.086,35.767372762195
88.198403,16.007306,3359.255,36.088062833584
88.037528,16.007183,2352.691,38.553748271787
88.065885,16.007930,6554.663,41.259036114794
88.024255,16.008727,11959.423,59.444212537291
88.187170,16.010605,61051.655,43.748301520543
88.176897,16.007135,765.498,43.439078997862
88.203717,16.007271,1494.349,41.242067597122
87.993664,16.008153,2170.333,37.446353356776
88.214794,16.008007,1522.563,45.193640532633
88.154777,16.008792,2306.389,47.150819192279
88.160462,16.008873,3332.225,61.544334105357
88.078392,16.009744,9057.416,33.984317826660
88.047399,16.009599,4006.775,37.497853938876
88.172239,16.009425,2802.962,70.739484837850
88.112196,16.009063,1113.884,38.942862383463
88.098851,16.009214,954.311,45.577028796564
88.075198,16.010575,2752.602,80.301094971198
88.118487,16.010705,3039.685,39.829698541882
88.045737,16.011625,9472.188,43.785888879962
88.209359,16.010843,986.681,79.372205826578
88.082672,16.010809,889.090,42.392915213907
88.154256,16.012716,11952.557,64.023441465072
87.997908,16.010777,889.742,37.162650149436
88.223385,16.011310,2094.202,40.586266475177
88.162701,16.012936,13271.324,50.670414650710
88.202498,16.010652,568.965,42.084432641588
87.991380,16.011654,1531.242,46.460460394320
88.024206,16.013427,13154.379,42.823187621148
88.210201,16.012507,2520.720,42.786675542742
88.143428,16.013804,10798.898,37.972005844394
87.978613,16.011903,809.023,""
88.110168,16.012840,1448.944,""
88.105521,16.014034,4595.224,""
88.057659,16.012751,1213.241,""
88.217981,16.013122,1868.320,""
88.012395,16.015315,nan,""
88.157536,16.013584,1363.540,""
88.034438,16.014115,1921.056,""
88.101652,16.014219,983.929,""
