#mjd: 58262.33689
#filter: V
#airmass: 1.343
#seeing: 1.399565955
#m5sigma: 21.1196
#exptime: 90.0
#night: ut180523
#ra dec flux fluxerror
322.998460,0.113442,8523.075,60.077059899503
323.119516,0.114554,7805.862,56.010209931986
323.065443,0.114116,2462.670,49.753123923509
323.101519,0.114933,8358.526,56.039225148895
323.096047,0.114593,809.996,44.961578005714
323.075387,0.115978,3565.029,48.266945063279
323.008950,0.115065,996.754,41.202891020000
323.028953,0.117161,1179.395,40.970833209199
323.104150,0.119466,30559.378,122.08730275018
323.031582,0.118916,8169.466,59.291279038736
323.063020,0.119069,1352.079,48.097271255008
322.993256,0.122077,9165.777,57.515532621994
323.061583,0.120557,798.777,45.802383410781
323.026337,0.120820,885.875,45.430138479981
323.166032,0.122153,882.177,46.683831758567
323.031044,0.122903,882.233,44.557411194501
323.060131,0.127774,132843.564,246.96396688157
323.121937,0.125565,10438.178,69.510897639817
323.167260,0.126297,22898.200,105.32482819954
322.998338,0.127819,922.894,46.545563987861
322.966546,0.128890,1271.053,49.721752772212
323.149251,0.129798,4313.129,55.200332131805
323.035686,0.135387,238469.856,430.55969907990
323.129816,0.130869,1890.824,52.056023247258
323.141557,0.131342,1208.673,47.329861640824
323.067888,0.133859,1308.519,47.288226112593
323.039730,0.134106,1550.432,46.682391765986
322.991730,0.137273,22070.713,84.748917244055
323.080316,0.136762,10763.738,69.914678633743
323.125450,0.135998,2771.361,50.377989691672
322.983166,0.136427,2874.075,55.528810536775
322.944438,0.136973,4255.739,45.921001025387
323.042089,0.136385,1689.656,45.968164083226
322.957168,0.139771,32592.571,114.10043442375
323.058507,0.139488,4729.214,53.638624650249
323.041236,0.140902,9497.817,63.392324791048
323.115319,0.140620,3611.772,54.274500686352
323.018688,0.140580,2438.733,50.012338502690
322.939420,0.141627,5085.980,52.029497719797
323.016408,0.141186,3156.539,54.183671291024
322.981400,0.141087,928.687,53.473239927528
323.128214,0.143129,1023.369,44.995896829265
322.986905,0.144053,1059.868,53.082812141230
323.126503,0.146657,5026.281,64.594863548033
323.051943,0.146967,5090.139,59.744772929932
323.174708,0.145887,738.226,53.124339725288
323.071485,0.148395,2380.489,50.026634094954
323.011313,0.151325,31505.222,208.25917889888
323.118969,0.149638,1377.981,52.760442334713
323.040036,0.151476,2360.505,46.955795116560
323.052861,0.152329,9432.665,65.232800357392
322.970377,0.152733,1909.118,50.721836449622
322.938197,0.158047,174472.467,479.67453582633
323.100052,0.154172,2462.426,52.170231868583
323.132725,0.154650,2509.207,55.092574822903
323.139876,0.154860,1089.220,50.978213060063
322.988571,0.155624,4334.004,51.459703903504
323.098534,0.156291,1456.359,53.122570740536
323.121357,0.157696,1996.873,54.412876086163
323.129166,0.157557,1546.246,50.911699936805
322.975865,0.157975,883.198,48.961575164690
323.078355,0.158662,1818.883,47.022118368088
322.976153,0.162182,132496.205,330.37724829727
323.014387,0.160490,6416.926,48.657495341701
323.026992,0.160181,3597.200,51.588904620235
322.993633,0.161242,14641.663,88.747929552131
323.122897,0.162705,17651.225,91.880382508418
322.953277,0.163407,11459.639,69.294602939911
323.116105,0.164348,7054.766,56.019704538459
323.025457,0.165403,22661.981,78.625541642423
323.010523,0.166312,5207.874,48.652755345491
323.106970,0.167475,2098.515,45.269763934682
323.177355,0.169051,6309.308,65.263617894468
323.163969,0.169772,5393.252,60.845443686216
323.160792,0.169439,4651.401,49.578632007160
323.030407,0.171570,3358.991,49.378558701327
323.124435,0.173349,911.192,48.401941302745
323.039097,0.173449,1257.819,45.724322186654
322.969884,0.178459,81412.977,198.08508454242
322.997684,0.177859,34806.865,105.78172852278
323.081285,0.179419,1088.820,43.169414621508
323.039883,0.179229,773.136,41.587727234754
323.029619,0.180473,1072.730,44.235297336410
322.971301,0.180496,703.018,48.309002036364
322.939886,0.184826,18323.460,93.854799596052
322.961605,0.187230,88715.403,222.48629468628
323.145920,0.184935,955.311,46.397905576973
323.041624,0.187118,3623.576,50.372378486021
323.102069,0.188858,13319.446,67.738033913792
322.987931,0.190241,48449.560,153.89109848166
322.947612,0.189381,7659.546,60.444228723550
323.053225,0.189464,4814.377,60.330669076374
323.029960,0.189280,2295.368,48.492521183096
323.013555,0.191118,25094.819,83.372216661832
323.027189,0.188819,804.623,48.358874682364
322.958378,0.190516,2482.186,48.325524489566
323.165198,0.190297,1180.802,46.149640900308
322.980579,0.193570,18691.070,77.003378910442
323.127075,0.193193,3328.144,56.305075076182
323.092575,0.195112,4459.297,54.248214964215
322.954920,0.197526,15851.941,75.833941087557
323.036243,0.201061,63654.786,201.17095394051
323.102792,0.199413,2070.198,53.587215657838
323.151145,0.199910,2554.725,52.035280014365
323.147870,0.201793,9309.527,66.138168377236
323.051640,0.201168,1006.367,49.650864526310
323.155940,0.202257,6995.078,63.756240714894
323.133777,0.204618,76698.041,351.86689128686
322.973593,0.203049,3526.536,53.125446868362
322.965046,0.202101,667.808,47.939258615437
323.136151,0.206330,1054.554,47.027785285474
323.029543,0.207993,10617.111,55.125709892537
323.116010,0.206879,964.410,49.709581297434
323.149125,0.208410,4446.646,47.001763245491
323.014059,0.208385,4371.009,50.310638165209
322.937244,0.207857,1425.424,50.574279660345
322.949852,0.208891,4479.625,56.963437163011
323.117896,0.209765,4391.551,57.899317078497
323.159154,0.211332,47308.390,221.83143899227
323.097108,0.210925,4171.030,52.853617523568
323.166813,0.211280,1337.350,51.914433237758
323.105730,0.211661,935.120,50.642624418178
323.114232,0.212479,1780.238,55.814048187603
323.138314,0.212870,989.799,48.732431373441
322.957822,0.213761,3028.423,45.769674687427
323.111980,0.213635,772.923,44.623979007953
323.006445,0.216124,9131.446,56.153834451014
323.004314,0.215909,6728.716,52.965863124224
323.033375,0.216323,5927.722,55.534914526841
323.026824,0.215973,1381.385,43.079171196176
323.021336,0.218245,2512.893,48.853284115900
322.987996,0.219098,6565.371,59.851067417465
323.177438,0.218092,575.170,51.678300036269
322.943404,0.219639,641.694,44.493258537805
322.966265,0.223802,60691.859,156.39608160401
323.035732,0.224643,93370.109,224.44061360226
323.141693,0.221856,7282.203,54.310853672872
322.991731,0.221322,1383.293,46.982988045798
323.068028,0.227561,261047.811,595.89752404039
323.093544,0.224724,26664.625,102.75824208081
323.005900,0.224067,2820.387,49.941056529903
323.097693,0.224191,1231.840,47.496876433087
323.167152,0.224899,1042.031,44.921244474870
323.104833,0.224996,1376.028,45.234578658434
322.939665,0.226383,6341.809,53.627345549251
323.021156,0.225732,3426.541,47.451415961846
323.157690,0.226651,1447.965,47.448709773768
323.171297,0.227271,3537.188,55.656688943683
323.170276,0.244412,nan,41.773841429889
323.135264,0.228064,1029.165,46.662447826675
323.098734,0.229173,1825.056,58.203924124780
323.170774,0.230257,4410.713,48.083012407789
323.014969,0.230663,2983.967,46.621210594845
322.955458,0.229878,888.894,51.623703117104
322.968103,0.230444,1963.801,54.254180900577
322.977127,0.231975,9219.314,54.493802675121
323.160800,0.231747,5163.708,45.904863768476
323.107408,0.232733,1054.415,510.00962112830
323.015209,0.238488,263529.711,170.05438710942
323.018302,0.236437,76095.472,63.377512019598
323.148286,0.234824,8340.083,55.942533199275
323.021853,0.235758,11602.524,103.32555105667
323.118547,0.237081,28532.930,85.190879544151
323.163386,0.237594,10683.914,44.077870894595
323.108671,0.237461,874.055,111.42139067293
322.952615,0.240840,33262.761,166.04384203233
322.972214,0.241885,73557.072,42.386961794603
323.157290,0.239134,1118.536,57.564880622781
323.072639,0.240118,8258.617,55.391509981929
323.016994,0.240310,7113.960,61.538487512764
322.960998,0.241196,9820.976,46.853268233166
323.077122,0.240327,2133.930,44.696343967607
323.154658,0.240630,1144.315,45.247951001489
323.020050,0.241580,2442.047,49.241159155893
323.153631,0.242681,3804.055,61.933244130560
322.946543,0.244174,7752.674,48.303400833818
323.044289,0.243483,792.230,48.581264054481
323.138735,0.244345,3949.470,57.078497622636
323.118289,0.245902,4426.484,48.297120334639
323.135469,0.247231,1869.676,109.65732079489
323.101144,0.249098,24122.122,65.688795060582
323.000634,0.249996,10277.783,46.949765472311
322.951353,0.250519,1105.641,90.454796880466
323.108443,0.253620,12917.690,67.485140973948
322.996938,0.252639,6878.767,51.822837031206
323.129532,0.252792,3210.791,64.680754865043
323.002008,0.253526,5371.346,45.053885554887
323.091507,0.252377,844.063,244.32413033743
323.139542,0.255413,45666.825,53.328591541897
322.989712,0.253765,1402.604,51.469392706076
323.042495,0.254412,2263.244,59.084818152399
323.007976,0.255623,6807.351,53.615584361496
323.011125,0.255605,5344.064,48.015041718825
323.089855,0.257519,2349.296,52.350165057512
323.139859,0.258084,1408.014,56.927821489467
323.059575,0.259232,3258.170,47.639456894936
322.988702,0.260378,1053.522,99.753944143288
323.039499,0.262291,30345.695,75.182941777597
323.161886,0.263402,9179.975,114.25086517824
323.077056,0.264273,30605.560,47.654540419165
323.092476,0.262649,1554.142,42.911864885409
322.963305,0.263679,1626.123,104.70749285169
323.130170,0.265016,16979.155,54.842563177698
323.104506,0.264999,2475.841,161.38172576682
322.942862,0.268404,55897.953,425.13889892823
323.051992,0.270738,172843.844,45.026154679343
323.083246,0.266809,1000.654,60.705879259201
323.162769,0.269677,3937.934,48.903912413572
323.004498,0.268721,630.400,53.230569951588
323.039378,0.269714,2477.413,284.81376437123
323.058372,0.273887,94711.940,86.968857527449
323.094092,0.271993,13457.405,46.198905296737
323.027847,0.271206,2606.371,128.88120204235
323.120891,0.272812,17784.830,45.750198895581
323.078236,0.272164,4357.833,44.886056900771
322.970019,0.273649,1562.376,52.085802560371
322.990474,0.273625,978.039,61.217744867608
322.958007,0.276624,13815.085,51.023902190213
322.994570,0.275758,1592.776,50.075503270482
323.049102,0.276081,2528.125,285.28677065599
323.139784,0.279355,61120.383,48.390259582726
322.977817,0.277842,954.508,49.431198074644
322.938626,0.279061,1541.244,51.641692047438
322.975066,0.280377,1775.678,48.749888560638
322.939174,0.282112,940.654,69.683845026936
323.058236,0.283955,13951.355,56.921265653123
322.937846,0.284087,5742.041,50.802486539147
323.036926,0.285359,8022.498,46.534167736727
323.060171,0.284171,1871.180,61.395088578974
323.165882,0.287413,6616.430,426.55587409426
323.043942,0.290920,166473.029,130.67842283421
322.935365,0.289493,31338.946,41.593762582309
323.040417,0.288751,1243.325,56.956378353344
322.996614,0.289511,1708.021,47.153416548435
323.146839,0.293237,851.837,48.546258443434
323.018310,0.295216,2206.215,47.112736059079
322.973643,0.295057,944.765,93.397107380249
323.173062,0.298636,16468.491,50.635888511078
323.097495,0.296616,887.948,70.603805048855
323.101948,0.299853,6902.558,52.428384657587
323.051861,0.300428,2837.154,70.537666889330
323.054215,0.301945,10981.825,45.846730881838
323.010523,0.301390,1361.596,155.01277084791
323.104315,0.304297,25286.799,64.775623213287
323.000141,0.303645,6520.186,167.24053371634
322.977229,0.307312,84702.193,48.649556736822
323.064730,0.306330,1702.765,56.269222589075
323.049887,0.308230,2642.835,59.283554003257
323.115070,0.308720,5260.319,43.837168451027
322.950607,0.309593,887.620,50.406599629826
323.007752,0.310036,2402.106,58.974701192879
323.160552,0.310766,3615.703,58.313665755735
323.150727,0.310540,2491.705,57.431538751809
323.034005,0.311200,6174.202,63.084038743847
323.092809,0.313338,6576.003,46.507484890614
322.978201,0.313478,1057.555,72.228032654296
322.963292,0.316305,18072.594,48.908588061594
323.173508,0.315117,962.493,49.866249369199
323.004580,0.316052,1490.136,48.967507065776
323.169751,0.315846,1002.431,56.893903870617
323.117196,0.316944,3221.164,59.265550346741
323.007625,0.319674,8090.340,53.338323388135
323.132549,0.319444,4467.604,75.412847975208
322.936259,0.320509,11796.856,48.544065864544
322.988052,0.319093,920.193,52.478234054054
323.081807,0.322234,4191.827,69.877497601652
323.172130,0.323810,9262.160,327.93273343277
323.108557,0.325361,63987.305,49.956589403584
322.966875,0.323549,800.902,52.943780051881
323.041734,0.324450,3913.523,54.366129673716
323.147360,0.324513,1223.331,349.09403884480
323.025511,0.325747,4562.901,57.226152408243
323.074587,0.328879,11081.071,73.449151642223
323.160164,0.328977,12847.647,333.09891789767
323.085491,0.332257,78529.857,434.09582506875
323.145310,0.332304,97784.065,54.785352830815
323.011262,0.334872,9013.644,75.865642573594
322.986209,0.337903,15990.361,67.622631844923
323.104147,0.338868,6921.843,54.441317022369
323.164177,0.339149,2141.219,84.731081408722
322.961750,0.341783,18255.991,46.230539366748
323.005150,0.340430,727.002,46.323691363750
323.110844,0.340614,1382.361,45.827471858334
323.106330,0.341611,1467.774,45.163506161853
323.125716,0.341585,1625.766,69.977930022895
322.979044,0.343930,12448.333,48.193209811421
323.046709,0.342508,1799.934,44.712324466933
323.165340,0.342781,1510.838,122.82640415030
323.073750,0.346458,34234.113,53.803405462234
323.164303,0.345470,3041.721,117.67936187497
323.083924,0.347000,26073.970,56.297414693346
323.126980,0.346525,6779.733,53.518703648089
323.080897,0.347043,5748.105,47.428054775013
323.001956,0.347450,1204.979,47.859895432649
323.019292,0.348717,709.948,57.512726744758
323.056937,0.350749,5944.510,50.714662964711
322.989219,0.353073,2331.628,50.738125344905
322.964913,0.353758,1376.155,""
