#mjd: 58496.22512
#filter: V
#airmass: 1.792
#seeing: 1.93850964
#m5sigma: 20.6675
#exptime: 30.0
#night: ut190112
#ra dec flux fluxerror
88.078738,15.766895,6633.810,63.964121476264
88.197503,15.768269,24117.213,123.74727559058
88.228634,15.766666,733.383,50.527268865293
88.226850,15.768511,1192.579,50.524752271998
88.013273,15.768420,32513.655,101.24608426118
88.011025,15.770355,7703.195,101.25305153759
88.099371,15.767471,2990.624,60.185831574513
88.159375,15.767530,2665.653,52.767076036595
88.168439,15.768901,11137.759,73.166025665951
88.047513,15.767624,1919.856,53.323065791316
88.038275,15.768906,9810.647,78.017855506571
88.105349,15.768036,2355.228,57.525825887767
88.106972,15.770113,6299.121,57.525135697615
88.151792,15.767691,842.003,49.698351550609
88.120175,15.768341,1649.514,49.098295321426
88.234708,15.768710,1554.396,59.746746641764
88.235620,15.771348,9910.734,59.748149992556
88.149404,15.771481,12987.549,66.190864505527
88.085917,15.769697,2212.880,48.545201488600
88.049906,15.770613,2390.104,55.057297521329
88.051073,15.772740,2126.450,55.044200814647
88.068661,15.769504,1137.902,54.688630055077
88.249796,15.769681,1096.131,46.670053836799
88.036864,15.774821,96746.823,458.62212141368
88.199485,15.770998,2017.247,50.846263052535
88.224606,15.770729,1775.232,48.943420472236
88.072881,15.773330,27311.222,143.40538142235
88.182685,15.770776,1093.843,45.702786046886
88.022769,15.770061,708.035,48.822050313466
88.168314,15.772734,14836.746,69.900924036093
88.170198,15.774723,1429.023,69.914651982686
88.013764,15.771850,3877.552,57.170928879293
88.035839,15.771561,1847.676,54.625458708690
88.138645,15.771313,997.248,52.905690446710
88.054782,15.771237,861.848,50.140016340243
88.008053,15.772840,11972.177,80.614225468137
88.113864,15.771729,768.890,45.518341312220
88.146144,15.773985,10012.152,62.593079873129
88.203847,15.772799,2120.085,46.763487384857
88.232394,15.772737,2050.108,53.958793967201
88.043594,15.772529,938.718,50.643843597833
88.125479,15.772365,743.061,45.060031231515
88.206909,15.773674,3150.439,55.523204399135
88.083367,15.773131,1529.968,48.560853389830
88.049054,15.776485,32879.820,121.94108958351
88.050974,15.777962,1618.709,121.89025925295
88.260234,15.779264,18597.889,126.75732120557
88.066708,15.773992,828.143,48.010136456859
88.188051,15.773840,745.185,50.278358189349
88.216944,15.776708,16213.280,106.81728722300
88.045747,15.776657,9121.590,71.810510847245
88.206207,15.776855,11293.099,79.953353046593
88.118428,15.774989,1019.362,46.109107669888
88.167446,15.776445,2987.384,53.135448871299
88.227841,15.776877,4254.536,58.484649535689
88.020108,15.778298,30964.829,156.75953012277
88.157504,15.777350,3289.320,53.213650256262
88.241289,15.778365,6150.101,65.544643942840
88.142027,15.777689,2736.095,49.675819227440
88.054090,15.778374,3735.034,51.845070639939
88.056324,15.777924,912.920,51.847726924565
88.102796,15.778105,1690.803,51.507152741228
88.014041,15.777422,1067.965,50.007021894633
88.164360,15.781916,82503.471,199.57471795138
88.166606,15.783893,1048.154,199.60306922970
88.150067,15.779012,2402.987,49.351761264673
88.012007,15.780149,9263.717,80.862691537264
88.203982,15.779881,1310.742,51.541917307917
88.222262,15.783962,120979.131,524.61229228486
88.255865,15.780702,1819.091,53.264476236369
88.233683,15.781197,4812.021,60.045213455670
88.068497,15.784241,75386.704,304.02386557668
88.227705,15.781220,1397.812,55.653493376813
88.147699,15.782046,3994.678,56.350820001627
88.200557,15.782031,4518.379,61.926119177298
88.155119,15.782092,1971.980,51.362628042077
88.124621,15.780998,854.901,47.068529548216
88.139698,15.781950,1094.627,51.361346813532
88.012870,15.785834,101594.462,430.51930426967
88.122683,15.784411,15046.702,93.360789580316
88.179702,15.785204,9961.268,58.104154264996
88.179801,15.787545,910.482,58.102658851124
88.186547,15.783125,1043.176,53.971830981517
88.071556,15.785760,5845.507,66.326954033137
88.074544,15.785914,886.883,66.331386164440
88.104749,15.785717,10995.818,72.689786778624
88.017979,15.787118,56912.966,249.96591500132
88.194274,15.784251,1155.880,51.861076023740
88.162707,15.786572,15662.880,78.642445905763
88.165623,15.787224,1804.780,78.623414402141
88.065398,15.785080,2296.599,51.794342212861
88.145292,15.786997,25864.138,118.04869315155
88.135223,15.785351,2364.003,59.849259391363
88.201600,15.785686,2684.822,59.250123579486
88.128493,15.786678,6240.518,70.037307876091
88.171217,15.785595,1259.515,52.603606844817
88.113015,15.787621,14376.267,70.739374289346
88.115623,15.788519,1355.588,70.759962566018
88.057755,15.787286,6315.516,60.671684358830
88.089564,15.786417,3387.302,59.234338648474
88.192965,15.788395,21806.647,84.164087178914
88.191117,15.787650,3497.478,84.154736389787
88.141183,15.790737,122335.198,365.65786005137
88.050567,15.786611,900.589,47.259958450503
88.048471,15.787167,862.903,47.255467277378
88.221218,15.789112,9054.463,68.576490928411
88.080209,15.787752,995.826,54.074400396221
88.021119,15.789497,10191.736,69.891413158151
88.196252,15.787846,1192.960,55.433237536284
88.133892,15.789445,8851.902,57.168926872025
88.260437,15.788603,1674.908,54.900941953587
88.130621,15.795252,40089.484,142.08887174431
88.010074,15.788307,1366.379,46.072750205067
88.150029,15.789562,3125.961,54.484177561428
88.147359,15.790346,4542.858,54.474414403744
88.230106,15.790344,3447.337,57.338994787126
88.096410,15.790202,1722.067,81.954734210814
88.247379,15.789955,1752.577,49.642702008948
88.249646,15.790521,1184.607,49.640539240869
88.123598,15.792316,20154.792,112.18666938748
88.218739,15.793523,26875.453,140.83469519446
88.019133,15.792511,5113.477,60.277129050857
88.161614,15.792244,4198.855,57.096718441511
88.059527,15.792494,3413.115,56.608352345140
88.082159,15.792507,2514.612,58.537172291603
88.258818,15.792050,2178.581,54.468469713443
88.192565,15.796116,59458.521,166.60393890574
88.188894,15.794626,19919.258,86.804128307249
88.114479,15.793803,1767.452,53.971550611575
88.172673,15.793987,3147.603,51.596768627278
88.118498,15.795075,7262.010,58.580050499127
88.224561,15.794589,2532.759,56.129679536571
88.175285,15.795713,10704.278,67.600388979141
88.245853,15.794273,1070.245,48.437187402864
88.083246,15.796834,25420.255,71.724163902618
88.081862,15.795504,1683.436,71.725569094937
88.041443,15.794974,978.454,52.927747462283
88.041423,15.797040,912.540,52.906582912577
88.252951,15.797374,11071.114,86.659891054313
88.169200,15.797122,4016.412,56.261395134329
88.249153,15.797159,2869.794,54.356145927471
88.237537,15.796617,846.968,48.653697235962
88.146457,15.796422,831.821,45.178928617194
88.151659,15.799289,26346.567,69.156766541400
88.151640,15.797415,2658.839,69.159139688393
88.189520,15.798330,7449.071,59.289020226447
88.206365,15.798442,7022.199,52.508141635388
88.120863,15.798398,8773.995,52.417513383849
88.126077,15.798080,2267.347,52.453130852907
88.123794,15.798447,1919.808,52.433450463020
88.071707,15.798075,3908.923,55.408967200997
88.159747,15.797435,1628.627,46.032330967839
88.160125,15.800215,1312.276,46.034070351401
88.129951,15.799750,16820.018,85.464072052796
88.096908,15.800629,20919.289,88.157490141951
88.043910,15.800816,16353.494,82.676430207230
88.241395,15.799535,1630.728,51.307886140909
88.238884,15.802917,9899.094,51.296235259657
88.243418,15.801392,1091.999,51.302801028697
88.241123,15.802306,2138.735,51.302948416711
88.090147,15.800047,1205.534,45.171840596549
88.102164,15.802690,23142.687,210.48231912056
88.103077,15.805308,117543.976,210.45424708007
88.030532,15.800450,777.573,51.146169669521
88.171500,15.802976,11733.283,76.057615069411
88.040207,15.803055,11256.186,74.232838095745
88.109282,15.800952,743.978,46.669688566119
88.024910,15.805874,126508.812,486.32141163316
88.207782,15.802320,2230.622,55.810864199053
88.249625,15.803486,6904.859,64.904149883506
88.187101,15.806440,81758.141,134.31523297675
88.190426,15.803577,1276.507,134.35764893475
88.190015,15.806201,1726.592,134.32248781744
88.136658,15.804826,22266.603,91.240515846314
88.226061,15.803940,11394.995,78.998889184968
88.031230,15.803682,5989.560,55.649672489692
88.033555,15.804727,2914.987,55.634086790440
88.167362,15.803443,2820.177,58.026565566316
88.165106,15.804581,4940.385,58.031390854542
88.167138,15.805937,1618.793,58.018750700330
88.177150,15.805891,39941.563,151.75302979516
88.087902,15.804694,1846.886,46.765503080437
88.252710,15.809655,177250.337,673.71168300122
88.129646,15.808191,68463.800,214.81693347275
88.208212,15.806756,9969.633,67.888600289061
88.143429,15.806857,3519.521,57.340870610287
88.160936,15.809858,29074.773,118.42869082793
88.062659,15.806168,1292.396,47.956740217384
88.099978,15.807220,4880.802,84.150678624408
88.097864,15.808521,27873.773,84.112301804401
88.008100,15.808795,33010.093,154.14731244221
88.016466,15.808850,13013.796,76.742253889353
88.242830,15.807427,3286.304,52.688382816632
88.157606,15.808171,5114.517,57.488754962564
88.155809,15.810077,2288.622,57.479817553539
88.171742,15.807695,2211.059,53.443380872621
88.238777,15.807121,1163.592,53.792905086043
88.235901,15.807882,926.283,53.770960694727
88.067401,15.808498,4077.278,53.993034854438
88.102166,15.810093,15116.445,66.619275177830
88.102345,15.812790,3085.135,66.601558767356
88.193521,15.808662,2141.834,59.436776375472
88.122836,15.808126,941.027,83.749562669285
88.121825,15.810715,23118.374,83.737779051897
88.107422,15.809652,2511.192,57.250116581326
88.217586,15.809171,907.150,51.747498154699
88.226309,15.809325,1434.669,56.938669937114
88.038280,15.810315,2447.347,52.093665110382
88.037552,15.812298,1886.713,52.087227675536
88.206877,15.810734,2968.327,55.720427477838
88.142766,15.813496,47327.232,160.38858042116
88.231041,15.810747,1044.965,54.096020501627
88.087216,15.811540,2892.983,56.550282199955
88.010956,15.813430,29991.575,154.35466850958
88.195012,15.811563,1312.021,52.340560275138
88.024442,15.813037,18036.479,104.85921447176
88.212859,15.812233,4492.367,59.527297484034
88.198718,15.811913,1719.405,54.453730365192
88.176645,15.812015,1388.696,74.082515194379
88.175270,15.814568,24918.426,74.092561632427
88.162360,15.814359,24512.020,104.59027005450
88.180617,15.814193,15772.252,84.513217338121
88.218258,15.812666,1529.906,50.519283524913
88.046328,15.817246,161808.111,350.69209662144
88.209763,15.812635,1327.237,47.669998148207
88.097218,15.812429,1071.484,59.434909109822
88.166147,15.814645,18982.541,76.902832194916
88.168021,15.814218,1807.971,76.911416497517
88.146147,15.813432,2879.741,55.512931659264
88.050802,15.814702,18042.258,95.713059133940
88.171800,15.814799,11425.973,74.095937599402
88.170801,15.816556,6221.106,74.100845139481
88.079911,15.816974,69509.828,121.18518209872
88.077245,15.816406,2413.972,121.14716040489
88.104935,15.816473,31930.635,108.15163521180
88.229977,15.815450,4232.455,62.464737165579
88.261269,15.815078,nan,57.942289193164
88.040530,15.815579,2729.308,56.635675150143
88.204983,15.815656,3727.279,52.255573967857
88.153190,15.816037,3354.126,52.216735241931
88.065170,15.815081,1162.093,58.432662344438
88.088563,15.816115,3027.114,49.634895911218
88.222587,15.815736,1238.098,141.66831749174
88.160958,15.818540,41173.512,56.293722612606
88.157300,15.817274,9127.524,56.291072058196
88.156271,15.819107,936.105,49.430319296994
88.238041,15.816817,1303.090,52.370621052027
88.138083,15.816768,860.567,67.317498390202
88.074276,15.818049,7196.383,85.244782158006
88.183058,15.819441,20109.064,43.523460560559
88.245892,15.817468,1582.570,73.669025132557
88.070736,15.819430,9866.216,45.824782606943
88.189042,15.819063,3313.991,56.762418267368
88.050755,15.819475,6335.910,56.754871306461
88.051055,15.822165,1688.209,136.65425151973
88.245574,15.821039,42547.196,123.96666159038
88.073036,15.821927,68273.235,123.97548163336
88.075164,15.823018,923.602,53.409387592898
88.094354,15.819757,3155.103,82.711108183773
88.010348,15.821118,11041.255,50.332232993265
88.228695,15.819965,1444.468,50.334608793851
88.226983,15.820796,929.423,52.046887626817
88.103255,15.820277,2140.409,44.460027730485
88.213005,15.819798,954.735,54.487997247637
88.123759,15.821572,6630.404,60.691992960703
88.110765,15.821581,7518.762,51.015406172877
88.198113,15.821756,1755.824,48.081820414787
88.084202,15.821218,1237.431,48.082653219310
88.085324,15.823336,2186.591,47.532576531614
88.214249,15.822609,3030.572,72.717457567034
88.034830,15.822717,5513.309,59.189683334298
88.248080,15.824049,14596.696,59.191939312861
88.250097,15.824915,2662.139,59.192208540017
88.249430,15.827250,2698.899,69.914409636396
88.229223,15.824439,10722.692,50.788433123802
88.242408,15.822935,823.219,50.788816797994
88.241424,15.824603,2937.956,50.682648996447
88.235400,15.823797,1234.528,48.263856726297
88.098857,15.824251,1103.731,59.269002551016
88.039172,15.825804,3609.631,51.758882867333
88.131131,15.826005,2521.609,50.733819770360
88.104399,15.824127,604.833,50.982652240019
88.063859,15.826176,2961.696,62.013595350146
88.089250,15.827718,7809.435,57.720185891968
88.108990,15.827856,4323.662,84.654458298657
88.181721,15.829315,33472.531,84.636931035820
88.183329,15.830477,3206.974,94.230192175279
88.217010,15.831670,19287.622,94.193120129407
88.216531,15.834411,3463.703,50.932939568396
88.050164,15.828006,3215.486,46.015038162619
88.218117,15.828081,2079.353,70.615702872884
88.068590,15.830261,22437.437,70.600524254717
88.068778,15.828385,2047.036,72.894077031305
88.187452,15.829920,16218.396,54.554413397220
88.103420,15.828950,4267.626,52.810377846245
88.134743,15.827555,790.804,52.816201379815
88.134336,15.830028,2725.209,74.445754656935
88.036176,15.831360,7602.282,51.250600188778
88.210964,15.828212,856.157,117.94614032364
88.254109,15.831413,22681.377,76.237936600357
88.174854,15.829316,2918.577,76.227351770195
88.175084,15.832192,18225.303,52.816991323457
88.039944,15.829515,2002.296,57.589160692225
88.178191,15.830300,6186.497,57.578701060985
88.179499,15.832894,1766.548,57.579197017548
88.181120,15.834588,1620.472,62.354766081688
88.166293,15.831135,5941.620,53.336261866264
88.257856,15.830631,1091.608,65.610059235164
88.201566,15.832559,13423.596,65.622123247464
88.200686,15.834554,925.874,53.947295880902
88.138937,15.830814,926.374,52.502284883679
88.198508,15.832033,1820.750,52.752292903336
88.161497,15.833164,1374.109,48.923308647099
88.057143,15.833520,2074.116,120.59599996509
88.105681,15.836072,39270.038,47.389400124723
88.184843,15.833047,861.030,61.855971662881
88.168861,15.834123,2754.939,48.429198499061
88.007263,15.833333,819.591,51.176960828435
88.247668,15.833905,1154.539,65.406336135111
88.023391,15.835214,9864.419,49.258328362497
88.061989,15.833759,1005.943,69.269912376216
88.036329,15.835312,7251.769,68.645130814674
88.223779,15.836445,9649.905,62.964000399439
88.238776,15.835775,6013.457,65.973675529155
88.256871,15.835997,6374.213,54.259260301521
88.071246,15.835162,1868.991,93.454345702621
88.195050,15.838193,53908.612,93.457904698436
88.197223,15.838886,2016.331,93.447203826835
88.192884,15.838949,997.968,68.730216163811
88.210777,15.836907,11066.574,55.415255889077
88.148505,15.835205,799.996,77.503568482375
88.101275,15.837430,11069.069,116.35311369335
88.012131,15.838195,20750.918,149.48001759901
88.079488,15.839591,65191.038,51.258688099299
88.049230,15.836695,1313.429,64.862946565223
88.260646,15.838661,4488.369,104.03309992739
88.046166,15.839753,21219.620,111.69713344928
88.075331,15.841192,41709.712,111.75628860418
88.076567,15.842571,5371.626,51.353740324085
88.228397,15.838822,1947.704,55.432255264103
88.136936,15.838196,871.275,45.996864344746
88.216049,15.839115,2230.561,52.812028942598
88.189627,15.839882,2440.349,48.719336182542
88.065843,15.838979,1120.328,61.351044569068
88.203346,15.840238,6179.230,195.15971721346
88.122460,15.843336,113112.469,195.11281809218
88.123544,15.841205,1401.323,48.524251270970
88.016987,15.839051,878.878,48.519192602440
88.018314,15.841136,1113.327,55.357196842047
88.039989,15.840023,1535.139,61.183066741836
88.059430,15.842229,7846.408,61.175052843474
88.057693,15.841309,4922.445,44.047594470746
88.245901,15.839693,841.367,59.769240408907
88.013900,15.841255,3193.526,53.770980347734
88.165599,15.841084,3094.235,47.547850192128
88.185391,15.841100,2490.800,55.248649084545
88.169927,15.840890,2087.284,57.637039182190
88.109476,15.840858,2104.793,48.917464971021
88.151905,15.840982,1646.524,65.959782714426
88.024796,15.842577,10700.663,117.99110159858
88.068087,15.843818,36129.395,49.722048372549
88.052937,15.841758,2952.925,184.25439316964
88.036131,15.844364,44961.146,51.928234106066
88.210997,15.842010,1967.765,51.913557008540
88.208447,15.842939,712.808,62.833677064499
88.143393,15.843010,6578.876,51.211088449216
88.218660,15.842395,1708.489,86.026539467601
88.132820,15.844055,15671.080,53.611103109303
88.234897,15.843266,4534.647,51.306014557552
88.240935,15.843085,2620.287,59.032104995438
88.181196,15.844140,7130.958,57.056228011644
88.119170,15.843621,3546.530,48.158422434068
88.157812,15.843079,1062.002,82.687008198888
88.051074,15.845250,13723.273,48.170627299591
88.258293,15.843900,2112.861,65.404098186814
88.104171,15.845814,9765.339,82.811462045010
88.169901,15.846706,10739.744,59.042124889323
88.047156,15.846541,5232.977,52.507736734274
88.093157,15.845925,1914.011,52.593364287006
88.080059,15.846319,3183.588,57.630153429892
88.147053,15.846653,1036.939,57.632496920356
88.144448,15.847029,3558.576,57.650056055307
88.147902,15.848657,11038.476,57.655737960577
88.148827,15.850543,1681.160,103.04481200139
88.132006,15.848852,28085.855,49.387253457770
88.053959,15.847459,3323.501,45.760571262677
88.216792,15.846548,714.632,43.091494767638
88.185587,15.847194,919.050,429.08476681961
88.129957,15.852063,185612.752,47.014818039881
88.118331,15.846485,817.737,72.722839931546
88.012443,15.848927,9979.109,53.381160812111
88.158895,15.848713,5132.589,58.150053735096
88.246220,15.849216,9012.690,57.522238353773
88.152054,15.848947,4821.508,106.13408476099
88.027502,15.850999,24715.259,76.823823826800
88.257059,15.850775,14439.926,51.408244601732
88.219324,15.850069,3396.519,292.78146144153
88.225742,15.853766,99861.070,55.272728767859
88.098095,15.850238,4592.591,53.823215079192
88.199567,15.850292,2464.142,58.020215591908
88.250388,15.851285,9170.748,46.775077220862
88.184955,15.850091,2215.999,53.039901408257
88.174233,15.851293,5085.654,48.702179294218
88.212692,15.850540,889.760,48.714882977181
88.212854,15.852652,1526.579,51.868050777737
88.086075,15.850865,696.692,128.59896988103
88.071765,15.855373,52636.921,54.610803334736
88.147131,15.853107,4601.666,54.608021462130
88.144810,15.853328,1167.404,50.140915465703
88.157231,15.852073,899.222,56.188837068253
88.017602,15.853112,5289.310,56.145510821415
88.183316,15.853547,5923.558,82.162345410290
88.086343,15.854562,14091.376,51.103823421729
88.162981,15.853805,2093.339,55.746774128307
88.014519,15.854186,3414.311,53.566367017106
88.045787,15.853943,2409.088,66.779627048229
88.179106,15.854152,2506.225,66.810139070658
88.175692,15.856052,14662.272,66.797833064118
88.177769,15.856574,13033.352,66.817612359592
88.177658,15.859031,1884.301,62.209414208752
88.136084,15.854935,2205.237,57.927012904274
88.207550,15.855693,5014.448,51.873865717962
88.253169,15.855116,1660.698,58.766757895944
88.096658,15.856256,7872.926,50.346239514290
88.124832,15.855640,2961.863,50.357743873253
88.127673,15.855739,2378.500,56.203973292988
88.256582,15.856584,6154.027,56.218859416183
88.255386,15.858823,679.341,125.11743770801
88.196389,15.860451,54037.837,125.09989536157
88.199363,15.860015,951.903,97.468871279725
88.166493,15.857425,25549.162,48.220498426557
88.042564,15.855014,873.439,54.561079684667
88.075553,15.855484,836.042,64.433072456717
88.100745,15.856774,5141.392,61.467551599453
88.026281,15.857119,6256.446,104.42274135028
88.034417,15.859392,37047.372,104.47794958701
88.032113,15.859371,16215.217,104.55704913616
88.030480,15.860830,8532.851,111.33582589665
88.080517,15.858968,29429.158,156.60573110188
88.040942,15.859767,40124.464,80.304186541337
88.108428,15.859350,22757.366,80.234760907382
88.106203,15.857739,1049.045,51.245302713174
88.037614,15.857732,1833.605,49.369784390614
88.230520,15.857934,942.662,48.885966421065
88.009873,15.858289,1356.779,71.980913630845
88.232097,15.860645,7981.026,148.96800383318
88.151732,15.862241,61101.699,59.194047290979
88.139161,15.859980,2585.220,59.201665228282
88.141088,15.861059,5264.382,59.202690351388
88.136694,15.861560,1165.835,68.972269745405
88.099362,15.861313,7948.522,54.598303230381
88.122666,15.860250,1888.677,51.388970607129
88.048122,15.859735,830.449,63.151629147408
88.126921,15.861417,6276.598,59.687745151623
88.217602,15.861311,1740.407,59.703514812076
88.220418,15.861632,6545.844,255.09756349481
88.252562,15.865075,65410.477,56.140619654215
88.257832,15.862156,1022.261,75.921637547982
88.050397,15.863658,7943.408,57.720662965197
88.239101,15.863255,1635.464,122.04042755278
88.179517,15.866308,46140.009,65.958444852719
88.082289,15.864214,5318.256,67.987095000613
88.031970,15.864240,5879.990,53.449250402263
88.198118,15.865235,3611.913,56.954984933937
88.230257,15.865312,3632.899,54.929304734373
88.013932,15.865073,1881.528,76.570648093097
88.248341,15.866703,10417.140,50.631446671591
88.126408,15.865108,953.406,61.804818872096
88.018764,15.866585,4808.767,97.517148517629
88.244902,15.868143,21430.274,53.433611925846
88.175933,15.867658,6622.664,53.442401412583
88.174040,15.868647,1476.850,58.740719448217
88.105614,15.866610,965.758,58.541337374603
88.163014,15.867764,5389.095,58.527272348743
88.165948,15.867484,3057.520,88.135256463647
88.029585,15.869223,14816.329,75.336410368411
88.133765,15.869440,11149.731,278.66213089870
88.198082,15.871692,111888.716,62.429178423679
88.141714,15.870547,6803.065,58.802648420223
88.146812,15.870268,4113.216,54.117495350637
88.117004,15.870134,3203.599,91.311967315779
88.229103,15.871721,20213.972,224.52418021648
88.063857,15.873735,81237.909,224.79897177308
88.062747,15.875674,1120.746,47.823688199120
88.258532,15.870371,1594.034,56.967053435990
88.224009,15.871388,3698.355,45.995036374611
88.238779,15.870460,1244.513,92.859736711342
88.232942,15.872785,18875.203,150.49787991844
88.029564,15.874733,56081.502,150.42856519670
88.027378,15.873143,2062.967,52.600811780050
88.149585,15.871633,4145.068,372.68530851061
88.220532,15.874980,114910.736,43.004223716538
88.160676,15.870552,819.105,52.387613325243
88.080489,15.870572,963.036,53.530471317878
88.034331,15.871779,1969.736,56.137672051820
88.125963,15.873245,5837.256,58.907620002091
88.205337,15.873775,3242.462,46.818760493322
88.208258,15.872825,1079.359,53.083159907199
88.166555,15.873810,2106.714,104.16421516589
88.078677,15.876810,28517.554,51.786159929474
88.214082,15.874842,2724.105,69.431639700821
88.156528,15.876396,10994.349,66.684577410484
88.104864,15.876667,11134.976,44.491136073293
88.182807,15.875263,1197.363,47.177844120364
88.217058,15.875760,1388.340,79.729042734048
88.212777,15.881111,13494.768,79.743340292931
88.211002,15.882698,1496.793,53.399164447769
88.006802,15.875323,410.453,52.844806032011
88.119916,15.877647,2632.042,162.11321148206
88.084322,15.879930,36673.895,57.485962100055
88.137300,15.879441,3673.050,57.501390068189
88.135073,15.880409,3977.353,70.296283831128
88.092555,15.878556,830.806,53.330270273247
88.245346,15.879590,3145.242,53.326371078652
88.243408,15.880300,764.992,59.319091423308
88.034341,15.880439,5357.547,106.46624188924
88.111660,15.882218,27367.864,54.183134591375
88.124247,15.880186,2417.137,54.227241326978
88.123791,15.882858,4114.396,54.258476399977
88.122948,15.884747,2592.198,64.946174794858
88.079353,15.881185,5935.904,53.916748365904
88.057654,15.880579,3447.165,54.283961306964
88.194116,15.880587,2153.757,53.261895806756
88.230026,15.881426,1537.483,59.806321434512
88.019533,15.882223,8234.060,78.061899805133
88.183397,15.882578,15770.644,55.300157033464
88.042232,15.881384,1465.798,49.420478460023
88.128798,15.882044,1046.112,174.40843090011
88.046209,15.885565,76844.308,174.73559167773
88.046149,15.888481,1188.228,59.209835259776
88.102354,15.883877,3570.676,51.163808587577
88.016530,15.883453,1994.390,117.95912524513
88.231882,15.885947,22273.413,62.910451135225
88.174095,15.885488,11071.741,62.913724411845
88.171936,15.885590,6721.795,62.926487826660
88.169969,15.885770,1425.452,62.947924475492
88.170785,15.888319,3241.941,115.78171938853
88.082545,15.887075,63665.866,115.68984447303
88.084374,15.885750,2983.806,56.057764127762
88.034140,15.884345,2754.712,56.057274627709
88.031194,15.884180,1363.928,52.824789114625
88.154271,15.884497,3186.539,48.606554289524
88.214489,15.884316,1643.267,56.501236296507
88.073746,15.884405,1648.222,65.111156159620
88.019012,15.885642,6850.460,56.388936984599
88.145995,15.885231,3695.619,51.972364795405
88.241954,15.885199,2269.954,51.983131222859
88.243673,15.886655,1377.992,290.45538768246
88.076640,15.888008,91790.141,144.98350768937
88.236401,15.888182,57011.106,144.99087954316
88.238353,15.889030,1703.299,145.00686504373
88.237354,15.891502,1929.369,59.745979540508
88.089912,15.885743,2155.686,59.781521107022
88.087703,15.886996,3657.129,62.044991545371
88.127850,15.886593,3863.227,81.543990343856
88.142610,15.888013,14895.941,76.662845870159
88.229596,15.888496,6311.530,70.655721833191
88.186146,15.888492,8396.639,49.044022661733
88.011350,15.887424,1007.566,56.891209221585
88.069533,15.888252,2033.296,55.233037174795
88.040371,15.887342,1170.375,56.548975089391
88.132987,15.888776,3814.556,56.562020787689
88.130389,15.889108,3495.227,56.542238284644
88.134937,15.889286,1901.183,50.320196469830
88.062761,15.889296,2656.046,59.094542097443
88.193124,15.889738,4766.183,58.022103615522
88.148789,15.890158,4159.719,66.086622759286
88.066135,15.890890,4846.775,81.062708249326
88.162125,15.893275,3317.116,81.071613915384
88.162886,15.895456,27175.865,81.040394195140
88.164201,15.893696,1464.002,80.125683324877
88.105437,15.891968,10442.696,156.65964684022
88.046726,15.893068,24016.496,57.639589685885
88.229838,15.891462,2626.775,62.152108856259
88.032668,15.892143,3719.732,57.554223687670
88.109597,15.891894,2243.683,52.363632174644
88.194216,15.892480,3124.115,64.789669987405
88.244100,15.892564,1142.535,64.797399498327
88.241766,15.894303,12325.110,49.589715167247
88.209385,15.892917,2207.125,54.307369499716
88.009209,15.891797,986.610,47.760342244987
88.025184,15.891891,794.285,48.468416026235
88.085984,15.892382,1229.623,40.816103288255
88.214998,15.892126,891.860,54.375180168565
88.131318,15.893174,1718.716,54.387735423822
88.132731,15.894537,3840.795,207.06930195522
88.076527,15.896566,77132.914,100.31809794784
88.028423,15.895447,15734.891,55.089632820702
88.169727,15.894005,2191.938,63.660444196656
88.190269,15.896026,9388.383,44.504852156651
88.184545,15.894590,1266.603,65.156997445026
88.208615,15.896667,12539.661,61.610949103436
88.197978,15.897179,8324.920,643.18557939308
88.014168,15.903997,187638.217,63.042131479383
88.010010,15.896271,5209.778,96.936160949926
88.102058,15.898609,27314.596,47.614867209311
88.060847,15.896199,1319.014,49.422993021042
88.121715,15.896692,1465.824,71.026018412240
88.106634,15.897854,9810.082,50.298825186423
88.233682,15.897551,2825.032,52.107188741095
88.259215,15.897286,1973.189,61.609371317984
88.043085,15.899148,6282.132,51.828784215371
88.095844,15.898587,1927.624,101.78728740516
88.183855,15.901095,36202.612,53.804996676133
88.203498,15.898964,2509.807,71.654166210503
88.241482,15.900093,11319.460,90.139819961390
88.209374,15.902149,23802.877,54.198447350560
88.007149,15.899732,1108.836,56.559252421915
88.229227,15.901113,4970.841,287.84623407841
88.217729,15.904109,89848.698,56.682544324922
88.219557,15.901748,4123.805,49.657771950765
88.163290,15.901382,1860.265,52.298618345052
88.154680,15.901764,2908.789,48.497478679582
88.035220,15.902004,2377.256,55.187861275793
88.205847,15.902039,3184.967,48.152122720016
88.244317,15.901970,2240.525,51.924189820712
88.081188,15.902082,1282.996,68.247092186194
88.246856,15.903669,10915.197,101.87300648597
88.198310,15.904718,22394.388,64.033327613216
88.091137,15.903286,7431.452,96.828385310950
88.233660,15.905440,31385.778,96.831027073002
88.235286,15.906440,1302.219,155.80281743548
88.076816,15.906008,46181.468,57.916027519820
88.017974,15.904724,7400.562,54.373580674779
88.214181,15.904670,4315.573,86.641818099245
88.142467,15.906350,28476.114,86.687653883583
88.140978,15.907524,1050.490,47.491040788209
88.027258,15.903883,1327.497,70.808671798812
88.207552,15.905452,5918.471,63.347971266285
88.240906,15.905429,5882.919,62.848461071715
88.258789,15.903748,1324.118,58.629609996106
88.139088,15.905001,2722.328,58.656226725037
88.136660,15.905540,4958.215,60.490743519818
88.225081,15.905581,5838.612,54.450089281074
88.159461,15.905428,1734.707,67.761705167982
88.254910,15.906030,1906.417,47.094876252229
88.261329,15.906044,nan,197.01725228390
88.259783,15.907885,8068.413,64.404116596930
88.020978,15.905321,1100.819,64.390305354219
88.118026,15.909609,71585.476,83.266559976941
88.166921,15.907982,8281.366,50.394034949321
88.169114,15.907976,1049.235,128.04529312624
88.202299,15.908694,22677.901,67.782616373160
88.063367,15.907027,1297.151,67.790002225174
88.096123,15.910601,34078.407,64.222761945328
88.227909,15.910282,7884.801,55.153360329803
88.227985,15.912666,7066.054,54.311520227670
88.253331,15.909179,2541.942,76.575667927404
88.018332,15.908542,2916.951,55.094741861641
88.080757,15.908277,896.222,57.244582874484
88.161125,15.910800,9202.279,64.186974225996
88.010513,15.908759,1520.422,60.186892616978
88.049968,15.908201,867.348,51.183435754399
88.148969,15.910186,5730.027,61.113485097677
88.173296,15.910032,3157.477,65.557577334033
88.089268,15.910366,1379.231,51.125831236570
88.233273,15.911157,3069.480,76.781361130368
88.066198,15.911394,5206.760,50.797555897092
88.123812,15.910396,1133.223,50.834036317228
88.084087,15.911875,11102.685,90.319135071538
88.033084,15.911101,965.860,195.15021060357
88.032988,15.913004,622.966,51.909039531798
88.050680,15.912174,2161.724,63.247538694013
88.110403,15.915313,74963.564,71.191571356819
88.261260,15.912486,nan,88.929668850571
88.179928,15.912497,1223.434,109.52305289743
88.038371,15.912999,2629.834,55.637665171830
88.153085,15.914755,11660.552,130.10934039546
88.222730,15.914878,15898.857,130.06924817321
88.028204,15.914865,21475.077,128.14931058353
88.078985,15.914276,3765.604,128.15095332743
88.163322,15.916912,59731.609,126.50459346184
88.165119,15.915400,4262.155,126.50350436132
88.216849,15.916824,57649.066,55.376687550367
88.216496,15.919483,9608.317,102.10145795634
88.176046,15.915945,50788.760,102.09968228183
88.174849,15.913509,1739.824,87.499711997955
88.017568,15.913288,885.502,133.71538266396
88.231521,15.916417,29149.760,78.935102594392
88.229571,15.917252,12748.346,160.22869466225
88.258428,15.915578,12963.189,160.26737060963
88.190908,15.917574,49716.295,50.504853190459
88.251315,15.916544,14704.185,50.489130625545
88.174321,15.918547,62456.559,49.087520859083
88.171367,15.917837,1660.513,47.773580702561
88.142042,15.915891,2396.991,267.35002374927
88.144348,15.916603,1625.278,301.90562312688
88.061693,15.915355,888.353,58.514318452889
88.179265,15.915897,1147.426,52.845630809788
88.139428,15.919674,82310.350,54.410288798729
88.126917,15.919849,103501.779,56.534217058256
88.064617,15.917525,3956.293,46.750012758974
88.076045,15.916905,825.359,115.89798518004
88.114971,15.918166,3325.548,52.482714524027
88.123613,15.918927,7338.691,52.478236100094
88.240045,15.918591,1430.993,52.508576102490
88.023799,15.920258,24362.514,65.577246768550
88.087707,15.919830,7878.604,53.922705048668
88.090627,15.921325,1144.444,250.86286125623
88.088801,15.921809,962.688,250.84657127816
88.135903,15.919909,4291.129,250.85621423312
88.257688,15.919043,1394.263,53.476331037696
88.192838,15.921397,9168.960,136.22781137088
88.192383,15.923757,15411.558,57.832657932689
88.191424,15.926052,153677.643,67.187393753872
88.011513,15.919863,1779.401,67.188707196230
88.026231,15.923438,29955.860,53.352340010237
88.081202,15.920526,2658.855,53.346258995319
88.200786,15.922110,9990.809,53.345448043775
88.201582,15.923808,7738.725,231.20510951051
88.183235,15.920648,1102.903,57.049537683928
88.185347,15.922348,2170.873,51.465900052692
88.185318,15.925250,9288.251,49.982703275373
88.204597,15.927275,92740.381,58.579674298714
88.044523,15.921551,1338.992,58.579052561795
88.019768,15.922584,1587.165,58.583292567449
88.035044,15.922526,2036.553,52.634018953343
88.219711,15.922130,1377.092,80.486288762819
88.220720,15.925712,7949.720,89.536846399654
88.218492,15.924456,1035.969,53.831631458935
88.070031,15.922185,844.404,51.013645458251
88.126793,15.924771,16274.713,51.000894578536
88.248257,15.924919,19148.523,60.381860332673
88.137649,15.923504,3992.493,60.428312058590
88.094919,15.922594,1012.520,57.313198964220
88.097196,15.923625,1259.443,50.421344484109
88.016610,15.922962,1310.834,58.209148842383
88.017126,15.925264,11532.046,53.970822586487
88.134222,15.923962,2713.514,53.029638629518
88.143565,15.924551,1636.270,53.023466667257
88.156699,15.925782,5401.322,170.35325896508
88.076953,15.925278,1181.326,71.263900103968
88.045073,15.924609,1246.546,52.381887918550
88.042969,15.925297,1204.061,50.329842613254
88.063648,15.928386,56364.149,57.110585346525
88.034864,15.926645,8349.214,65.645666807185
88.101694,15.926438,2325.003,55.259402023053
88.212780,15.926681,4978.848,55.262088008427
88.108215,15.925841,1599.159,157.28909108487
88.028728,15.927346,10314.452,230.75587999236
88.241414,15.927464,4619.983,51.241892996640
88.240543,15.929135,3460.450,241.83111227955
88.211838,15.929978,66221.257,56.387991206081
88.115826,15.929485,86245.650,50.466984234355
88.138617,15.926367,1056.018,50.223354148635
88.232882,15.930815,76574.757,72.105878844191
88.218792,15.928184,5075.677,58.289265965871
88.013620,15.926449,975.662,178.47081899974
88.130644,15.926964,846.637,178.45200958852
88.151706,15.930493,8200.341,51.802450781823
88.093834,15.929978,3501.085,53.458588366290
88.180029,15.933576,81373.102,51.642978619391
88.181166,15.936054,5110.763,70.444820768992
88.060140,15.929554,922.435,184.27980595100
88.030057,15.930836,2530.414,58.521312078866
88.054100,15.930917,823.687,48.085157893705
88.025682,15.933108,10562.379,69.298519270384
88.116109,15.934811,44847.697,60.247540025551
88.176777,15.932713,2461.978,53.952751528921
88.019296,15.932012,1209.603,53.966412587161
88.063420,15.934187,6902.330,64.989841260316
88.154631,15.934683,5391.783,73.836328684626
88.040953,15.933870,866.903,73.890425402765
88.133539,15.934314,1165.573,51.780467274840
88.049031,15.935624,2354.701,58.562318943859
88.080036,15.935701,2581.102,74.501590740646
88.077391,15.936718,5580.775,55.596671193728
88.235815,15.936296,1438.008,55.624095917143
88.225528,15.936907,3530.163,57.960552944358
88.071443,15.937670,7914.082,302.29365611477
88.018326,15.936432,1107.607,302.44795008383
88.019001,15.938311,996.742,302.56442459465
88.240388,15.937430,3022.722,53.993888661778
88.046343,15.942409,207771.735,166.60199533780
88.048905,15.943380,2283.391,58.248436625945
88.051517,15.942604,1049.613,928.88062889856
88.246487,15.938414,4038.710,58.188103690890
88.260569,15.940926,29471.955,52.247728513331
88.223006,15.938598,1373.308,268.70439373954
88.256998,15.943886,225167.239,51.695784048436
88.038046,15.939291,3263.746,51.692544626646
88.212896,15.939192,1531.865,50.646753582499
88.117895,15.942154,73453.084,60.636221221984
88.252376,15.940180,1589.418,52.177632556229
88.255285,15.940923,815.263,52.808908078505
88.030470,15.939977,1360.896,95.381189089412
88.186889,15.941549,6241.817,50.048724506906
88.088409,15.940824,801.183,54.077134785110
88.176334,15.941473,2998.259,53.062408774821
88.062094,15.943835,28482.995,52.425109740638
88.142928,15.942144,1225.311,51.473052476119
88.243552,15.942839,2388.520,57.808109943497
88.230215,15.942979,2479.699,69.786520523474
88.130469,15.942283,1063.195,69.204147807336
88.032641,15.943124,2712.655,79.590431166137
88.070752,15.943231,1240.663,79.534604864387
88.189294,15.944964,8793.903,77.644546759219
88.042829,15.944625,4360.803,183.53584570204
88.136383,15.945814,16373.734,50.187493786825
88.138603,15.946829,1574.316,74.215553592604
88.239328,15.945277,12139.316,47.188469672800
88.057833,15.947059,70298.968,47.212110172048
88.141478,15.945291,2050.363,66.923976941659
88.072882,15.946043,8864.400,62.569298732347
88.090579,15.944818,1060.302,62.608960571973
88.089172,15.946986,1660.375,461.84632616553
88.094478,15.946844,7007.576,46.613117810465
88.100621,15.946359,2332.970,51.559702090929
88.099329,15.948203,1743.198,114.67362199333
88.244730,15.950470,116597.133,114.60069560701
88.156018,15.946999,1284.936,52.001997166974
88.112648,15.947300,1274.074,256.72941083543
88.141694,15.949998,27224.526,64.635125208991
88.143709,15.951781,2292.050,44.756910516069
88.019198,15.948026,2283.169,60.587407730014
88.148459,15.951201,72008.037,104.10366269639
88.225879,15.948799,4336.022,51.675915835928
88.050943,15.947308,766.667,63.550020234494
88.179624,15.949249,6782.758,47.700537933777
88.151910,15.950760,21263.370,50.326054184520
88.221264,15.948919,3072.008,48.196007458570
88.048272,15.949629,5738.923,55.508312256350
88.054738,15.949282,1975.192,55.507666279702
88.229403,15.948967,913.688,68.773088361811
88.254977,15.949110,1172.308,45.395182640993
88.063275,15.951550,10602.727,51.567417078434
88.063907,15.953707,1611.357,51.563932107514
88.162531,15.951799,5077.931,43.735402858273
88.200450,15.950076,1310.088,48.351965067822
88.090092,15.950690,1463.757,53.045829544501
88.090447,15.953485,3324.686,53.073486459114
88.212554,15.951172,1087.704,45.886321395951
88.195461,15.950917,1271.485,46.873455437934
88.040495,15.951446,1535.674,46.861501844005
88.042900,15.951905,1255.199,101.53382598972
88.206991,15.951512,1543.978,123.05972011223
88.181219,15.951882,2113.228,61.721607888907
88.184209,15.951593,1114.970,50.512119990733
88.098168,15.953636,10109.927,69.783206519287
88.177629,15.954250,35066.858,52.205259958591
88.153826,15.953933,7569.944,54.490719803699
88.139359,15.952574,1032.099,54.269657035082
88.195559,15.954535,12290.323,54.278606263327
88.258113,15.953052,1698.493,194.37912688963
88.127748,15.953115,1177.959,69.846084411663
88.158710,15.952039,659.732,55.552982146938
88.157879,15.954508,1808.808,53.100228981381
88.032808,15.956879,48581.243,89.986639705608
88.043487,15.955019,8015.870,212.80993970153
88.165842,15.954104,1122.000,69.710513799595
88.054995,15.955146,1145.885,73.683849110816
88.022278,15.958528,10901.157,73.682216174242
88.218807,15.964347,62265.233,90.050377958782
88.190627,15.958544,9334.812,51.208022601100
88.230633,15.958651,7865.956,51.215398038484
88.230845,15.961487,7367.396,55.925911749945
88.050307,15.959378,17534.177,51.915187788462
88.172801,15.957084,1273.544,46.413484400108
88.171800,15.958712,923.500,46.414230154988
88.080348,15.957746,1307.534,56.164598281617
88.148755,15.957521,1175.300,56.142720060553
88.241736,15.957391,923.271,47.402750658139
88.242626,15.959407,1119.771,55.500621733962
88.164290,15.958265,1821.037,83.518598171890
88.166775,15.958693,2547.633,83.488536422495
88.144496,15.958682,1309.798,56.840633771475
88.053576,15.959640,2655.427,55.646756193906
88.067080,15.959838,3076.691,59.101045710638
88.064875,15.961690,22099.409,100.58004157627
88.212532,15.960501,3373.216,56.975204770770
88.259594,15.960292,3538.395,60.876870868608
88.253263,15.960363,2779.740,58.576733304314
88.104425,15.961196,11402.741,54.315897618285
88.014579,15.959369,847.444,54.321684868900
88.138567,15.960416,1168.885,81.618161390728
88.170262,15.961722,3888.726,78.465883684152
88.256436,15.960831,1843.770,78.409572257100
88.256780,15.963470,872.909,75.486727353918
88.096746,15.962117,9397.283,75.521810865808
88.109239,15.962576,23857.660,77.175602048477
88.110859,15.960501,1146.862,59.850284401392
88.032759,15.963147,18138.610,51.797158627367
88.035424,15.964255,2915.788,57.617833255181
88.086131,15.963431,15143.797,53.298095984640
88.153612,15.962222,3256.711,66.650371921171
88.023367,15.961611,801.584,66.646993649559
88.204731,15.962728,1373.801,162.12859870579
88.144003,15.963152,1862.906,64.384089188728
88.198135,15.965054,15753.711,69.860741649542
88.196096,15.963888,822.499,71.221329268350
88.194871,15.966827,77284.467,57.535640442863
88.060093,15.964319,3697.201,102.53106724322
88.134405,15.964775,5983.910,251.53343603360
88.179597,15.965591,13927.864,193.00858388024
88.081467,15.964801,2845.059,192.92243170129
88.090499,15.966892,30760.967,149.86945545831
88.163340,15.969659,78840.159,143.46543048805
88.034630,15.968365,83310.803,55.566695433765
88.032450,15.968474,2888.903,51.282740455670
88.044533,15.968762,44857.255,52.635425589335
88.179114,15.969537,77594.659,52.199617035510
88.248205,15.967202,4351.058,52.175076587920
88.123689,15.966022,959.193,52.218308287086
88.021376,15.966840,3229.104,69.569126802551
88.029501,15.966354,1177.716,52.376827093038
88.027440,15.967588,2961.820,58.092599045181
88.057731,15.967045,1466.152,55.022468940368
88.184758,15.969197,15646.968,105.16949026816
88.170740,15.967360,1544.123,105.22265497930
88.140791,15.968420,4084.954,54.476123599424
88.012011,15.968166,2402.880,46.767775695795
88.172389,15.970877,36637.419,327.87114230764
88.170467,15.973143,5645.339,196.43302477675
88.049329,15.968218,1540.370,47.952713713415
88.213033,15.967743,761.085,51.531888093689
88.246852,15.972024,72629.136,51.534874614885
88.253276,15.971365,37214.511,89.931037566350
88.081544,15.968560,1250.846,52.351614286617
88.057441,15.970027,5662.225,564.94892306677
88.054733,15.970855,991.316,65.060326088275
88.197485,15.970742,11891.306,90.245430237861
88.087125,15.969663,893.240,65.294465529097
88.062002,15.977823,226920.133,65.373084566652
88.216741,15.972083,8087.331,65.407137016562
88.166972,15.972826,19187.749,501.69572942727
88.119232,15.972867,21670.467,177.78813308231
88.116337,15.972276,1393.445,261.44380653214
88.114294,15.974050,871.756,369.10923118447
88.145553,15.976143,171294.220,52.864438145049
88.240444,15.973939,32924.009,212.87216851456
88.038481,15.975046,90471.101,51.517253705702
88.127059,15.978205,99571.530,49.506951041708
88.201341,15.972694,4116.830,60.601056011561
88.088608,15.974865,68908.981,45.450561595871
88.137841,15.971861,1735.275,67.696803753148
88.190980,15.972237,1198.301,57.157088582395
88.107932,15.973590,5402.542,59.916669890609
88.229796,15.973045,1111.373,59.903484254608
88.016303,15.974536,8102.661,59.910551716390
88.047011,15.973654,1877.520,50.975758197519
88.031827,15.974382,4063.011,55.697662176501
88.029613,15.974058,3153.435,55.650379080236
88.031266,15.976127,12858.203,47.157785983636
88.142808,15.973653,1000.032,47.158003848078
88.065419,15.973421,763.917,51.380868560026
88.066229,15.976078,3069.056,56.890610462503
88.173772,15.974192,1228.067,183.12485994141
88.174758,15.975738,957.673,49.191564917843
88.094751,15.974638,1698.396,50.340760753453
88.128500,15.975100,1817.863,71.452893475040
88.169446,15.978858,53881.823,97.892971088412
88.230710,15.976371,2872.214,54.131931917024
88.194843,15.975895,2058.225,50.290953492012
88.242894,15.977154,9245.535,53.803065181794
88.203195,15.978507,29803.420,80.510933811968
88.011026,15.977052,2950.621,229.22725581647
88.188790,15.977776,4364.614,57.187704795148
88.239495,15.978562,5741.267,50.338944607361
88.260549,15.981698,6266.103,47.262248754606
88.201884,15.981433,110921.849,53.905724382542
88.098249,15.977405,1873.449,154.53160997070
88.216262,15.978127,3114.968,61.949661708519
88.119597,15.978019,1060.758,113.49354710919
88.014314,15.977634,1214.844,89.912248478638
88.229477,15.981629,37618.491,103.93731721618
88.018927,15.979311,5777.049,49.136364091093
88.256020,15.980196,15239.303,58.369241650180
88.068487,15.981124,12860.284,55.641967515239
88.173524,15.982085,21680.768,148.36171338066
88.182254,15.979952,1449.601,129.33874372797
88.092143,15.981452,3648.487,58.975298610685
88.195583,15.981749,3070.829,149.52705400947
88.068605,15.984162,32477.463,149.62998263757
88.155488,15.983394,22843.901,98.354328907724
88.126265,15.982590,3523.791,98.422118661881
88.037194,15.985115,60403.330,61.580670479323
88.039524,15.983436,974.922,52.450694880192
88.081339,15.984256,23549.010,47.479964074782
88.079002,15.982993,2059.943,54.720353009867
88.014813,15.982708,2613.397,56.123402360882
88.214674,15.983676,3346.954,56.133078694466
88.086493,15.982969,962.139,543.75107463945
88.189967,15.983108,1754.902,51.807915551518
88.255590,15.983590,1840.632,51.779455263265
88.257915,15.984026,1412.138,52.386277415997
88.118240,15.987849,134236.342,55.585669721470
88.051735,15.984015,1113.765,59.016256938068
88.050102,15.986415,1561.188,46.840055015857
88.224118,15.983979,1600.028,52.474533993792
88.026172,15.983915,1694.884,69.257194719158
88.089084,15.985110,2974.979,55.248500208247
88.151782,15.985083,849.477,146.79762739461
88.062200,15.984838,727.886,55.161091030857
88.221253,15.987089,5794.194,59.032635555504
88.199390,15.986005,830.815,108.71863443717
88.182424,15.989498,43679.729,53.298414038811
88.055079,15.986984,1567.568,163.96196998554
88.028070,15.986861,973.798,163.93030083542
88.187576,15.990263,27555.167,210.15771711780
88.251912,15.987919,1545.427,810.85150841141
88.198806,15.991575,95668.171,79.361479517239
88.201618,15.990827,7874.722,55.720531154556
88.219047,15.990370,17379.058,169.08880091132
88.248310,15.992982,133011.015,169.06196899764
88.166665,15.990018,10462.306,95.920700136448
88.015446,15.989050,2010.779,95.970160195097
88.232121,15.991753,43034.929,95.957374516247
88.229446,15.991669,22625.669,85.869823863384
88.143672,15.991679,36354.164,59.440501971496
88.141726,15.992160,1429.574,60.690771149277
88.142539,15.994747,1077.670,62.889146567277
88.127017,15.990877,9707.180,96.486105074723
88.161432,15.989562,860.239,94.397440498392
88.092231,15.990801,5100.807,53.426224717454
88.105502,15.991019,3299.460,66.535993276720
88.056944,15.992531,13084.700,79.252033852029
88.066496,15.992691,17373.922,79.266741908602
88.171624,15.991568,1985.281,79.285499038091
88.157130,15.992298,5663.336,111.71184022730
88.165503,15.992895,17900.776,51.390207435369
88.166007,15.995602,7288.090,52.119061836536
88.164259,15.996303,6217.056,52.123636488586
88.014218,15.993331,19283.050,52.131779185551
88.097065,15.992745,2401.596,47.222675019989
88.185294,15.992929,3336.150,46.534079099827
88.186622,15.994561,3126.681,499.51065890741
88.186694,15.997452,1586.671,88.947029830308
88.020940,15.992584,917.183,53.339465805738
88.237467,15.993237,894.392,50.166582198279
88.232056,15.998407,132659.354,57.744940476992
88.210589,15.995589,22370.071,59.015924090665
88.038286,15.993929,1790.727,53.311036379877
88.193519,15.994723,2572.345,62.098860966705
88.024639,15.995268,2459.818,47.978214226958
88.220655,15.995608,5037.916,47.978557393769
88.153892,15.996549,2989.025,117.09202129422
88.239422,15.997179,4892.991,52.905488395296
88.215758,15.996167,1163.708,53.367175879477
88.217777,15.997108,1673.523,47.168710374918
88.042798,15.998888,29442.533,45.441283860602
88.053346,15.997456,4605.419,45.725932882514
88.065005,15.997199,1681.485,87.566359574608
88.144778,15.996748,931.198,125.42846036148
88.171213,15.996893,1685.330,706.31099801200
88.249555,15.996274,834.671,52.544949519234
88.252927,15.998205,8911.539,50.765832760591
88.165274,15.999479,31441.827,50.763391218775
88.225202,16.002858,176369.277,86.962728047521
88.195710,15.997770,1271.992,51.676794937346
88.096400,15.997584,1287.186,48.388903985138
88.094766,16.000039,1331.284,49.262853408784
88.214124,16.000298,17135.830,50.454650340209
88.080155,15.998597,1693.214,56.439446949243
88.228638,15.998630,1253.752,79.071360725494
88.208711,15.999809,3074.939,63.865942139191
88.029912,15.999302,1300.430,55.129121537253
88.026733,16.000916,4470.188,55.107552848462
88.141998,16.002149,14571.374,55.110732200617
88.254900,16.001249,4743.701,65.319171152186
88.050500,16.001083,4972.543,48.812488590876
88.052138,16.003506,2017.067,46.930740956358
88.054064,16.004331,3959.829,154.12673980018
88.122947,16.001555,4520.641,50.452934014382
88.192697,16.000231,983.350,49.200341165414
88.063961,16.000210,758.742,141.32346342823
88.043412,16.004523,44249.148,213.37257384567
88.208295,16.002848,7026.089,213.37223989369
88.090564,16.002596,1880.555,54.903752616895
88.020842,16.004409,28485.544,48.968213456309
88.196135,16.006369,132663.768,304.96539863616
88.198388,16.007290,4937.200,72.531017067611
88.084040,16.003694,5655.096,50.859741541575
88.117105,16.002812,1994.506,103.41677625624
88.224527,16.006197,75526.534,128.74170449644
88.069038,16.003983,7528.489,128.75795693333
88.012500,16.002777,751.069,49.847498681968
88.133219,16.005987,21533.679,48.036093112642
88.216320,16.006795,37017.223,65.079684466186
88.214769,16.007992,2318.661,51.275818654947
88.145771,16.004222,756.739,49.525163541610
88.243328,16.004209,906.901,73.170426433161
88.253120,16.005923,4086.816,78.741576802802
88.168580,16.005357,1691.353,52.005654705512
88.104638,16.005814,1623.224,57.862598015209
88.239311,16.007319,9368.039,93.785873529627
88.034423,16.006940,6135.812,57.070511841916
88.107964,16.006072,1561.143,53.236410809671
88.037552,16.007196,3694.149,44.801618591407
88.024257,16.008763,18799.810,58.883668273802
88.203671,16.007264,2098.806,69.556307984055
88.245795,16.006624,1452.440,85.056642114762
88.176870,16.007128,1085.501,59.301115609728
88.154783,16.008795,3525.273,53.246379921640
88.160447,16.008862,4967.775,68.551618405506
88.078389,16.009765,13954.092,53.384473998294
88.236830,16.009624,5695.271,51.409031406039
88.232947,16.008404,1518.734,58.952332409664
88.047398,16.009660,6567.531,""
88.172223,16.009411,4126.694,""
88.112146,16.009047,1555.640,""
88.098830,16.009201,1621.490,""
