#mjd: 58408.27294
#filter: V
#airmass: 1.832
#seeing: 2.3567791049999998
#m5sigma: 20.1879
#exptime: 30.0
#night: ut181016
#ra dec flux fluxerror
88.044593,15.753452,45189.064,149.54274598776
88.089615,15.751843,3216.766,73.140310099051
88.003331,15.753270,20178.506,85.639210213995
88.002692,15.756032,2050.984,85.631618173258
88.015638,15.754797,42165.014,160.81815284126
88.194489,15.753229,7178.673,78.811633081405
88.172410,15.751138,580.449,67.723095337492
88.171018,15.752627,1850.931,67.741440116246
88.234652,15.753946,2196.063,72.063685576304
88.035261,15.755490,11931.707,65.217195258592
88.182032,15.753510,1560.481,88.575142847132
88.147027,15.755443,7638.173,105.85892620488
88.063614,15.756721,25636.023,105.84272657352
88.066225,15.758297,9432.251,66.134856744046
88.204807,15.753804,1405.474,91.833470499967
88.052769,15.756705,9807.821,90.923599637332
88.070726,15.756913,14191.778,82.705857694809
88.089337,15.756267,7382.291,149.74997218120
88.099201,15.758640,32382.053,117.31023603625
88.041698,15.758326,17755.727,67.563546761451
88.199804,15.755119,1094.871,73.813087641375
88.212002,15.757013,1679.498,101.93424137883
88.074615,15.758943,22133.707,101.94633330168
88.077566,15.757278,1790.549,74.723387488198
88.246007,15.758098,6110.261,76.524110858430
88.107484,15.757907,1815.571,74.717151127070
88.027337,15.758724,2116.356,74.714647177553
88.027798,15.761735,1438.991,72.433642566322
88.125772,15.758791,1770.635,171.91210746316
88.016589,15.761523,40208.528,73.825466421333
88.019671,15.758811,1677.371,74.926368946806
88.085203,15.759875,4678.549,74.918926724837
88.082674,15.761630,1502.466,331.23028722721
88.024668,15.763921,116177.840,116.28924238915
88.175132,15.762716,52550.107,116.31616717341
88.178332,15.763007,1346.799,103.32235989297
88.065488,15.761972,18077.849,72.260564386580
88.144620,15.759231,952.922,71.484656838229
88.117467,15.760965,3027.196,71.474379047185
88.118548,15.764319,6504.255,71.469131163779
88.120051,15.765535,2898.878,71.459452295921
88.120144,15.768306,1509.455,73.182799425597
88.230530,15.761577,2375.924,71.740217930181
88.246682,15.762191,4642.099,77.696877952390
88.169430,15.761741,2374.748,71.499471713806
88.216949,15.763110,2441.739,78.535211933149
88.009496,15.762881,1952.001,71.960569086100
88.058690,15.763025,1649.057,68.106629618302
88.088381,15.762519,1031.493,73.571119866156
88.001171,15.764108,6123.034,65.958441293830
88.020043,15.764754,5527.750,62.449815401394
88.048575,15.765428,8200.119,62.461558407546
88.047515,15.767619,1591.128,65.002621745005
88.109315,15.763819,1182.339,73.681379099061
88.130081,15.765552,4814.150,75.046578289674
88.077675,15.765297,1811.958,75.011752431950
88.078708,15.766925,5816.561,93.431514467043
88.013276,15.768415,29987.764,93.429037453726
88.011012,15.770341,7185.418,93.415960989754
88.013800,15.771840,3450.526,64.930990810329
88.091259,15.766059,3958.554,65.660784892160
88.185722,15.767128,3998.119,90.319508771786
88.197498,15.768283,20561.938,90.334873530647
88.199483,15.770995,1941.226,68.986814962734
88.099330,15.767434,2670.114,173.59669078217
88.038272,15.768893,8284.483,173.69307312503
88.036856,15.774813,83284.741,173.64428233039
88.035844,15.771545,1486.366,90.327477205915
88.168417,15.768890,9631.551,64.631959623803
88.159353,15.767521,2330.811,80.817589737942
88.105297,15.768047,2192.990,80.800106653663
88.106973,15.770129,5585.140,74.416045980254
88.234653,15.768695,1336.508,74.427318242674
88.235619,15.771378,8447.671,74.392828364154
88.232442,15.772756,1750.856,91.547329481828
88.149391,15.771455,11424.311,65.065017619942
88.085950,15.769662,1795.926,67.041234844044
88.049963,15.770592,1823.531,67.030813458851
88.051069,15.772730,1982.919,64.031308826347
88.224628,15.770724,1730.850,123.90742776894
88.072881,15.773334,23429.572,79.347780218822
88.168300,15.772743,12747.191,79.347436618439
88.170173,15.774728,1298.181,79.362943922883
88.167445,15.776460,2459.312,97.432200804897
88.008055,15.772827,10680.816,61.654009586215
88.182648,15.770786,1054.567,78.411092363235
88.203797,15.772788,1824.973,78.411704707158
88.206934,15.773688,2785.642,78.409754314806
88.206202,15.776868,9718.002,87.184273092186
88.146107,15.773977,8526.892,72.230896494665
88.083367,15.773111,1335.452,103.96603965193
88.049029,15.776469,28372.522,70.367868328315
88.045728,15.776640,7817.113,136.58941762599
88.054099,15.778366,3264.375,174.50012620646
88.050983,15.777919,1673.894,72.476023926127
88.216926,15.776719,13569.658,74.003577912446
88.248644,15.775692,2118.031,74.897868778581
88.020114,15.778284,26889.010,78.572449785507
88.007215,15.778973,41921.451,79.538773678395
88.227847,15.776897,3642.958,79.577302921367
88.157507,15.777330,2760.289,74.797835899841
88.241303,15.778372,5064.608,122.91389791273
88.142034,15.777655,2324.610,122.93259663339
88.014077,15.777388,1108.974,122.94440451989
88.011991,15.780129,8448.974,122.94430289147
88.102829,15.778066,1627.732,71.251177623134
88.164341,15.781921,71601.342,275.80625708954
88.166659,15.783858,980.303,81.514401526995
88.162693,15.786578,13282.814,66.699841540559
88.165640,15.787284,1479.380,80.877727109724
88.150078,15.779003,1975.023,131.17447118380
88.222257,15.783981,103495.397,131.11015999853
88.233687,15.781232,4137.174,131.14428800150
88.203939,15.779943,1194.818,83.449313334087
88.000527,15.780940,4445.248,76.013122437346
88.068488,15.784241,65558.066,66.445398622809
88.071541,15.785760,5396.819,311.20778291779
88.065383,15.785080,2078.887,67.726791273056
88.147724,15.782041,3404.814,96.783960715029
88.227779,15.781237,1184.370,74.988943320287
88.200566,15.782026,3692.842,175.00380626255
88.012859,15.785822,88994.075,96.827993291073
88.155047,15.782094,1779.603,87.742505193239
88.122650,15.784399,12823.821,87.753146079361
88.179695,15.785208,8414.968,87.747452316851
88.017980,15.787113,50042.508,61.455689840563
88.104740,15.785711,9449.690,62.140322404397
88.145154,15.786988,22789.113,69.850851233147
88.143834,15.785376,1321.005,76.679509207783
88.141586,15.786936,3906.936,76.732541018682
88.201584,15.785700,2361.280,75.600953138819
88.135181,15.785341,1863.099,75.611200057398
88.194392,15.784295,1022.384,82.198716626209
88.004249,15.786797,9465.197,67.112128264710
88.001704,15.785022,1451.599,87.368841510883
88.112992,15.787594,12582.933,87.387863981774
88.115537,15.788476,1304.708,85.722539649583
88.128471,15.786673,5194.474,70.902587746334
88.089557,15.786387,2976.245,306.16292923261
88.192955,15.788418,18528.205,245.04429101696
88.191137,15.787676,3148.663,73.020030946743
88.057744,15.787286,5671.136,68.331174122627
88.171224,15.785575,1072.864,65.777375797626
88.141166,15.790732,105757.911,165.77444935289
88.004067,15.790429,75046.018,81.560894312633
88.133893,15.789450,7919.261,69.771620758063
88.221208,15.789131,7638.397,68.948205493540
88.043695,15.787839,1894.393,68.993601225221
88.130593,15.795246,34365.378,73.575992301383
88.021123,15.789476,9011.173,167.17711051540
88.010064,15.788298,1371.201,107.73048204433
88.150027,15.789549,2593.070,147.52463288469
88.147357,15.790334,3847.748,64.180056914882
88.230104,15.790414,3135.637,66.121785908944
88.000721,15.794349,44328.094,71.475356870455
88.123574,15.792298,17098.726,79.815300289633
88.218732,15.793551,23133.428,64.358428643456
88.247445,15.789943,1438.048,103.73289616658
88.096544,15.790345,1144.143,103.77612263965
88.019129,15.792516,4521.512,103.77429737304
88.059534,15.792510,3166.135,108.52726453497
88.161579,15.792237,3488.210,173.80711348309
88.082152,15.792514,2364.730,78.889662675365
88.083250,15.796829,22710.787,74.273700952604
88.081861,15.795504,1675.260,74.261395478562
88.188874,15.794639,16974.647,62.327347502887
88.192566,15.796130,51491.724,58.303332605838
88.118494,15.795049,6565.987,87.389796071112
88.172680,15.793995,2610.303,66.516775139932
88.175273,15.795731,8998.477,101.42827357315
88.114465,15.793808,1480.364,101.40827726284
88.224543,15.794618,2147.801,75.083265791061
88.006744,15.796315,9273.135,78.774121585341
88.245711,15.794341,894.551,76.522913520952
88.151649,15.799282,22853.952,76.468107050718
88.151649,15.797423,2298.684,76.508098256851
88.169213,15.797119,3358.012,89.834473412611
88.206364,15.798476,6135.441,68.252145530291
88.120853,15.798377,7579.361,68.263030980145
88.126069,15.798101,1868.877,68.274906799800
88.123715,15.798409,1764.009,67.386015036730
88.189532,15.798319,6632.370,109.96644458735
88.159799,15.797434,1384.565,100.34834386682
88.160129,15.800164,991.321,86.197328435145
88.158641,15.801901,3698.392,75.928583539774
88.071709,15.798059,3697.074,75.935718018133
88.096899,15.800617,18059.710,75.932580926792
88.129942,15.799744,14688.726,138.77270529682
88.043893,15.800789,14377.150,138.72731167394
88.241320,15.799531,1276.597,138.77135235362
88.238856,15.802935,8533.450,138.78250819937
88.241073,15.802295,1569.648,138.69963372160
88.102141,15.802675,20226.843,138.73467290642
88.103055,15.805297,103988.203,95.040145942777
88.097845,15.808506,25046.206,318.21046856062
88.099966,15.807214,4367.788,91.956565877448
88.102149,15.810069,13517.246,71.228261801802
88.102335,15.812734,2728.488,109.54548112749
88.171481,15.802982,10323.213,88.304418145216
88.024897,15.805852,110969.903,153.69010373054
88.040208,15.803037,9831.265,153.71779250051
88.207787,15.802301,1845.315,153.70312015993
88.136644,15.804822,19409.334,78.733195928847
88.226024,15.803940,9943.913,78.715194008634
88.187092,15.806454,70763.831,149.30114656280
88.190480,15.803583,1286.483,75.252035669337
88.190030,15.806214,1438.463,75.269114673841
88.031215,15.803667,5375.798,75.251729838946
88.033536,15.804700,2476.984,70.244133723183
88.177138,15.805901,35602.791,192.48745940995
88.167375,15.803462,2597.886,89.555382299834
88.165112,15.804586,4364.378,109.69030989139
88.167134,15.805944,1546.754,109.72673999767
88.087879,15.804673,1676.759,73.053150644172
88.129631,15.808188,60288.246,62.055472030347
88.208192,15.806764,8492.270,62.339589876812
88.008107,15.808777,28216.135,97.409131701674
88.006307,15.807453,4232.190,71.237649093686
88.143389,15.806861,2932.419,66.615829687716
88.062701,15.806143,1182.724,65.610325314837
88.242796,15.807425,3042.160,65.606744213240
88.016473,15.808831,11216.486,67.665851176739
88.002006,15.806470,1837.756,109.65037088378
88.171712,15.807716,2137.799,60.895312245440
88.157590,15.808159,4525.303,65.630159230927
88.155819,15.810086,1983.545,65.633189994252
88.238728,15.807065,1115.564,65.645981445888
88.160904,15.809845,25280.223,105.19069957636
88.067384,15.808491,3837.692,71.678249366866
88.193483,15.808675,1961.470,58.788545641112
88.198662,15.811915,1658.356,64.333812475758
88.195053,15.811606,1052.309,64.332967466770
88.121803,15.810707,19938.135,127.62781072387
88.107389,15.809646,2302.276,66.641649753058
88.226280,15.809320,1137.869,66.647129994377
88.038313,15.810297,1983.741,66.647737339885
88.037528,15.812273,1515.265,76.044176786628
88.010949,15.813402,25477.570,118.46134870508
88.206919,15.810713,2412.896,118.46334776561
88.212832,15.812241,3748.242,96.380285754434
88.209829,15.812597,1155.376,85.219434353078
88.087215,15.811526,2706.124,85.219855053032
88.142747,15.813492,41241.403,85.236105757304
88.146164,15.813460,2431.583,85.257114281210
88.024423,15.813017,15527.796,109.13938610303
88.175268,15.814568,21677.806,396.52090691563
88.176657,15.812021,1466.001,88.273698742374
88.171802,15.814803,10003.988,99.917150994096
88.170805,15.816559,5713.161,88.098441985925
88.162349,15.814364,21499.411,88.082170434059
88.046318,15.817228,142826.579,61.768693414635
88.180614,15.814197,13665.985,70.181598707348
88.050805,15.814678,16182.459,128.70516376856
88.166146,15.814645,16880.848,128.74084442718
88.168016,15.814177,1546.672,128.66043368906
88.218246,15.812650,1329.643,142.39510612091
88.097186,15.812405,1087.353,61.014853080457
88.079901,15.816943,61326.887,61.041285561100
88.077244,15.816407,2022.284,75.455007505980
88.074276,15.818027,6319.069,64.040426141224
88.104923,15.816464,28225.378,70.086135378804
88.000198,15.813752,1239.006,73.582398624293
88.002421,15.815738,1454.180,76.938626402734
88.229965,15.815453,3674.890,126.45623389017
88.204980,15.815662,3252.036,60.604434104472
88.153163,15.816063,3042.155,76.627020114190
88.088532,15.816088,2768.417,108.94614074182
88.040497,15.815562,2180.924,108.96692035438
88.160954,15.818542,35573.405,108.92334639473
88.222664,15.815729,1050.177,108.97257888463
88.157301,15.817267,7864.585,65.987415924709
88.007501,15.819884,34551.746,106.29194233282
88.004985,15.820647,17734.318,149.99932644114
88.010339,15.821083,9518.879,149.91045786598
88.001974,15.822628,1697.993,107.64387241291
88.238040,15.816776,1084.325,107.67764007944
88.183060,15.819439,17801.189,75.252974157524
88.070724,15.819404,8955.748,75.249980638963
88.073015,15.821906,60757.764,73.402323579267
88.245885,15.817502,1169.583,66.999963023064
88.245549,15.821050,36854.061,78.603705988586
88.050738,15.819471,5345.405,84.943492506475
88.051100,15.822119,1423.361,77.652389957801
88.189043,15.819072,2638.654,76.390120847616
88.094337,15.819713,2454.773,73.828329261092
88.228701,15.819973,1213.773,73.830383720106
88.123746,15.821558,5918.869,76.516866763143
88.103273,15.820260,1972.752,74.514823103947
88.110763,15.821559,6506.327,68.973808758672
88.084149,15.821185,1210.655,93.664370600735
88.085293,15.823319,1815.905,76.316094169857
88.034836,15.822712,4793.543,67.643404700071
88.214248,15.822602,2771.772,71.674609112383
88.198141,15.821802,1627.356,71.455741331894
88.229210,15.824447,9622.773,71.472459718254
88.018348,15.823609,5261.914,67.956150657822
88.241443,15.824607,2572.396,64.421783111274
88.235328,15.823832,1107.301,79.112934767020
88.098861,15.824223,1006.365,85.654560190334
88.039188,15.825768,3273.519,85.657099488676
88.063808,15.826169,2720.389,85.687406275559
88.131128,15.825995,2287.117,85.659024434326
88.089229,15.827711,7078.137,85.659155759833
88.181724,15.829314,29219.278,85.640516703504
88.178193,15.830292,5426.132,85.647982319213
88.174850,15.829332,2638.031,73.475427658304
88.183335,15.830444,3098.891,68.494534580156
88.175082,15.832186,16241.554,92.456068549926
88.179514,15.832914,1492.053,92.440187187326
88.181076,15.834615,1374.353,76.992678593420
88.109011,15.827835,3733.691,92.413324249625
88.050182,15.827961,2956.243,82.002641590840
88.216994,15.831646,17380.424,82.036301274283
88.216518,15.834413,2856.168,71.024172663996
88.169979,15.827007,1115.469,67.085816346674
88.187437,15.829927,14229.908,83.957196297690
88.068757,15.828376,1701.862,70.248759714354
88.068581,15.830243,19559.485,67.569833513407
88.103405,15.828911,3558.796,77.474545334522
88.218063,15.828043,1923.690,71.184714432315
88.036134,15.831299,6990.118,71.187654615704
88.039911,15.829486,1757.505,149.14272302406
88.134298,15.830000,2415.351,74.835018799520
88.166291,15.831129,5267.612,80.096413436750
88.201565,15.832571,11788.030,61.530332709322
88.198505,15.832032,1487.645,70.254163595495
88.105677,15.836055,34825.876,81.856085893850
88.057105,15.833513,1744.889,72.637545288304
88.023381,15.835178,8881.895,70.930136168804
88.161495,15.833185,1179.429,109.29694091116
88.168851,15.834130,2287.821,109.32056024506
88.036329,15.835298,6472.116,109.27124660392
88.223764,15.836462,8554.482,109.29195651821
88.238772,15.835772,5656.475,65.999113921131
88.195047,15.838201,47449.452,84.523107635580
88.197196,15.838899,1665.822,97.360535113545
88.189649,15.839932,2182.421,100.51041004923
88.192922,15.838910,968.964,100.53138278961
88.071152,15.835142,1622.453,166.80116697363
88.210774,15.836897,9833.951,207.69571586929
88.101264,15.837414,9775.223,108.94020540669
88.012130,15.838164,17977.508,72.313040763814
88.013903,15.841247,2792.174,84.035413966477
88.075433,15.841302,37673.171,305.54844712730
88.079467,15.839569,58293.308,173.84024636850
88.046172,15.839728,18996.622,173.81357144630
88.228413,15.838848,1771.907,173.87650857855
88.203339,15.840240,5542.025,70.345001820014
88.001701,15.842644,109699.580,87.077512700436
88.122463,15.843324,100452.903,87.104392088813
88.123569,15.841155,1314.693,78.909202501362
88.119188,15.843596,2912.259,72.180809092428
88.216065,15.839126,1949.906,73.463644692463
88.057686,15.841264,4426.057,84.967080691478
88.059405,15.842219,6891.009,73.903567699912
88.039998,15.840047,1354.488,73.430170578092
88.109487,15.840802,1699.817,68.338223047155
88.165618,15.841080,2539.455,156.40792511918
88.024803,15.842554,9602.284,133.82017083185
88.185444,15.841083,2167.655,68.749251204411
88.169931,15.840851,1828.943,73.261209603803
88.151916,15.840945,1342.737,82.053153647259
88.036134,15.844348,40466.395,72.966495177636
88.068075,15.843801,32501.849,94.271404413463
88.052913,15.841742,2605.065,74.650164656474
88.211039,15.842027,1927.625,73.813122925380
88.143405,15.843007,5915.973,65.352578452640
88.234889,15.843274,3964.169,78.321783569135
88.132809,15.844045,13989.070,78.314682983717
88.181199,15.844140,6452.875,83.349588773490
88.218692,15.842402,1489.903,70.725938867816
88.240951,15.843111,2337.691,91.565038749354
88.051065,15.845227,12206.331,71.853055794927
88.053946,15.847428,3000.199,70.737067204934
88.104153,15.845784,8787.873,126.51108325004
88.047152,15.846512,4724.968,72.277601382709
88.169895,15.846704,9559.498,425.88230666347
88.093148,15.845894,1693.984,94.652851395415
88.080041,15.846266,2790.687,72.957927066399
88.132005,15.848850,25181.274,72.954444016382
88.144464,15.847018,3135.803,72.947059148434
88.129955,15.852060,167476.060,72.941267493974
88.012445,15.848897,9308.088,72.943158613425
88.147899,15.848654,9890.161,71.890514103447
88.152051,15.848942,4277.581,91.176961743385
88.148896,15.850549,1366.554,100.27701570329
88.147102,15.853100,4094.569,62.563524995210
88.144743,15.853299,1255.522,64.335977237289
88.158922,15.848698,4359.159,258.35428146945
88.246193,15.849219,8117.542,64.769423411130
88.027505,15.850972,22563.062,75.238408749719
88.219315,15.850092,3087.111,70.662797347236
88.001653,15.850249,4040.479,73.430220851460
88.225727,15.853779,88014.993,71.412668731719
88.199642,15.850282,2371.928,71.433076715883
88.098089,15.850216,4172.189,68.590186410770
88.184968,15.850072,1971.732,65.529533956442
88.174258,15.851279,4492.178,95.387473833539
88.017607,15.853102,4752.644,67.358729052341
88.014516,15.854160,3028.610,77.110062725087
88.183302,15.853526,5563.539,77.099667541224
88.212841,15.852676,1491.178,77.085873412518
88.086333,15.854541,12610.524,77.082910567797
88.045822,15.853960,2031.807,68.584331681250
88.179104,15.854172,2291.761,63.046249969765
88.175682,15.856048,13066.994,72.583611762771
88.177770,15.856577,10831.252,73.454899631726
88.177615,15.859063,1660.633,73.441743651068
88.163019,15.853787,1950.577,82.321876513030
88.136109,15.854903,3035.598,96.832016786780
88.207541,15.855733,4546.120,160.65897683458
88.124848,15.855622,2783.828,151.40129900062
88.127703,15.855720,2135.820,81.755375509791
88.096640,15.856250,6947.265,81.932727388984
88.003594,15.857037,10476.996,135.80807961403
88.196391,15.860463,47967.081,154.49515302248
88.169082,15.855149,1088.595,108.66995609182
88.100731,15.856765,4793.501,69.366539818924
88.026275,15.857095,5530.680,174.98660785615
88.080496,15.858947,26149.853,79.188259829088
88.040929,15.859739,35029.608,72.576634965272
88.108421,15.859347,20478.140,72.554457922298
88.037588,15.857718,1315.411,78.782956272799
88.151745,15.862242,54667.269,87.923703988341
88.009888,15.858318,1168.426,80.519726854445
88.139145,15.859973,2538.141,68.209601284315
88.141080,15.861077,4832.398,84.520472571337
88.232071,15.860644,6763.554,68.426126545280
88.030474,15.860789,7695.533,68.401683409819
88.099364,15.861308,6840.344,81.656284624633
88.122632,15.860242,1616.440,148.61428166163
88.126917,15.861426,5587.743,74.234706578881
88.220406,15.861645,5761.627,83.585708973052
88.217565,15.861338,1782.551,63.193385495434
88.050386,15.863621,7322.562,75.391962297472
88.179525,15.866316,40529.874,73.278274502366
88.082261,15.864208,4788.856,66.661367114153
88.031977,15.864198,5363.255,101.15494292506
88.239045,15.863259,1419.729,71.558763661452
88.230248,15.865311,3099.198,75.199812819352
88.198120,15.865251,3392.176,75.194998394409
88.013947,15.865042,1532.700,266.89512979242
88.244886,15.868142,18873.362,76.230742122424
88.018749,15.866546,4239.072,76.224094054927
88.175929,15.867656,5800.560,98.816694896941
88.174059,15.868632,1372.159,72.510165003651
88.198083,15.871703,99398.650,56.862947152115
88.163028,15.867747,4768.343,76.208826825724
88.165898,15.867470,2703.058,109.59145489976
88.029590,15.869202,13027.852,200.71927571132
88.133771,15.869453,9808.946,200.67770408162
87.998772,15.867490,693.372,71.155175514086
88.141722,15.870556,6162.844,71.145603949322
88.229082,15.871721,17924.057,70.309627386255
88.063853,15.873717,73787.444,66.715942926128
88.062714,15.875666,1126.520,96.286287064363
88.146824,15.870274,3592.707,68.412585378792
88.149587,15.871626,3657.462,182.47489693701
88.116995,15.870132,2859.450,182.44763081183
88.223986,15.871376,3264.144,182.45095850751
88.232916,15.872797,17131.133,134.30577827820
88.238773,15.870426,1140.098,134.32180870336
88.220509,15.874980,101788.890,72.539161465004
88.214081,15.874836,2436.380,75.104370753697
88.217060,15.875745,1123.676,68.750706471477
88.029557,15.874698,49022.593,65.861505751073
88.027422,15.873151,1915.066,71.743758510279
88.034308,15.871751,1762.796,134.47894649511
88.125970,15.873258,5234.679,74.430421355322
88.205320,15.873795,3022.592,64.050241896339
88.003296,15.873984,2096.670,87.703425775085
88.166561,15.873770,1776.390,87.695239692140
88.078679,15.876798,25146.121,73.459129223975
88.104869,15.876656,9969.803,131.85923236889
88.182801,15.875241,1069.217,70.598167121504
88.212764,15.881105,11892.469,69.582002871235
88.211024,15.882667,1277.699,69.592308940740
88.230935,15.877636,2660.587,86.370036217326
88.084317,15.879916,32909.865,78.036982718362
88.119954,15.877659,2373.586,115.94588279777
88.137285,15.879469,3085.630,77.784870875463
88.135091,15.880409,3440.557,77.770112291028
88.034358,15.880426,4653.060,77.778377782612
88.245315,15.879580,2822.525,85.045906741531
88.111660,15.882211,24113.352,74.251951470870
88.124260,15.880201,2181.804,69.967886647995
88.123782,15.882855,3740.883,102.56635922362
88.122940,15.884706,2456.081,76.893591700222
88.079360,15.881171,5341.916,76.895801476072
88.057684,15.880544,3093.715,76.860743438462
88.194141,15.880565,1900.391,69.309034973008
88.183395,15.882572,13816.249,67.783182588383
88.019514,15.882187,6992.858,183.96431320379
88.016540,15.883403,1858.698,75.451027975561
88.019002,15.885624,6257.879,92.275310148190
88.042224,15.881385,1463.521,92.279526186772
88.230016,15.881390,1222.689,92.238332269878
88.046212,15.885541,68295.390,60.065597408746
88.102378,15.883917,3121.913,67.729919868550
88.231865,15.885945,19904.348,67.703559971402
88.229591,15.888477,5647.979,67.703488314352
88.229804,15.891479,2377.280,119.78542669856
88.248636,15.882781,615.649,119.80072171957
88.004343,15.883138,1167.537,119.81721259510
88.004274,15.885715,1902.274,119.76989994613
88.002160,15.887101,1823.209,74.622961306960
88.082553,15.887066,57647.057,78.063483111251
88.084340,15.885743,2590.679,78.069644045110
88.089891,15.885740,1809.623,78.094173142347
88.087696,15.886978,3291.468,265.04294382659
88.154288,15.884503,2836.647,74.187890540105
88.174103,15.885487,9851.854,74.221092205429
88.171954,15.885571,5951.024,141.06036094261
88.170789,15.888310,2784.536,141.03238379711
88.076652,15.888003,83232.849,65.642450546369
88.034141,15.884323,2345.991,65.102619560693
88.031175,15.884138,1359.848,68.185583402250
88.236426,15.888196,51438.732,68.217831210308
88.237315,15.891495,1789.798,77.518025033935
88.214461,15.884329,1288.532,95.038892005493
88.073798,15.884383,1521.542,70.786532463985
88.241974,15.885218,2000.110,70.772671729013
88.243647,15.886640,1218.857,70.760017221358
88.146015,15.885225,3384.662,70.757646685508
88.142627,15.888017,12987.187,76.902905884511
88.127831,15.886596,3233.106,61.039570433445
88.133008,15.888784,3206.697,65.804535332111
88.130388,15.889111,3233.332,70.341408028133
88.134925,15.889253,1652.293,70.351142178662
88.186142,15.888474,7521.948,71.463070111326
88.069502,15.888255,2010.322,68.309867975904
88.062769,15.889240,2446.423,83.438015638247
88.193112,15.889727,4320.744,114.87627319014
88.194220,15.892455,2841.647,70.983364802212
88.148804,15.890140,3468.589,62.134617997534
88.066141,15.890887,4339.225,85.896409247162
88.105458,15.891960,9067.242,58.976211146184
88.046723,15.893064,21952.479,73.100508551250
88.032667,15.892124,3383.811,68.257330887305
88.109641,15.891874,1783.486,68.271270040806
88.241753,15.894296,11020.095,84.257786159948
88.086074,15.892392,955.003,84.296841463919
88.209377,15.892931,1874.251,84.251490389280
88.131298,15.893120,1623.411,232.50653256726
88.132745,15.894516,3289.500,92.164469256894
88.162198,15.893494,2791.098,65.849774317215
88.162891,15.895459,24141.940,78.345212491865
88.164215,15.893696,1254.356,90.631836009643
88.076541,15.896562,69996.332,67.589657992550
88.028437,15.895424,13803.149,73.754085887321
88.169696,15.894004,1873.814,75.205201915186
88.190273,15.896009,8245.413,115.49649578192
88.208612,15.896646,11004.894,77.009474724482
88.184533,15.894608,1063.060,66.921818844008
88.009988,15.896244,4611.447,67.127975952419
88.197978,15.897160,7244.038,138.00962280463
88.102064,15.898607,24241.776,73.752168383297
88.106654,15.897862,8646.789,290.62330518372
88.060884,15.896250,1262.881,290.62863054312
88.233673,15.897549,2502.684,77.591978614636
88.183854,15.901077,31657.510,77.643389098442
88.043085,15.899140,5540.270,77.607776147628
88.014190,15.903839,159573.955,70.112380780346
88.013716,15.906212,10936.270,64.432283567930
88.241472,15.900072,10272.485,150.65302149500
88.244303,15.901978,2119.090,150.73087518920
88.246855,15.903664,10001.816,150.68511866744
88.095929,15.898594,1759.563,68.994219691984
88.203509,15.898921,2161.878,62.899086611649
88.217720,15.904099,82002.850,66.142257928671
88.219539,15.901719,3520.351,75.334958421197
88.214200,15.904637,3647.628,75.255548577195
88.229196,15.901083,4499.850,83.033799912853
88.154669,15.901777,2716.849,105.93185200336
88.163322,15.901372,1519.456,166.82953294266
88.035247,15.901956,1921.983,102.75862676463
88.205830,15.902019,2800.889,102.79228305466
88.091137,15.903297,6603.070,86.550926751272
88.198305,15.904708,19993.203,95.281027183434
88.076810,15.905997,42024.874,95.292190401850
88.233641,15.905409,28107.338,95.320494079008
88.235240,15.906434,1074.381,87.808450671140
88.017957,15.904698,6636.443,79.396385209366
88.142467,15.906342,24998.420,81.260746661496
88.136656,15.905539,4167.171,75.852852104048
88.139115,15.904996,2246.195,206.19149346037
88.240901,15.905393,5461.984,120.20647814705
88.207540,15.905459,5186.526,81.800639533628
88.225081,15.905578,5337.590,68.250372003121
88.159478,15.905376,1528.433,65.783557166855
88.118028,15.909599,63379.499,126.61491882571
88.202307,15.908676,19884.861,89.980928019930
88.166913,15.907960,7227.168,89.973038513991
88.063314,15.907020,1145.684,65.141566324729
88.018340,15.908577,2629.084,70.711354331871
88.096126,15.910599,30238.009,91.844971455920
88.227922,15.910288,7002.804,69.071033824239
88.227984,15.912658,6018.473,62.178418695443
88.010524,15.908724,1310.954,67.436510382292
88.148975,15.910178,5028.572,80.726454600069
88.161122,15.910783,8188.399,71.727326974317
88.173331,15.909991,2580.513,74.824731400811
88.089342,15.910324,1424.694,116.11072933670
88.066188,15.911391,4603.548,202.19455419272
88.084115,15.911881,9749.144,69.417161821881
88.123882,15.910404,1016.334,66.264415584464
88.233272,15.911153,2707.750,106.99927035252
88.050651,15.912180,2352.041,107.46760695038
88.110408,15.915296,65890.411,128.06036689329
88.038364,15.913010,2257.451,128.06445496773
88.179990,15.912458,1102.593,128.07427896934
88.028188,15.914858,18403.939,128.01195544393
88.222725,15.914877,14280.842,77.747013763311
88.176039,15.915928,45145.939,138.41200949827
88.174808,15.913440,1541.477,138.39836365326
88.174326,15.918519,56078.145,73.035038751495
88.171344,15.917821,1420.269,144.35083015392
88.153095,15.914735,10573.270,144.45673493176
88.216851,15.916811,51914.273,172.99531730845
88.216489,15.919475,8411.810,188.38845530000
88.078997,15.914271,3350.470,188.35954710186
88.163321,15.916891,52506.176,173.64368415163
88.165102,15.915390,3818.483,173.64950025511
88.190907,15.917552,44290.045,63.342486088383
88.126926,15.919836,92486.900,63.376281571400
88.123662,15.918921,6960.786,71.580205169844
88.139432,15.919654,73608.333,66.056227725863
88.135926,15.919894,3575.374,107.88461205223
88.142088,15.915882,2106.790,73.367040774089
88.144297,15.916580,1657.256,73.350880947956
88.064631,15.917514,3325.875,64.956521783206
88.114968,15.918136,2873.928,230.19348405482
88.023803,15.920249,21127.368,230.33008739924
88.087689,15.919826,6846.357,230.36285783870
88.090618,15.921320,1064.724,69.008740016617
88.240055,15.918646,1145.036,69.886317489749
88.192838,15.921397,8007.069,81.860070820810
88.191423,15.926039,137762.433,81.866803747349
88.192371,15.923738,14053.970,138.03177679391
88.081189,15.920525,2123.976,75.187471267568
88.011537,15.919846,1377.336,75.159840272513
88.200792,15.922098,8997.391,75.167552003144
88.201563,15.923776,6885.506,272.23054678483
88.026228,15.923423,25739.191,72.950608567542
88.183166,15.920602,1193.927,72.970742957803
88.185308,15.922321,1946.225,72.985562533078
88.185327,15.925223,7954.462,72.607650033363
88.204591,15.927266,83237.338,72.627406795199
88.044567,15.921483,1089.802,72.851170062502
88.045077,15.924623,1072.505,64.629479646511
88.042995,15.925241,1265.619,101.28346568162
88.137671,15.923463,3475.487,77.167068211702
88.134206,15.923936,2521.906,77.172049204376
88.035055,15.922529,1735.469,77.170287394721
88.219736,15.922095,1155.524,77.038881015466
88.126800,15.924762,14545.566,72.002567473310
88.019754,15.922607,1407.864,72.010597311453
88.016595,15.922940,1231.381,72.018664214878
88.017118,15.925241,9972.024,72.049660099901
88.097287,15.923599,1140.810,81.111433649465
88.243823,15.925248,6752.692,81.144863825662
88.241449,15.927447,4132.621,86.462755789298
88.240551,15.929154,3083.924,177.89897494545
88.143563,15.924483,1708.189,92.757323386479
88.220725,15.925709,7119.950,86.734296676800
88.218771,15.928175,4479.161,157.33796317021
88.156681,15.925766,4865.858,157.32552196385
88.063654,15.928392,49402.930,233.92175306673
88.034895,15.926652,7112.283,73.532912007259
88.028746,15.927329,9162.741,74.791095373375
88.212761,15.926675,4675.023,74.196630037800
88.211841,15.929979,60019.517,73.172179505619
88.115823,15.929460,76453.180,154.16373611465
88.108203,15.925897,1468.415,154.28451054394
88.101725,15.926398,2204.192,154.15550212285
88.151698,15.930470,7423.495,72.715279674307
88.093843,15.929961,3065.962,129.84467659757
88.180021,15.933550,73764.615,129.81465875617
88.176831,15.932694,2331.405,82.548188166200
88.181159,15.936018,4764.437,57.659733354384
88.030072,15.930813,2322.485,70.734464979694
88.116111,15.934783,40201.063,74.606675805102
88.118318,15.932727,1980.393,68.152594626491
88.025676,15.933094,9147.610,79.125465374062
88.019323,15.931978,1150.646,79.147930563479
88.063429,15.934182,5923.663,70.984282464420
88.154632,15.934640,4881.531,71.025420312146
88.049081,15.935579,2148.013,332.46278792252
88.080031,15.935709,2283.245,332.48346106425
88.077413,15.936707,4845.970,62.263903075776
88.225527,15.936909,3095.959,64.877391156509
88.223031,15.938616,1199.357,77.451971142133
88.046350,15.942406,183266.806,177.79630256873
88.048897,15.943356,2016.182,80.011787821692
88.235910,15.936281,1180.121,236.16632680294
88.240373,15.937432,2395.261,64.734928027404
88.246498,15.938437,3489.529,79.931714125333
88.117906,15.942130,65210.941,74.005098476283
88.038091,15.939287,2975.656,115.43697069869
88.194906,15.938726,1796.106,69.058560179253
88.212916,15.939195,1436.725,70.584006057649
88.030487,15.940028,1398.258,79.649427035857
88.186892,15.941544,5620.960,79.672081932713
88.062098,15.943831,25174.106,79.678971762574
88.176323,15.941440,2554.246,79.690584901147
88.243550,15.942819,1927.562,81.271095867083
88.142956,15.942146,1091.256,78.201070995316
88.136379,15.945790,15044.593,193.56508997531
88.141552,15.945270,1629.350,76.029394711846
88.138616,15.946799,1438.639,85.097410845046
88.032641,15.943129,2167.575,77.327290065622
88.181056,15.944311,4454.571,84.497892081979
88.057836,15.947054,62822.601,84.522490139324
88.006700,15.944112,4010.100,74.453886595797
88.239339,15.945292,10544.760,86.958140233612
88.189310,15.944937,7967.232,75.603601166543
88.070734,15.943205,1344.584,75.638391698802
88.072881,15.946024,8054.948,88.004599763967
88.042819,15.944646,3860.079,90.074177198327
88.011021,15.944213,2038.972,90.079125371662
88.090510,15.944849,952.624,284.52807774774
88.089092,15.946967,1504.720,157.98844361169
88.094473,15.946808,6356.711,158.02016754241
88.100638,15.946296,2036.426,72.208006172313
88.099272,15.948191,1761.750,69.224959349179
88.244736,15.950481,102274.284,106.24536873840
88.148450,15.951180,64871.891,106.24675058466
88.151917,15.950743,19559.522,72.514510114133
88.156043,15.946954,1166.148,74.301292240244
88.019165,15.947996,1847.409,81.060341660138
88.141703,15.949980,24581.474,81.098088266760
88.143703,15.951732,2232.338,79.490541958537
88.112680,15.947305,1360.538,79.750569538593
88.225900,15.948806,3748.916,84.533642935778
88.179625,15.949243,6224.888,84.522413978716
88.181245,15.951875,2000.747,75.759389736250
88.048288,15.949635,4898.878,73.980346106773
88.221271,15.948922,3000.134,73.987232766331
88.006648,15.950497,9203.817,74.645868243869
88.003940,15.951950,6263.603,66.797416688766
88.054735,15.949265,1907.405,67.656001242242
88.063272,15.951535,9693.496,67.659360354298
88.063876,15.953692,1458.248,78.023827301025
88.200464,15.950110,1295.396,145.28295041601
88.195442,15.950886,1152.662,69.902048158114
88.090075,15.950647,1195.042,73.243414359624
88.090482,15.953448,3149.590,73.223929084982
88.162526,15.951786,4369.783,73.235190411257
88.177621,15.954233,33066.192,91.348713018968
88.207017,15.951583,1356.482,78.821320291677
88.040458,15.951463,1192.756,90.265228222989
88.042923,15.951864,1056.507,65.277426138441
88.043470,15.955007,6876.863,153.31078803694
88.098161,15.953615,9020.804,60.805225299954
88.153821,15.953914,6787.789,71.744614417041
88.195569,15.954528,11293.793,64.473444209973
88.127752,15.953003,1059.012,201.65074831761
88.032821,15.956878,42510.766,77.137242447460
88.165854,15.954072,1225.332,68.491608322704
88.157892,15.954495,1613.644,88.860049292701
88.055051,15.955125,1313.522,88.903770952471
88.218830,15.964355,55562.328,86.041804872060
88.190647,15.958531,8525.955,71.852372386836
88.080401,15.957662,1317.852,71.876113749625
88.050297,15.959364,15899.718,65.372103465293
88.053538,15.959636,2201.062,81.888358256801
88.022260,15.958517,9593.068,81.889912938746
88.230632,15.958670,7261.911,62.687496861087
88.230852,15.961506,6579.509,75.049218060129
88.172888,15.956965,1139.260,75.068484687368
88.005503,15.958040,2730.485,70.228092586361
88.004616,15.961290,1194.113,70.199080737718
88.148787,15.957439,1028.226,60.758208382935
88.241860,15.957348,896.787,89.561241709928
88.242670,15.959332,1109.448,89.597759605414
88.164330,15.958213,1605.595,78.925816190665
88.166814,15.958622,2187.768,64.343182841228
88.144576,15.958654,1098.298,108.67985818346
88.064856,15.961661,19431.040,86.377394217827
88.067065,15.959807,2892.024,92.952427512095
88.104417,15.961172,10075.952,92.979625890389
88.212535,15.960499,3064.833,65.336240217123
88.109241,15.962546,21256.983,66.935928950753
88.096757,15.962091,8428.042,84.180287460369
88.032765,15.963125,16231.686,228.38452191257
88.035438,15.964247,2498.553,101.02743584079
88.170279,15.961694,3738.283,73.866299284740
88.153595,15.962219,3191.835,70.431358190406
88.086133,15.963403,13068.443,74.333861089418
88.194889,15.966835,71532.471,74.332826176493
88.198159,15.965053,14468.502,74.347677357933
88.134431,15.964758,5306.671,93.210778773067
88.144027,15.963125,1578.910,71.104057622107
88.060078,15.964282,3161.712,122.63034361151
88.057706,15.967011,1107.474,260.15608331797
88.057401,15.970007,4826.263,270.86759418961
88.179621,15.965587,13414.152,256.34419035190
88.081466,15.964786,2501.885,137.71375284846
88.090497,15.966868,27023.972,62.880615924517
88.163355,15.969664,75123.273,71.753166420839
88.034567,15.968355,73930.623,68.839877607448
88.179132,15.969535,71702.158,100.74451630674
88.044521,15.968740,39599.807,66.214371774026
88.248286,15.967196,3881.185,99.554417948166
88.021419,15.966863,2821.503,99.540229228178
88.027441,15.967574,2824.793,99.531390794687
88.184791,15.969204,14646.522,99.490837372353
88.170820,15.967332,1430.920,69.386970547162
88.172405,15.970871,34831.766,82.557335494258
88.166980,15.972819,18122.580,77.139882595949
88.170505,15.973127,5330.426,93.227350793967
88.173815,15.974154,1230.286,69.492615802968
88.012010,15.968173,2089.302,218.90757647578
88.140813,15.968408,3663.083,439.63296435944
88.049394,15.968157,1337.140,87.367032297608
88.197514,15.970737,10752.532,87.372184834261
88.081550,15.968555,1018.305,225.72847653832
88.246868,15.972036,64801.058,86.060475711898
88.061984,15.977798,200376.026,359.63158786752
88.119242,15.972848,19007.565,192.07023314522
88.116362,15.972216,1197.680,192.02591409524
88.038462,15.975039,80774.170,134.32113642920
88.216778,15.972073,7247.321,180.78050931635
88.145557,15.976136,157812.478,78.690913665561
88.127071,15.978193,92125.957,71.931509745071
88.128497,15.975106,1480.828,62.620889826467
88.240467,15.973937,28612.412,70.482785979227
88.088604,15.974830,60925.769,64.994802626032
88.201371,15.972704,4023.732,65.002935982220
88.137830,15.971845,1518.612,63.789599335290
88.191014,15.972278,1182.108,59.459356579354
88.107921,15.973564,4790.693,83.265170087163
88.229839,15.973058,1280.726,83.286037947676
88.230717,15.976375,2767.747,83.285296195385
88.016314,15.974510,6999.250,71.694880734721
88.047005,15.973642,1833.751,67.178431316682
88.031804,15.974361,3740.127,82.372263436795
88.029631,15.974047,2787.994,82.379953435080
88.031247,15.976118,11391.238,64.456491809688
88.142778,15.973659,1116.735,252.36793135042
88.094731,15.974634,1517.005,252.34677139572
88.002446,15.976373,10464.581,174.63439380955
88.004873,15.977475,1332.110,66.154789889050
88.066249,15.976074,2840.453,85.257911235655
88.203209,15.978508,27367.102,85.239764851863
88.201903,15.981440,99943.670,68.510131702727
88.169459,15.978860,50715.645,68.495777551179
88.194800,15.975895,1827.899,68.501647438519
88.242897,15.977149,7953.670,68.510513933314
88.239502,15.978542,5042.860,65.956385921127
88.010992,15.977042,2717.198,78.345128892535
88.016266,15.978442,4693.581,69.504381168246
88.018939,15.979290,4860.552,75.302300083112
88.014283,15.977656,1046.801,155.30342913274
88.247938,15.976943,2226.552,109.85706045892
88.188789,15.977773,4109.254,109.84689857228
88.098276,15.977391,1526.211,112.87576433340
88.216230,15.978139,2893.293,64.110048563201
88.229485,15.981625,32696.321,124.27664387605
88.068479,15.981083,11657.352,76.970793116763
88.068580,15.984130,29635.096,71.312874386765
88.173543,15.982089,20452.992,92.859485787611
88.182242,15.979928,1240.724,92.858640558420
88.155500,15.983387,21268.699,174.35201324829
88.092136,15.981422,3396.807,64.101825073182
88.195619,15.981742,2981.630,73.017255640676
88.081335,15.984226,21335.266,335.14726805820
88.079003,15.982959,1871.222,59.171800311818
88.037180,15.985103,53538.921,72.819542719643
88.126302,15.982572,3200.344,73.031682936686
88.014786,15.982680,2473.007,62.918492009174
88.118248,15.987841,123351.085,77.689420301531
88.189942,15.983088,1602.252,68.343235948362
88.214689,15.983675,3199.851,68.341035509134
88.006833,15.983853,1481.424,75.745982513791
88.224114,15.983945,1365.085,68.907233502535
88.026182,15.983904,1283.054,167.72817513922
88.051768,15.983979,977.831,70.283427714409
88.050045,15.986412,1174.169,90.817053655632
88.089056,15.985084,2835.047,90.820980087755
88.221253,15.987077,5083.559,90.783411338350
88.182436,15.989505,40861.303,252.22301682459
88.055042,15.986947,1525.053,252.15583768733
88.187592,15.990270,25465.526,174.31534555575
88.185327,15.992926,2993.642,94.737867853625
88.186674,15.994591,2657.906,94.746375056508
88.198829,15.991567,87205.913,66.625834622853
88.201627,15.990816,7092.121,108.77957375991
88.219067,15.990350,15528.662,108.81786104005
88.166681,15.990021,9508.638,68.070370522316
88.165533,15.992890,16954.828,150.48403125912
88.015451,15.989019,1903.076,150.54145765552
88.143688,15.991663,33067.870,76.872176262520
88.141675,15.992195,1260.325,81.441177059771
88.081696,15.989217,3083.926,75.200096244531
88.232136,15.991742,37810.239,65.011979724059
88.229462,15.991658,20251.847,92.864799084784
88.001390,15.989531,3726.575,98.352482533218
88.127030,15.990849,8938.647,73.249973772373
88.092214,15.990780,4625.626,84.613100535128
88.105497,15.991006,2762.319,90.348591146623
88.056916,15.992487,11995.367,78.640344606198
88.066481,15.992661,15454.338,69.421397596177
88.171665,15.991539,1952.483,57.379443619344
88.157166,15.992289,5292.751,72.573313233674
88.014206,15.993330,16329.405,""
88.005636,15.992837,7026.003,""
88.097134,15.992743,1979.873,""
88.038319,15.993921,1670.610,""
88.193538,15.994728,2361.219,""
