#mjd: 59873.33884
#filter: V
#airmass: 1.427
#seeing: 1.1798174399999999
#m5sigma: 20.5798
#exptime: 30.0
#night: ut221020
#ra dec flux fluxerror
88.035230,15.755478,8831.033,52.885180217905
88.147028,15.755416,5609.932,93.098459985427
88.063622,15.756718,19652.308,44.411183238034
88.133726,15.754753,nan,76.368364911077
88.089326,15.756262,5568.185,47.908276976048
88.070710,15.756911,10850.994,34.089133204848
88.052765,15.756705,7572.614,31.036494422632
88.002652,15.756042,1729.769,149.75065186403
88.135631,15.756317,740.428,76.224742827849
88.099199,15.758638,25019.601,36.619974428025
88.041684,15.758325,13630.360,50.124572854345
88.211999,15.757008,1397.687,36.942474129110
88.066207,15.758303,7240.189,99.069051431579
88.077523,15.757261,1222.372,37.109148687829
88.074607,15.758950,17320.583,53.330001515394
88.107517,15.757903,1498.897,35.677742148455
87.977223,15.759160,8647.588,37.680211071045
88.027256,15.758763,1716.986,34.330465315927
88.125764,15.758790,1314.833,43.440385522911
88.019617,15.758869,1264.024,159.66038371970
88.085199,15.759872,3591.967,38.177532343062
88.016574,15.761520,30668.952,404.85430683149
88.144642,15.759251,690.723,71.837975652298
88.024657,15.763905,88845.911,245.81879416709
88.065489,15.761972,13858.057,42.332070814358
88.175141,15.762726,41592.136,33.846376262710
88.117488,15.760944,2285.965,36.393012277630
87.995316,15.760751,758.734,41.451943104521
88.082640,15.761633,1213.644,36.039238672688
88.169456,15.761740,1905.478,35.689735023485
88.027757,15.761772,1075.426,44.190536797315
88.088395,15.762521,799.550,40.776251922052
88.009493,15.762885,1730.282,33.284609872121
88.216959,15.763113,1962.682,42.446491866145
88.178302,15.762965,1001.384,50.097208119694
88.058719,15.763002,1315.175,48.988402691451
88.001152,15.764111,4939.622,53.956151258268
88.118538,15.764326,5334.816,36.978409408153
87.994724,15.764902,8773.931,38.809612560146
88.109279,15.763840,990.233,59.158948642332
88.020031,15.764750,4310.595,46.219307449262
88.048571,15.765419,6388.433,40.474669286067
88.130104,15.765554,3801.623,41.578005925577
88.077652,15.765286,1393.803,34.769727145741
88.120063,15.765519,2379.579,40.078902195347
88.003016,15.764838,747.747,53.009838809219
88.091196,15.766066,2783.138,92.174387002978
88.078698,15.766913,4533.420,42.888426372704
88.013254,15.768411,21931.454,107.37559229204
88.185735,15.767128,3049.046,35.147931861610
88.197489,15.768283,16077.181,43.140916521108
88.159346,15.767547,1869.868,57.031992193057
88.099356,15.767449,2163.408,35.841453747084
88.168415,15.768895,7732.429,52.334415787458
88.047488,15.767623,1286.291,37.791331769655
88.038253,15.768903,6278.682,36.908565061538
88.120137,15.768306,1260.127,36.238906184182
88.105300,15.768023,1681.771,50.201760406565
88.226860,15.768509,753.003,34.323529859606
88.106960,15.770093,4325.266,39.424801955778
88.085882,15.769669,1369.144,57.869830787315
88.049903,15.770566,1624.899,35.596284444910
88.011003,15.770327,5448.679,32.707622173460
88.211552,15.769852,525.054,45.209843760610
88.068691,15.769461,741.441,78.642366600481
87.994587,15.770730,3215.054,37.185354677233
88.149385,15.771468,9278.461,370.21194657184
88.022763,15.770047,528.047,37.535988816332
88.036843,15.774814,65155.239,37.572530863419
88.199491,15.770994,1447.085,34.632344646905
88.224574,15.770728,1535.671,37.574892371558
88.182680,15.770755,759.259,63.324551075902
88.035800,15.771541,1223.582,73.628819697456
88.081898,15.771268,1116.244,69.700806660330
88.168293,15.772732,10103.147,43.685796511966
88.008035,15.772824,8301.678,33.947118825482
88.013766,15.771837,2748.863,121.27996895163
88.138656,15.771306,693.514,36.042163276595
88.072882,15.773305,18493.539,36.656757881352
88.051066,15.772737,1549.201,38.439113646743
88.083363,15.773104,1038.604,36.321073458616
88.203843,15.772818,1513.779,36.834408139930
87.993771,15.772868,882.300,63.305200102067
88.125434,15.772355,488.378,37.740154209277
88.146122,15.773968,6711.190,43.886820733174
88.206912,15.773683,2159.766,127.78841233199
87.989818,15.773671,1514.184,40.692023987438
88.049026,15.776477,21883.801,37.863805043216
87.994239,15.774997,3777.209,66.927662956696
88.170203,15.774697,987.601,77.119071357233
88.206197,15.776862,7511.360,34.190786744121
88.216929,15.776717,10735.402,56.720526714381
88.118383,15.774977,685.879,115.19046937634
88.045738,15.776650,6197.326,39.178410356826
88.020096,15.778287,21108.522,168.41645336490
88.167443,15.776420,2067.439,44.913721503917
88.007178,15.778956,33123.566,38.704468580799
88.227840,15.776905,3057.049,36.485926273951
88.157504,15.777311,2180.544,35.410397732240
87.979199,15.776968,952.186,40.496543531842
88.014077,15.777413,719.584,48.794173230012
88.142022,15.777674,1959.195,35.355694977271
88.054086,15.778366,2700.299,37.761607957175
88.050970,15.777948,1152.652,343.26550620429
88.102814,15.778085,1102.555,40.574456461548
88.164343,15.781916,57041.949,56.227009500897
88.150064,15.778980,1737.994,41.146473301404
88.011994,15.780130,6479.610,512.35844798241
88.203967,15.779906,939.708,48.055420283918
88.222259,15.783981,81872.130,310.56135201010
88.000514,15.780944,4165.107,41.112880974599
88.068483,15.784242,51460.394,46.141937737552
88.200563,15.781993,3120.157,37.524353527099
88.147671,15.782032,2767.591,37.792108908960
88.155085,15.782095,1612.084,67.357036356669
88.139707,15.781929,713.614,337.19845990662
87.985583,15.783093,8376.665,87.471901438614
88.012854,15.785831,69117.502,35.928771242280
88.122659,15.784401,10441.180,52.101548131688
87.976485,15.783511,2597.710,36.235226413303
88.071554,15.785751,4101.978,37.022324362258
88.186506,15.783147,672.099,54.900865880855
87.993706,15.783634,937.000,40.494491309368
88.179688,15.785199,7012.153,34.119637442377
88.166611,15.783908,691.466,208.59272415986
88.194291,15.784286,856.894,70.506916136457
88.017962,15.787116,38020.009,40.803806731741
88.104745,15.785710,7564.472,39.058747300241
88.065378,15.785053,1464.200,39.120160924659
88.135193,15.785351,1486.185,97.900560751954
88.001680,15.785008,1173.353,35.470843494570
88.145273,15.786989,17832.183,87.677405176160
88.201587,15.785656,1949.004,34.828781408337
88.162694,15.786574,10630.009,60.023210360372
88.171196,15.785548,843.540,51.953522421105
88.004243,15.786805,7347.247,39.404267777726
88.128473,15.786667,4217.220,41.762725535847
87.975609,15.785937,2388.127,69.813760660598
88.089552,15.786405,2359.485,40.502219179214
88.112994,15.787614,9921.087,37.486151007852
87.980288,15.786050,741.394,49.712927808351
88.074478,15.785915,605.299,415.92245593024
88.057722,15.787269,4510.062,101.80986509058
88.141169,15.790722,83660.755,306.59018851680
88.192947,15.788416,14900.031,35.393833551975
88.004050,15.790430,58564.788,38.376957717678
88.165644,15.787249,1180.505,40.378077240401
88.191126,15.787663,2480.980,35.595606640493
88.043674,15.787830,1495.586,32.007616765700
88.080168,15.787780,751.430,34.850119240998
88.196239,15.787875,810.569,57.162332436440
88.179812,15.787551,600.825,52.664932960642
88.221201,15.789118,6152.766,44.331855698335
88.021107,15.789479,6817.197,48.400797952918
88.010032,15.788310,1046.643,36.334880922493
88.133880,15.789448,6249.472,38.616485859247
88.115589,15.788489,1083.619,42.981638194120
88.150026,15.789555,2149.870,40.134343456157
88.147344,15.790323,3151.688,36.947833852780
87.985472,15.789331,905.614,32.890358894590
87.998307,15.789637,666.986,81.652961657020
88.096628,15.790334,941.186,137.66820475853
88.123578,15.792305,13834.563,49.436195346070
88.218734,15.793546,17765.091,43.066946953427
87.990770,15.791973,3951.262,41.892333389247
88.161600,15.792237,3031.310,40.875468525916
88.019108,15.792502,3529.052,46.759206572757
88.059521,15.792503,2366.848,40.038829060949
87.988525,15.792783,3976.022,99.695726317099
88.082156,15.792506,1823.415,256.81246727236
88.188884,15.794630,13576.808,39.202863703459
88.192559,15.796129,41642.963,281.48770646508
88.172686,15.793994,2240.694,32.985529753914
87.988315,15.796433,54799.344,51.447756697688
88.114470,15.793766,1170.700,39.182436300800
88.118475,15.795057,5132.441,126.01523435501
88.224534,15.794590,1776.861,53.786157363073
88.083237,15.796835,17394.604,39.686668622801
88.175267,15.795727,7047.654,57.927255550163
87.997103,15.795159,1863.437,38.483068991387
88.006732,15.796308,7264.015,47.238255026016
88.081844,15.795479,1211.268,348.74249323486
87.981508,15.796036,5159.505,41.129697914596
87.991516,15.799416,62378.365,41.852980068258
88.169189,15.797102,2865.607,33.014168938899
88.151622,15.797422,1826.303,130.58834599950
88.159793,15.797420,1078.974,59.736465608352
87.994587,15.799840,22068.220,52.394812004814
88.120835,15.798389,5919.894,39.448347222308
88.206366,15.798458,4724.429,101.57555536535
88.071690,15.798071,2741.508,51.713305581057
88.151649,15.799296,18050.219,37.755179768901
88.189518,15.798332,5052.107,82.866941806961
88.126051,15.798052,1557.400,37.681210391847
88.129933,15.799749,11500.420,41.622933470614
87.983890,15.798372,1028.925,77.924277811370
88.123751,15.798439,1452.955,76.386839208820
88.096892,15.800612,14279.650,36.759350915409
88.043895,15.800799,11313.947,36.037605335317
88.090142,15.800005,814.788,112.36688987648
88.160118,15.800213,926.147,32.970811463095
88.102143,15.802673,15794.754,43.078288805657
88.109238,15.800920,612.073,421.55973521428
87.985374,15.801401,2292.441,42.534508110709
88.103039,15.805294,81678.741,69.782482375995
88.158629,15.801919,3088.810,36.223121759640
88.171487,15.802986,8322.770,496.78669171242
87.978922,15.801644,1390.173,57.768569046863
87.992031,15.805499,82614.078,372.01060571218
88.040189,15.803048,7767.857,43.278311468238
88.024892,15.805856,86358.540,297.57674639439
88.207799,15.802326,1424.406,46.829120388573
88.187091,15.806451,55703.432,57.355550956564
88.031216,15.803666,4070.605,37.526855008546
88.226045,15.803947,7345.561,37.611917248450
88.167364,15.803457,1922.874,87.861844067898
88.190456,15.803623,865.641,64.853352137943
88.136637,15.804823,15245.266,171.78347390581
87.993002,15.803885,1165.257,44.516637857082
88.177146,15.805902,28187.283,36.899548076982
88.165110,15.804577,3446.924,38.436795204393
88.087868,15.804654,1303.406,55.992368363082
88.033546,15.804700,1847.120,221.13048293236
87.987769,15.805524,6769.661,56.148617549444
88.129629,15.808194,47443.229,64.069971371073
87.979543,15.806140,7984.481,38.053805204216
88.208194,15.806761,6815.409,40.543133834558
88.167110,15.805954,1230.984,37.436419036089
88.001964,15.806452,1552.360,39.206786981504
88.062692,15.806149,896.941,99.428667642819
88.190000,15.806176,1106.466,40.357680743626
88.097840,15.808505,19161.391,56.192442929104
88.143409,15.806860,2352.683,39.277093038779
87.982923,15.807342,6466.965,143.09168891095
88.099953,15.807213,3379.105,41.690344353453
88.008091,15.808775,22380.528,38.005111665203
88.006265,15.807447,3138.321,41.950289711456
88.157606,15.808165,3466.571,37.800763010550
87.991236,15.807582,1616.193,40.357204460036
88.171771,15.807703,1646.896,81.300094207463
88.067377,15.808494,2897.982,33.139682836606
88.016445,15.808844,8767.820,36.825297355270
88.193538,15.808650,1432.340,58.224339259130
88.122823,15.808158,662.876,41.139506222772
88.102155,15.810085,10566.557,96.224089282809
87.985922,15.809286,1064.572,36.508718377307
88.121802,15.810711,15762.698,39.352255242697
88.107416,15.809631,1853.561,37.026736476323
87.982862,15.809931,1789.337,30.600171639866
88.226303,15.809313,943.800,37.675858832503
88.155826,15.810092,1609.061,33.550007518355
88.038252,15.810283,1636.060,36.958421361296
88.213204,15.810096,502.490,39.543618886053
88.206885,15.810718,1868.228,38.796325971034
87.975813,15.810540,672.560,110.05992562745
88.087215,15.811509,2121.326,158.88479807786
88.010931,15.813413,20009.489,33.198503369620
88.142681,15.813495,32138.155,40.537389203518
88.195000,15.811593,879.537,63.236150075737
88.212840,15.812250,2903.993,33.469646129680
88.024419,15.813027,12147.279,31.713568410834
88.198708,15.811908,1193.085,34.411559957451
88.176641,15.812009,1028.206,39.920673763700
88.037502,15.812272,1243.719,36.520781352042
88.102336,15.812776,2212.265,93.80474296587
88.097196,15.812412,694.990,36.418222217632
88.162349,15.814369,16889.943,34.357721663432
88.209786,15.812634,829.908,71.687015573057
88.218249,15.812637,1002.602,64.764834384095
88.180611,15.814199,10635.684,96.724103726001
88.166147,15.814657,13021.024,90.587108867116
88.175270,15.814576,16987.152,50.181701583231
88.050801,15.814676,12371.389,89.211604949221
88.171798,15.814812,7769.643,546.45459155002
87.995921,15.814890,11325.201,36.822654058771
88.046304,15.817241,110694.302,36.441735613665
88.000155,15.813723,934.974,234.93676850737
88.168049,15.814205,1294.584,124.34231079623
88.079892,15.816964,48312.859,42.585788168829
88.104912,15.816474,21697.111,34.302817775552
88.204976,15.815643,2654.365,40.648133555046
88.065146,15.815087,718.188,39.150377762720
88.093324,15.816265,4159.360,43.890651195982
88.040492,15.815563,1760.395,35.475860636039
88.153165,15.816054,2333.694,35.388184999462
88.222625,15.815740,688.345,33.774689435228
88.088532,15.816106,2127.400,45.024244457002
88.002438,15.815743,1248.122,39.439426727182
88.170796,15.816564,4293.565,53.508116553914
88.077242,15.816395,1815.247,129.20691034611
88.157296,15.817268,6212.584,42.999123507343
88.160954,15.818542,27872.503,32.908937236103
88.074241,15.818037,5101.066,138.74901887798
87.978266,15.817395,1274.210,90.244654277543
88.007482,15.819889,27113.379,46.673448459806
88.183054,15.819437,13607.588,46.307285152190
88.070711,15.819421,6736.573,46.582720175957
88.189047,15.819070,2177.747,257.63300540841
88.050731,15.819469,4403.962,88.519028246281
88.073008,15.821923,47328.026,40.871612490271
88.004965,15.820656,13831.761,41.659478311057
88.094335,15.819736,2065.184,64.667191150902
88.103240,15.820268,1524.540,39.631041917167
88.010327,15.821099,7649.106,48.771602592225
88.212943,15.819810,593.276,48.444409352034
88.123754,15.821577,4511.185,38.651061435936
88.110753,15.821577,5120.346,38.046719477075
88.198109,15.821767,1144.947,40.471540441048
88.226986,15.820830,678.299,42.286455399501
88.084166,15.821196,914.853,39.649990611776
87.983841,15.822270,2343.235,35.788573056579
88.051073,15.822131,1130.934,39.623759930612
87.993504,15.822096,1167.918,49.857190330292
88.214213,15.822612,2194.905,40.663483245372
88.034834,15.822712,3840.798,49.334268272357
88.001933,15.822616,1210.860,40.025959895804
88.018343,15.823635,3990.260,37.611893275630
88.085295,15.823335,1313.374,43.734512477178
88.098903,15.824249,722.019,37.455718633775
88.039168,15.825777,2545.567,40.992459065984
88.131128,15.825980,1687.573,47.469584859256
88.063826,15.826177,2098.187,40.801232985638
88.089221,15.827715,5324.893,37.183488729837
88.108989,15.827825,3026.039,116.47834818113
87.984264,15.827209,693.714,37.144239458486
88.181721,15.829319,22513.749,40.520928856245
88.050151,15.827961,2228.185,35.926964618302
88.068759,15.828373,1491.394,31.902914422363
88.005205,15.827549,733.952,42.407784658896
88.218097,15.828079,1266.291,63.384758272475
88.103409,15.828927,2641.011,37.190117589136
88.187435,15.829926,10912.984,77.645725835413
88.210949,15.828233,623.098,488.80342503721
88.068570,15.830246,15594.482,34.380696078199
87.984299,15.832088,91782.867,35.731236148018
88.174869,15.829320,1846.232,43.803996401314
88.039905,15.829489,1400.996,38.395216551859
87.994426,15.829691,2865.767,41.332802894759
88.178188,15.830289,4266.088,38.250276031519
87.991183,15.829508,1021.684,36.476757526099
88.134308,15.830028,1932.095,43.335428094886
88.183346,15.830478,2221.208,56.059665469284
88.166287,15.831122,3719.627,64.620087937348
88.036106,15.831279,5249.308,57.942435404841
88.175084,15.832194,12562.372,76.140863222012
88.201557,15.832561,8988.168,35.692072394910
87.982308,15.832846,10911.721,29.309889159136
88.198496,15.832020,1165.276,37.187965167734
88.179479,15.832926,1110.873,37.422192876215
88.161475,15.833174,814.908,32.410967652260
88.057095,15.833501,1396.167,264.18728673694
88.184801,15.833079,621.325,143.98098643055
87.992515,15.836455,37946.850,36.972184283211
88.105676,15.836067,27161.948,52.015833227787
88.061968,15.833676,627.981,45.629143731241
88.023388,15.835199,6661.163,30.845553337594
88.036337,15.835282,4891.033,37.760693231611
88.181083,15.834595,1043.673,34.076361595170
88.071196,15.835123,1233.138,48.562926047282
88.200735,15.834545,607.966,46.123437041708
87.977265,15.835759,5475.010,58.649257772681
88.223759,15.836463,6519.211,35.696023189835
88.210770,15.836916,7691.301,91.365973675150
88.148570,15.835166,524.380,203.75334103867
88.012127,15.838178,14204.529,61.051618271085
88.195051,15.838202,36711.330,37.655378685433
88.101264,15.837424,7807.800,185.81907825973
87.994969,15.836358,749.188,74.724262555999
88.079461,15.839575,45085.689,35.405664833989
88.046148,15.839710,14649.846,34.008858716747
88.197246,15.838886,1290.887,35.396749318949
88.216054,15.839130,1487.627,453.31594820866
88.192860,15.838943,720.374,144.50298600853
88.001699,15.842653,83563.769,36.143664040238
88.075304,15.841174,29252.599,43.417317347119
88.065838,15.838957,718.571,43.293090599775
88.203344,15.840244,4131.451,345.24421217949
88.189630,15.839878,1740.667,36.363602554537
88.122465,15.843330,77706.949,38.960587688487
88.039958,15.840018,1078.745,48.716070641349
87.989021,15.839380,613.588,38.713675231317
88.057672,15.841261,3514.082,40.836935056246
88.109507,15.840817,1421.616,41.453930617024
88.169945,15.840891,1546.277,42.204773692277
88.185380,15.841091,1608.956,44.553322030361
88.013899,15.841227,2232.411,60.990398969575
88.165585,15.841075,1957.703,37.895332938298
88.024798,15.842558,7519.365,38.636342738878
88.123557,15.841123,932.592,37.887429851179
88.018280,15.841125,805.586,48.531000956596
88.151903,15.840956,945.237,41.470280743552
88.059401,15.842220,5501.331,104.05075294404
88.052914,15.841735,2135.273,160.30787265471
88.068065,15.843795,25026.925,40.609364688465
88.036119,15.844350,30603.838,49.478941251804
88.211035,15.842008,1314.308,42.386337375765
88.076558,15.842550,3733.711,34.529245103742
88.143389,15.843003,4545.644,54.181432341265
88.218665,15.842400,1239.177,41.120759012206
88.132825,15.844069,11142.460,39.109317947194
88.119160,15.843609,2391.324,46.382252798474
88.157798,15.843043,698.128,39.927153842703
88.181184,15.844139,4710.035,58.566860007929
88.208389,15.842926,449.385,92.357368570173
88.051056,15.845225,9427.299,48.347037843324
87.986713,15.845759,9763.643,51.426276555295
88.104149,15.845803,6470.095,39.161918218454
88.169897,15.846715,7264.686,36.556287453861
88.080045,15.846279,2273.449,41.240259376772
88.093145,15.845900,1229.085,43.359486278433
88.047132,15.846512,3632.796,39.026048901109
88.144470,15.847022,2431.997,40.645943824209
88.053950,15.847442,2230.250,91.097433718786
88.147045,15.846638,708.468,33.611876210770
88.132002,15.848858,18939.950,487.38851241634
88.002164,15.846587,626.119,63.744504085728
88.129950,15.852068,127995.004,66.390877916326
88.147914,15.848662,7455.977,36.930654115420
88.012425,15.848922,6971.897,40.517211355413
88.158877,15.848714,3396.628,35.114128441651
88.152052,15.848951,3079.116,39.384910885590
87.988972,15.848246,721.059,92.469830180576
87.979763,15.849928,5339.496,37.651110547086
88.027495,15.850971,16615.622,36.827164794071
88.098078,15.850222,3128.925,41.702361025531
88.184958,15.850082,1659.182,39.601234065320
88.001647,15.850241,2944.572,32.129368068762
87.986459,15.850036,1145.759,31.717250808768
88.199614,15.850256,1763.731,37.408496383805
88.154751,15.849367,474.291,36.031334824527
88.148844,15.850551,1011.107,427.95338999608
88.174236,15.851283,3545.417,46.599691375016
88.225725,15.853770,68915.650,42.505228420913
88.089563,15.852032,547.726,38.304694305485
88.147137,15.853112,3223.677,31.104272626544
88.017580,15.853097,3530.073,32.885958539587
88.157274,15.852061,656.490,41.887740436012
88.212840,15.852647,1017.602,142.76067517571
88.183311,15.853538,4018.219,47.045375871343
88.071750,15.855344,36038.494,36.367141768280
88.086323,15.854554,9766.882,34.291411609985
88.144795,15.853343,866.058,34.124802413594
88.162997,15.853793,1525.140,33.176067160648
88.179111,15.854162,1789.896,41.465097299450
88.045797,15.853913,1688.105,68.838574657255
88.014513,15.854164,2276.245,58.756842331817
88.175687,15.856049,10270.629,35.581095543449
87.990217,15.855554,7358.734,46.444067781204
88.136082,15.854926,2253.459,58.101591149697
88.207518,15.855704,3567.914,37.391963987342
88.229157,15.871525,13622.340,45.324730314291
88.177774,15.856572,8619.961,37.187480243939
88.124854,15.855639,2110.509,101.87412774572
88.096643,15.856258,5477.340,39.623763667827
88.127649,15.855708,1704.002,60.221729233616
88.166486,15.857432,17192.128,46.384957357345
88.100728,15.856792,3738.310,117.23196606667
88.003568,15.857051,8119.560,36.559361831376
88.026272,15.857094,4448.827,162.39815627345
88.080500,15.858961,20012.320,36.631600473019
88.037585,15.857713,1112.923,83.577920618837
88.034405,15.859364,25603.966,72.634282504224
87.979335,15.857322,1050.572,40.374499744228
88.108423,15.859354,15593.979,46.203268759268
88.032077,15.859341,11171.036,128.38366065350
88.106192,15.857743,761.080,40.202651279343
87.992973,15.859142,4031.296,35.625263522285
88.040918,15.859742,27046.992,215.49279629245
88.009862,15.858265,866.357,57.041072256606
88.177638,15.859046,1209.854,39.758451978951
88.151734,15.862250,41928.606,34.443882556352
88.030462,15.860792,5540.898,33.849151908613
88.139147,15.859980,1792.949,50.593320956456
88.199317,15.860029,743.901,44.775389700182
88.048106,15.859691,632.255,41.935144344269
88.099341,15.861326,5415.822,49.319900698751
88.122655,15.860282,1178.799,47.460319954157
88.141086,15.861067,3691.886,47.248962828527
87.986663,15.861679,4550.335,36.803557462139
88.220391,15.861625,4513.989,33.647516144322
88.126906,15.861419,4223.831,42.161850285194
88.217565,15.861320,1283.682,193.06737517324
88.136682,15.861499,865.541,47.590913255889
88.050381,15.863632,5397.178,44.578705964928
88.179517,15.866313,31461.022,39.314210441709
88.031950,15.864200,4175.757,37.587481355367
88.082278,15.864198,3607.122,40.328636600147
87.996927,15.864492,1109.186,35.358150901668
88.198123,15.865254,2595.207,40.491015251646
88.013908,15.865053,1216.758,45.414391567526
88.126501,15.865131,614.556,44.886375077808
87.989925,15.865344,596.664,43.871325574211
88.018718,15.866566,3281.666,38.493262756415
88.175938,15.867658,4455.664,65.490044910473
88.163015,15.867761,3696.498,38.457154900502
88.165931,15.867488,2099.421,398.67230696770
88.029575,15.869193,10001.908,61.513433601660
87.990210,15.867933,490.652,32.391563463391
88.198086,15.871709,76502.379,87.479729702150
88.133766,15.869452,7788.782,50.572992523466
88.174013,15.868628,1088.902,42.606129065538
87.995940,15.870195,11322.951,34.908253550255
88.141724,15.870568,4722.560,253.57410040712
88.146838,15.870267,2803.144,50.153098784108
88.117016,15.870136,2014.528,35.084038506225
88.063851,15.873724,55849.911,35.602064515793
87.994001,15.871020,5161.872,37.798624661542
87.975630,15.869942,784.810,41.978501172579
88.080439,15.870582,672.752,456.49720257566
88.223998,15.871374,2609.341,178.75742554335
88.149589,15.871618,2838.647,35.895744449828
88.220515,15.874987,78806.280,43.530624319349
88.029566,15.874706,37394.647,35.653633484811
88.034325,15.871740,1304.677,38.385520438588
88.125958,15.873245,3927.652,32.335319300975
88.027376,15.873129,1486.441,36.949958805397
88.208243,15.872835,647.027,45.754743414165
87.998247,15.873249,852.584,35.283191509113
88.166535,15.873789,1351.129,35.583263788528
88.205323,15.873826,2351.961,55.935273031973
88.003271,15.873996,1565.771,97.305537383379
88.214085,15.874842,1951.474,58.152883231498
88.156526,15.876398,7328.873,37.774833092776
88.078673,15.876790,19727.793,35.802566519981
88.104871,15.876671,7432.189,31.014736287265
88.182783,15.875224,822.164,410.87476545274
88.062733,15.875652,771.356,39.839767559706
88.217052,15.875776,882.682,36.270496789193
87.985620,15.880421,63718.130,108.31211394373
88.119906,15.877645,1782.400,40.820851054774
87.979869,15.877115,1320.170,43.056353316606
88.084315,15.879923,25191.266,41.112080916245
88.137303,15.879476,2311.006,45.942067669571
88.135090,15.880422,2549.239,47.676242908882
88.124231,15.880185,1696.594,37.268587658928
88.034306,15.880437,3685.081,44.335653779853
88.079354,15.881181,4180.231,96.030546425684
88.194107,15.880602,1425.058,303.42562868648
88.057677,15.880543,2364.781,78.668397520472
88.111656,15.882221,18803.891,40.798383268126
87.992377,15.883657,49728.711,55.052406667675
88.183387,15.882576,10655.522,37.232547245766
87.975608,15.881169,1718.703,46.117251237850
88.019502,15.882198,5526.701,37.614914015459
88.042234,15.881351,952.101,218.43055065604
88.123781,15.882862,2797.188,39.789444202791
88.128753,15.882082,786.276,34.927775699131
88.046197,15.885549,53084.224,41.489937547359
88.210983,15.882714,914.304,42.540762680282
88.004355,15.883096,850.535,38.384708747768
88.102367,15.883870,2570.907,41.971784007154
88.016536,15.883436,1466.163,37.321615496953
87.996865,15.883545,1004.463,35.195137737003
88.034169,15.884313,1826.175,191.18795917925
88.154289,15.884499,2100.179,41.054256583066
88.214480,15.884300,1125.673,37.887710639654
88.082546,15.887063,44588.800,60.615577962719
88.073760,15.884399,1087.920,45.234991880578
88.031181,15.884160,911.180,50.968742929288
88.174107,15.885489,7645.698,40.905074111716
88.171922,15.885588,4605.546,41.092607410645
88.019007,15.885631,4644.984,233.31798728107
88.122967,15.884760,1641.614,39.310847063667
88.146003,15.885235,2627.058,37.072065014651
88.076637,15.888008,64134.426,37.383425593455
88.004293,15.885703,1573.099,35.203790312793
88.084366,15.885728,2053.156,38.347575256083
88.089889,15.885736,1284.611,39.672358899887
88.169984,15.885765,950.454,64.129100596014
88.127834,15.886610,2683.811,35.866526081440
88.087686,15.886981,2678.513,38.494221836641
88.142602,15.888013,10076.511,57.167522641636
88.229656,15.891515,nan,35.896595760116
88.002173,15.887099,1141.679,35.467799056360
88.011350,15.887382,713.528,38.118245999443
88.186135,15.888486,5641.284,30.695573237293
88.040363,15.887316,794.867,32.449271603242
88.133016,15.888781,2541.433,37.192094693435
88.170775,15.888308,2182.195,37.307189539645
88.069508,15.888261,1390.035,34.282149783604
88.046125,15.888437,976.227,41.395482444709
88.130376,15.889120,2412.088,37.810152807429
88.062750,15.889276,1869.206,36.864341750423
88.134946,15.889289,1267.912,35.564119800735
88.193120,15.889721,3373.817,33.599197182623
87.991476,15.889973,2486.070,49.317900798301
88.148795,15.890157,2981.283,135.05767195738
88.229301,15.900950,3445.049,34.579251265799
88.066134,15.890884,3419.054,40.594654545616
87.997451,15.890071,583.339,34.993935552695
88.105444,15.891974,6875.280,32.836557771947
88.046705,15.893048,16392.742,33.014356896737
88.109620,15.891905,1451.973,36.963302382253
88.032659,15.892133,2575.686,37.720901790546
88.194225,15.892469,2260.777,231.80271268081
88.025231,15.891760,510.207,34.171625024274
88.214995,15.892122,593.877,40.316629592695
88.085982,15.892354,794.226,51.358228638512
88.209391,15.892917,1640.126,39.434194854668
88.076535,15.896524,53841.325,112.23579354819
88.131273,15.893148,1263.631,35.750290456954
88.162177,15.893483,2201.795,35.557084401361
87.992338,15.893463,2937.355,72.050790538920
87.998337,15.893281,1896.523,34.129777694858
88.162880,15.895460,18757.878,51.144201190103
88.169704,15.894012,1423.591,39.508093773506
88.164201,15.893714,1015.362,70.867598813321
88.028418,15.895418,10988.068,43.709808792425
88.132724,15.894520,2554.701,46.963889742906
88.190269,15.896036,6309.894,37.455984433197
88.184544,15.894551,896.242,224.51787725935
88.208610,15.896665,8609.462,48.685195227919
88.009993,15.896258,3563.469,85.502953502803
88.197984,15.897187,5578.127,38.936129363737
88.060837,15.896206,934.346,34.776153470500
87.978289,15.898918,37977.645,37.315878278052
88.106642,15.897847,6728.507,50.536977439590
88.102066,15.898615,18289.400,43.628027182178
88.121725,15.896702,931.704,36.934389675152
87.983105,15.897345,844.341,39.770600545720
87.995295,15.897656,983.176,150.26821765693
87.984858,15.898672,4349.583,84.401469345383
88.043084,15.899123,4363.926,40.162139315290
88.095900,15.898597,1415.590,641.77422173413
88.203488,15.898967,1721.830,34.798108668265
88.183852,15.901091,25088.997,50.680590991845
88.020829,15.901015,11301.548,109.34446619282
88.007242,15.899667,784.664,420.59362345035
88.014178,15.903827,127168.698,39.546338049004
88.112803,15.899909,471.165,41.428142433103
87.994810,15.901301,5861.385,38.273836472633
88.209377,15.902162,16495.680,41.011129483415
88.217725,15.904120,64295.892,43.077825427590
88.163260,15.901343,1330.494,41.779923802988
88.219553,15.901756,2854.394,46.090191670367
88.154670,15.901759,2090.647,113.94726114677
88.205847,15.902045,2368.805,158.87104991642
88.035192,15.901986,1524.574,49.617838528259
88.081200,15.902113,850.671,35.035613825920
88.091137,15.903292,5223.811,46.420445209004
88.198303,15.904724,15679.108,93.946859913656
88.076808,15.906009,31835.680,44.907842903093
88.017929,15.904694,4799.235,44.577757079619
88.027258,15.903849,935.820,40.280460954306
88.214184,15.904671,2940.806,60.470594076116
88.142460,15.906350,19161.915,43.016423409519
88.207562,15.905470,4039.797,47.135290371347
88.225061,15.905592,4126.807,40.651511083598
88.139088,15.905000,1843.266,35.820653300061
88.013685,15.906213,8408.656,35.537561787946
88.136649,15.905544,3281.966,257.23052087740
87.992342,15.905979,3344.297,113.05780790811
88.159439,15.905398,1167.124,44.428240093311
87.981465,15.904998,543.938,36.385287599909
88.020969,15.905301,708.619,37.392814825935
88.117868,15.909640,48773.134,35.325656477374
88.202307,15.908702,16049.931,58.863360940660
88.166900,15.907966,5648.506,37.796752441242
88.063378,15.907029,865.632,68.479814091528
88.141006,15.907522,654.671,39.484614209912
88.169146,15.907939,747.115,34.786596710602
88.227919,15.910298,5378.868,113.41640489439
88.018328,15.908530,1986.798,41.152406666974
88.119768,15.909231,4724.223,36.569778384790
88.010462,15.908745,1062.183,58.202429827131
88.107544,15.908241,559.001,33.474007350820
88.096130,15.910608,23010.756,55.428322495830
88.148955,15.910191,4042.186,33.668107293333
88.173312,15.910017,2169.152,34.738181233697
88.161119,15.910810,6312.859,44.626387406643
88.229527,15.917237,nan,38.942705733836
88.143577,15.909827,661.895,53.896464995815
88.084103,15.911886,7431.836,43.074146151634
88.089317,15.910340,944.173,239.12313836887
88.123810,15.910418,779.232,38.295305075606
88.066212,15.911388,3377.770,233.40682570508
88.033080,15.911099,623.829,43.117500778593
88.227972,15.912684,4904.781,84.441890915650
88.050651,15.912137,1256.437,47.762824185565
88.110405,15.915311,50909.418,80.137363609399
88.179969,15.912482,932.872,194.07213325364
88.229447,15.914562,nan,33.101803650162
87.998483,15.915203,43582.529,37.028854919135
88.038355,15.912978,1890.651,43.419305235873
88.028183,15.914854,15041.794,295.75136363103
88.153069,15.914764,8016.864,200.19270311123
88.222731,15.914884,11285.552,43.942789781152
88.176052,15.915953,35808.245,203.70665970039
88.174878,15.913487,1173.367,37.721576915662
88.017510,15.913213,564.722,245.84998118165
88.078974,15.914285,2694.383,34.940165645656
88.216853,15.916829,42067.242,39.470116691440
88.163322,15.916924,40965.119,295.08661599382
88.165109,15.915415,2980.697,40.784632138450
88.190916,15.917590,35372.239,46.769918411822
88.061709,15.915285,784.228,385.30515459506
88.174323,15.918551,44590.894,38.573453269611
88.179262,15.915903,831.799,43.958604196119
88.142064,15.915903,1541.339,33.436776299873
88.139428,15.919675,56936.651,46.947679477782
88.144322,15.916624,1148.646,80.366342283838
88.064616,15.917489,2723.323,62.529095310085
88.126912,15.919852,70846.939,50.527078128276
88.076039,15.916869,587.233,43.127280684584
88.114969,15.918153,2274.617,38.361063575003
88.171365,15.917825,1043.202,236.36533598841
88.123621,15.918933,3977.892,43.267827768513
88.023786,15.920235,16724.409,61.214222286109
88.216495,15.919500,6954.252,38.163730461302
88.087706,15.919823,5366.721,70.933917089055
88.135896,15.919903,2827.476,42.983480963043
88.011532,15.919835,1125.069,39.248862174907
87.984914,15.922443,44662.697,34.617433578783
88.081196,15.920523,1750.099,625.60119857219
88.192850,15.921418,6554.032,43.088179106413
88.183217,15.920626,921.355,486.88968169441
88.200808,15.922124,7289.411,38.014454938493
87.983376,15.920553,542.064,44.677349923476
88.090604,15.921312,795.792,57.423355328200
88.219725,15.922093,916.080,38.473425586344
88.191441,15.926066,111618.432,39.583361354185
88.185349,15.922332,1515.898,81.034463311938
88.204590,15.927287,67235.011,37.850749464972
88.044475,15.921575,698.828,42.475887053168
88.035022,15.922520,1426.265,42.854204443472
88.201578,15.923813,5423.216,75.286234764948
88.070130,15.922215,539.542,40.209382022014
88.094922,15.922561,703.044,36.461678080424
88.192386,15.923767,11097.989,40.839109429551
88.019756,15.922587,1181.565,58.599980735743
88.137645,15.923503,2649.032,62.973752388063
88.016598,15.922953,974.455,38.277165821305
88.126778,15.924784,11435.667,33.364438128904
88.097204,15.923620,820.512,35.146366556804
88.134212,15.923970,1769.912,61.579528748608
87.991699,15.923902,2125.731,57.529111523857
88.185324,15.925256,6449.606,34.279305623632
88.017104,15.925249,7880.654,40.366964126495
88.143554,15.924526,1165.746,36.861405281028
88.045044,15.924582,929.237,38.009318857311
88.218457,15.924486,743.681,31.612699103478
88.220722,15.925703,5745.856,162.40261886770
87.983502,15.925879,8622.742,51.725760079672
87.998071,15.924946,1416.372,45.334181392532
88.156679,15.925784,3825.173,296.84340099375
88.108242,15.925837,1067.626,36.143037014975
88.042986,15.925251,818.420,53.095962841657
88.076917,15.925265,825.703,34.739004311685
88.063651,15.928391,38590.976,37.826146918632
88.034878,15.926633,5789.046,339.14360228411
88.212780,15.926698,3521.881,50.118490508289
88.115835,15.929482,58346.610,37.829431875215
88.101697,15.926423,1721.072,45.428857703610
88.028721,15.927339,7107.465,32.947868248957
88.138662,15.926347,731.370,338.54979694440
88.013556,15.926372,704.565,43.688793147111
88.211835,15.929987,48264.290,40.431867424976
88.218795,15.928193,3601.510,40.157420783986
88.093819,15.929972,2436.941,33.578888987935
88.151694,15.930497,5564.105,49.800188636665
88.060183,15.929539,556.840,144.29462713175
88.180026,15.933584,59379.462,36.394163705530
88.030044,15.930796,1939.925,36.297645486884
87.978867,15.931334,2941.531,41.668365226184
87.986609,15.931200,1647.865,39.995584938153
88.019330,15.931979,871.953,33.816447892410
88.025664,15.933101,7007.173,40.428818913321
88.116109,15.934817,30039.697,40.353668571689
88.176812,15.932735,1789.876,49.540489890831
87.974850,15.932925,1063.391,50.742545708034
88.063412,15.934187,4663.517,654.27671938004
88.154637,15.934681,3865.856,55.543540101119
88.133540,15.934326,801.764,45.370936015686
88.080034,15.935716,1664.755,41.807891436462
88.049051,15.935607,1684.083,37.832959751802
88.181175,15.936067,3698.183,38.757920333845
88.077404,15.936709,3619.404,39.025460777821
88.046348,15.942409,143933.267,38.248839596482
88.071434,15.937668,5385.540,44.083987667077
87.984884,15.936994,3719.624,611.07322522343
88.225533,15.936941,2454.670,233.33233590968
88.018311,15.936412,692.842,36.552574840683
87.975213,15.936543,837.334,41.268284622173
88.019017,15.938256,744.128,42.971189983319
88.223044,15.938597,942.405,43.872737842242
88.038052,15.939290,2308.428,36.121946121117
87.995483,15.943311,114996.822,94.297542125234
88.117899,15.942156,49823.278,41.062474431218
88.212891,15.939213,1141.989,34.595384363838
88.030412,15.939993,1007.088,40.944795320460
88.176366,15.941455,2048.186,35.803746559974
88.186896,15.941563,4489.535,40.235080765258
88.088473,15.940779,618.427,36.575324934452
88.062094,15.943837,19735.522,38.033510808145
88.142926,15.942149,886.911,44.349799624506
88.130437,15.942221,780.867,45.322556111949
88.048926,15.943345,1420.853,36.020162898264
87.974721,15.942061,542.843,55.068627787924
88.051539,15.942610,889.202,59.543969315642
88.218876,15.942609,477.235,202.89043381622
88.032630,15.943115,1904.867,40.420636212132
88.006670,15.944113,3024.061,41.830836661094
88.181039,15.944339,3606.005,70.089649655719
88.070778,15.943199,830.121,33.401837142266
87.997029,15.944752,5757.733,38.295948056889
88.189307,15.944964,6533.462,48.725560309062
88.057832,15.947058,48334.476,46.118863459127
88.042819,15.944635,3104.919,42.293913622733
88.011020,15.944185,1558.843,43.010048661635
88.136382,15.945822,11947.112,37.270739156063
88.141513,15.945281,1434.913,33.761060687941
88.090572,15.944796,804.210,37.193544330716
88.072868,15.946035,6063.145,40.363131788473
88.094495,15.946845,4717.606,32.719627298434
88.100620,15.946359,1493.333,106.50671787325
87.986537,15.946259,1087.815,42.503476283641
88.089142,15.946965,1121.339,240.36233709676
88.138590,15.946835,1107.611,45.073070821308
88.112653,15.947306,1020.334,51.044395208556
88.156017,15.946996,948.172,53.301363887797
88.019202,15.948008,1326.715,40.164413130861
88.141703,15.950003,19405.345,38.867037193652
88.099401,15.948202,1108.835,76.957443157933
88.148458,15.951209,51771.879,66.201941752771
88.221265,15.948936,2395.266,41.702487483093
88.179632,15.949242,5021.297,38.558093291602
88.225864,15.948827,3056.746,52.159076049884
88.048278,15.949628,3642.509,37.470221444368
88.054753,15.949240,1308.616,37.965681420251
88.151915,15.950776,15367.645,112.34695590728
88.006645,15.950490,7045.830,49.878705917746
87.976461,15.950152,4004.243,36.846743783969
87.991456,15.950030,2008.407,40.577590997030
88.063291,15.951551,7299.693,39.907211567619
88.200466,15.950094,989.083,34.807136696915
88.090125,15.950677,875.266,34.358819907971
87.988310,15.952633,16053.463,37.452344255938
88.003942,15.951922,4808.188,41.397906128047
88.195471,15.950903,907.783,36.453732208286
88.162520,15.951805,3672.261,35.298172534755
88.143717,15.951755,1775.860,169.65315630024
88.212602,15.951166,745.642,78.904621728366
88.207019,15.951530,1044.097,35.018735433396
88.181232,15.951876,1710.409,35.013378870998
87.982235,15.952611,3321.315,49.533225467916
88.184213,15.951632,864.004,34.032878898858
88.042898,15.951856,800.600,75.337257244455
88.177623,15.954274,26718.834,34.373704546518
88.098175,15.953638,6471.959,33.568900381546
88.139394,15.952523,727.978,41.414256796241
88.090458,15.953474,2178.689,175.04188429819
88.153828,15.953943,5528.710,37.589060613646
88.127758,15.953114,903.630,36.670453953974
88.195568,15.954535,9099.164,35.239246048618
88.063922,15.953702,1078.494,65.320632024497
88.165831,15.954109,805.135,66.918583211361
88.157877,15.954508,1380.547,36.288332132325
88.032817,15.956880,32990.733,74.289475168247
88.054998,15.955170,903.814,41.699059272138
87.980224,15.956645,913.792,46.520450725333
88.172831,15.957052,934.273,37.797929698027
88.022273,15.958527,7443.731,35.375618838234
88.190627,15.958533,6569.580,36.868651904619
88.148760,15.957506,920.528,40.665232168073
88.050304,15.959382,12169.020,45.647129428616
88.080359,15.957711,891.101,41.615118940138
88.005470,15.958043,1848.343,71.123051717283
88.164297,15.958275,1377.692,159.62441840889
88.166767,15.958668,2041.389,85.552959127028
88.144552,15.958666,863.194,45.192981796465
88.067097,15.959851,2136.331,35.675571722967
87.983899,15.959198,1024.503,89.253706867628
88.053557,15.959647,1641.537,40.151082460259
88.104423,15.961190,7512.907,60.861083813462
87.987964,15.961966,24784.795,51.393701882099
88.064871,15.961692,14711.936,39.044049759053
88.212535,15.960512,2529.497,42.607926256132
88.110873,15.960484,858.494,42.471861196026
88.109237,15.962572,16231.450,439.22171583152
88.138558,15.960441,789.219,70.013854216150
87.977387,15.961764,8623.359,68.164970235248
88.096753,15.962110,6812.307,42.415811011699
88.170269,15.961715,2993.470,37.948892956467
88.153632,15.962203,2413.045,106.80852492144
88.004609,15.961255,927.996,34.826045848570
88.218801,15.964563,45357.712,463.67194594082
88.032764,15.963147,12179.914,38.632865821936
88.086122,15.963429,10251.794,38.452588099840
88.204745,15.962770,1081.392,42.066429864350
88.143968,15.963178,1318.779,39.907769688404
88.198153,15.965069,11444.534,38.157449986288
87.996344,15.963876,1067.720,94.184659393900
88.194891,15.966852,56681.972,109.66656418074
88.035437,15.964251,2056.575,36.179503264798
88.060099,15.964316,2598.610,249.58005461253
88.134431,15.964763,4338.358,139.74083525530
88.196087,15.963881,629.618,39.615570084668
87.979516,15.963693,647.662,41.121191192469
88.179599,15.965598,10565.450,337.23325014114
88.090496,15.966889,21196.323,424.50185757482
88.081461,15.964780,1855.509,37.175614154349
88.034638,15.968371,56796.234,43.555507609358
88.044534,15.968767,31116.251,36.352745695210
88.021381,15.966862,2229.917,44.333437458074
88.029535,15.966333,742.103,39.044760918849
88.163332,15.969698,59350.437,78.178548374520
88.179109,15.969553,58386.899,166.41301925318
88.057700,15.967049,987.796,36.064274314268
88.027462,15.967588,2162.199,39.464333094110
88.170770,15.967331,1250.173,47.258780939459
88.140805,15.968418,3174.572,34.404395835728
88.011997,15.968140,1661.367,59.642920417958
88.184769,15.969222,11332.309,41.496019552337
88.172396,15.970882,27667.718,34.131893492531
88.229470,15.981824,nan,249.91213190543
88.032485,15.968453,1923.971,82.835940237138
88.049393,15.968179,1073.066,38.333773107807
88.025259,15.968911,1380.847,49.146365392710
88.081597,15.968550,869.575,35.327772079696
87.983019,15.969910,6225.998,96.108337801445
88.057426,15.970031,4074.906,72.313340111066
88.087172,15.969649,613.740,86.791637007980
88.076643,15.976689,51761.516,44.380533217535
88.197491,15.970749,8620.838,81.059869938863
88.008896,15.970042,1339.469,285.63504351287
88.026998,15.970996,2173.199,35.698806540099
88.054695,15.970838,661.886,724.16761765524
88.166974,15.972838,14611.053,36.311505052784
88.216771,15.972101,5914.313,53.821891046305
88.119233,15.972879,15109.814,216.94093831486
88.008227,15.971743,2559.466,31.864025136098
88.077710,15.973343,12385.867,93.183892150108
88.038484,15.975050,61520.797,43.239652112337
88.137849,15.971852,1300.292,42.354389348365
88.145495,15.976147,126521.719,728.42192642477
88.116317,15.972272,1010.345,51.392290073498
88.201342,15.972723,3292.678,37.378367322116
88.088586,15.974857,47076.813,46.136171690754
88.190968,15.972287,967.369,39.752653850516
87.981761,15.973982,13292.710,322.63375060826
88.170472,15.973162,4103.326,34.302012408727
88.107941,15.973592,3737.112,40.767080642862
88.062004,15.977790,154219.178,34.497446830391
88.016314,15.974520,5520.402,64.175298136465
88.047004,15.973685,1395.412,65.7516456287
88.029598,15.974065,2159.525,41.960398101280
88.031834,15.974392,2754.972,35.841277188033
88.126977,15.978042,72400.243,36.022354203448
88.173767,15.974197,862.121,36.592879185004
88.094671,15.974672,1115.128,42.923042377050
88.128519,15.975141,1224.438,291.45149921409
88.002425,15.976383,7785.257,42.107890907803
88.031284,15.976134,8618.424,185.87281764959
88.066239,15.976078,2113.720,42.696142665732
88.194828,15.975914,1431.840,40.002903055122
87.989541,15.975627,860.685,63.415544793295
88.174806,15.975763,773.141,46.652293299352
88.147577,15.976671,3179.949,39.087272121661
88.169454,15.978863,39611.050,41.817140624678
87.990259,15.977467,2547.775,39.237813663918
88.203205,15.978533,21418.881,42.548587813728
87.984531,15.977277,2593.510,42.161789253521
88.011025,15.977046,1926.026,40.185973817478
88.080389,15.976929,953.310,41.096931265829
87.993131,15.977848,5016.487,788.48958292766
88.098267,15.977421,1240.436,34.959273712139
88.188772,15.977793,3185.082,48.287062718204
88.004913,15.977457,963.433,45.392601974157
88.016285,15.978444,3409.228,64.303169022447
88.216242,15.978135,2228.662,37.335519797773
88.014357,15.977664,794.361,125.94708277310
88.119662,15.978015,804.517,39.885901174470
88.201904,15.981452,80357.615,139.95985634257
88.221933,15.978111,738.732,44.378835638892
88.018939,15.979313,3840.636,118.96758403204
88.061750,15.979871,2911.019,40.119321528697
88.068486,15.981114,8616.479,44.506536287003
88.182237,15.979932,1211.577,181.24274560715
88.229442,15.991527,nan,39.621627903748
88.173535,15.982105,15889.365,92.894619860473
88.092146,15.981465,2648.598,39.128031865899
88.155488,15.983404,16199.459,36.445079083498
88.195577,15.981763,2313.343,237.26590474051
88.068594,15.984156,22483.076,34.627490915948
87.985189,15.981766,869.292,53.136527080949
88.126273,15.982599,2421.168,481.93612709881
88.037195,15.985120,40786.430,46.807954792630
88.014778,15.982705,1733.780,38.693469568434
88.081339,15.984250,16035.017,36.929820338776
88.078999,15.982996,1502.834,38.307374877099
88.189983,15.983133,1293.069,38.341792193149
87.991918,15.985276,38139.668,65.042609721897
88.086505,15.982932,713.553,39.002860915140
87.976038,15.983705,4955.068,39.085629417092
88.118246,15.987862,97300.536,35.671868267012
88.214686,15.983681,2468.281,38.771027558001
88.039472,15.983356,629.715,62.124183567516
88.026161,15.983913,1088.408,38.298237700494
88.006789,15.983804,970.205,38.469631980195
88.224117,15.983980,1119.003,34.237365967799
88.170287,15.985348,5108.171,36.502058275710
88.051689,15.984059,791.595,39.369437952349
88.089076,15.985089,2120.100,259.40251742848
88.062191,15.984846,561.233,635.75649034391
88.199419,15.985982,487.642,152.70334764190
88.221254,15.987105,4336.188,62.727097687320
88.050083,15.986409,1007.583,33.718362121419
88.004785,15.986811,572.018,38.315910013387
88.055053,15.986971,1051.105,38.682542675345
87.977979,15.986090,499.494,45.055792433401
88.028046,15.986867,686.000,70.481233584559
88.182425,15.989526,32348.038,136.20846127113
88.198816,15.991598,68770.020,44.618565691529
88.187576,15.990290,19719.757,35.191533685787
88.166652,15.990028,7483.391,72.096851863201
88.015438,15.989026,1510.344,36.105955777778
88.081697,15.989211,2370.356,83.032685279995
88.001409,15.989546,3026.650,64.350543085449
88.127026,15.990874,6918.690,48.086153175314
88.201624,15.990850,5605.204,55.967046618279
88.143683,15.991696,25954.809,54.098731491298
88.092223,15.990803,3587.122,83.081065087969
88.105505,15.991029,2160.714,33.262291740528
88.056937,15.992521,8926.302,35.138345018879
88.171597,15.991559,1531.257,38.038073489438
88.165510,15.992904,13002.477,34.086244570211
88.066499,15.992687,11756.808,40.162765608551
88.157145,15.992317,4272.831,62.450600750522
87.983456,15.992597,4434.569,41.107529782797
88.005628,15.992844,5156.321,160.25753972237
88.014230,15.993325,12886.406,33.749737595115
88.141738,15.992162,973.385,41.692101328284
88.097117,15.992755,1568.480,37.758225663972
88.185304,15.992959,2286.885,54.416784177661
88.020965,15.992562,632.690,34.856019002704
87.988393,15.993334,1575.669,47.071928700342
87.977990,15.994368,6750.226,40.787979051517
88.038335,15.993901,1325.697,52.584193076638
88.210598,15.995599,16438.170,40.952864388815
88.186641,15.994586,2051.649,32.270210687237
88.193494,15.994751,1767.823,45.242920290541
87.974717,15.994575,898.845,34.074339549396
88.166026,15.995606,5644.466,35.074364449713
88.142596,15.994741,792.660,40.875193578060
88.220663,15.995616,3563.677,39.987881835671
88.024631,15.995258,1646.273,37.713859180222
88.164283,15.996318,4592.702,37.951692603516
88.153923,15.996537,2368.830,39.225433498119
88.215784,15.996189,813.027,37.624289392066
88.053331,15.997465,3078.457,""
88.171217,15.996901,1162.313,""
88.144795,15.996804,832.678,""
88.217782,15.997085,1191.240,""
88.065006,15.997184,1166.459,""
88.186749,15.997503,1225.684,""
88.096374,15.997566,792.547,""
88.195720,15.997779,964.352,""
88.080160,15.998602,1064.374,""
