#mjd: 59703.40411
#filter: V
#airmass: 1.291
#seeing: 1.1684456699999999
#m5sigma: 21.4394
#exptime: 90.0
#night: ut220503
#ra dec flux fluxerror
323.149268,0.129805,nan,1842.4981653649
323.035678,0.135378,357383.394,50.990421446058
323.129835,0.130841,2564.122,50.629406830122
323.067861,0.133855,1890.507,54.804633610237
323.039721,0.134106,2288.125,51.299137383017
322.986505,0.134159,648.160,111.11406235018
323.080307,0.136744,16322.313,190.67416787247
322.991726,0.137272,32670.828,61.246121542018
322.983155,0.136428,4267.567,71.223230285913
322.944404,0.136960,6184.167,55.219969715694
323.042065,0.136376,2444.166,48.444192873338
323.061800,0.136267,842.054,298.82430531343
322.957168,0.139788,48465.654,70.224975902403
323.058495,0.139494,7536.095,104.07590692286
323.041221,0.140905,14501.217,58.994400126562
323.115288,0.140625,5245.874,53.078066886002
323.016385,0.141195,4844.131,59.240748966667
323.018691,0.140589,3992.665,56.994618249229
322.939396,0.141626,7480.894,54.328554877727
322.981370,0.141068,1363.018,50.765921646279
322.962065,0.141577,764.512,53.154963173291
323.128226,0.143135,1432.738,49.115658610805
322.986896,0.144051,1655.337,48.813925354963
323.169123,0.144592,845.911,66.654134833924
323.126528,0.146646,7526.071,74.492981856829
323.051945,0.146975,7598.405,55.020709245538
323.174696,0.145872,1035.172,52.577262317555
323.071501,0.148403,3562.989,385.26700019977
323.011308,0.151316,46913.458,47.802326650722
323.069291,0.148715,954.142,43.885959777975
323.153856,0.149156,904.742,57.847709508174
323.118967,0.149582,1846.940,52.141939827476
323.100944,0.149665,1071.542,47.061961351405
323.034875,0.150463,1187.214,59.537549237100
323.040031,0.151467,3125.132,117.82502303162
323.052860,0.152332,14473.040,58.460567881488
322.970371,0.152724,2724.155,1404.4284078590
322.938183,0.158051,261580.565,52.026088409686
323.100052,0.154171,3700.229,52.169344896739
323.132724,0.154653,3954.897,49.216345856713
323.139882,0.154876,1813.931,74.840179630280
322.988562,0.155611,6619.263,51.951427204663
323.098519,0.156263,2055.720,55.395031068354
323.121333,0.157700,3045.822,54.667056122331
323.129166,0.157567,2277.253,1108.9414511680
322.976150,0.162183,198536.001,55.732392498161
323.078337,0.158660,2844.623,58.007446395844
322.975870,0.158013,1405.448,61.069548815860
323.026988,0.160179,5173.561,88.561743561229
323.014376,0.160487,10050.548,150.32201806936
322.993605,0.161230,21714.472,50.365664401239
323.009149,0.160468,1038.557,141.22542948832
323.122889,0.162703,26666.765,119.63679293442
322.953267,0.163408,16881.292,79.432004699657
323.116095,0.164357,10699.174,230.05365208241
323.025456,0.165392,33818.528,61.463015116755
322.985455,0.164922,1015.076,73.483843924839
323.010515,0.166302,7734.380,60.814237852856
323.106958,0.167482,3127.812,65.834099085121
323.160782,0.169450,6798.320,61.966666431610
323.163955,0.169792,7766.332,61.951348932844
323.030388,0.171581,5025.823,54.750693359519
323.039102,0.173480,2019.678,55.322002083883
323.124435,0.173392,1282.957,695.41888209738
322.969856,0.178454,123665.989,305.12884069302
322.997671,0.177852,53256.883,51.958866713456
323.081244,0.179439,1425.919,48.553880510638
323.039850,0.179254,1082.791,50.434742418728
323.029612,0.180472,1809.658,50.990885975288
322.971289,0.180506,1259.906,149.04559604030
322.939872,0.184838,28503.989,51.898154396897
323.145899,0.184937,1257.563,770.09527049750
322.961591,0.187233,134007.373,63.047663850401
323.041603,0.187125,5607.049,118.23015939039
323.102058,0.188852,20098.036,427.89398718005
322.987935,0.190250,73526.286,95.102662266762
322.947611,0.189380,11863.929,54.290863873388
323.157105,0.189434,6062.138,51.990860341587
323.027176,0.188804,1395.347,72.218020339213
323.053224,0.189460,7120.846,55.099569582588
323.029942,0.189254,3645.594,211.80501341368
323.013551,0.191128,38700.956,53.627796347418
323.165199,0.190319,1834.231,54.845577665939
322.958373,0.190527,3953.094,53.572777427210
323.177123,0.191462,1011.337,192.87956205767
322.980562,0.193587,28995.041,58.614585854282
323.127054,0.193174,4885.107,49.049220011317
322.989117,0.193558,722.287,60.438001747712
323.092597,0.195124,7024.984,134.72395314153
322.954924,0.197531,24450.227,511.22061999707
323.036258,0.201069,97931.365,47.002578595854
323.102792,0.199419,3006.478,58.093015408633
323.151135,0.199920,3933.567,80.645422034907
323.147866,0.201800,13409.955,51.334787795408
323.051599,0.201183,1660.093,67.533855572770
323.155936,0.202268,10206.237,52.036772108066
322.965063,0.202085,884.593,508.18171139602
323.133794,0.204629,112279.558,57.014514224933
322.973598,0.203056,4930.953,48.649895722798
323.137994,0.205811,923.815,51.997250023283
323.136168,0.206353,1491.230,118.54152303876
323.029553,0.208001,16791.068,46.636851201390
323.116000,0.206880,1519.923,60.598412429584
323.149119,0.208408,6382.656,54.973782218613
322.937218,0.207850,2352.202,62.081878881926
323.014015,0.208355,6795.916,70.879653493989
322.949833,0.208907,6773.487,75.310969741908
323.117914,0.209761,6718.623,346.45562557851
323.159165,0.211333,68421.220,59.022299663515
323.097127,0.210931,6371.149,55.022487963258
323.166813,0.211302,1791.172,53.440215567152
323.105688,0.211683,1294.916,49.831511032854
323.114209,0.212432,2677.069,53.093416420840
323.138328,0.212875,1266.339,61.698025937061
322.957799,0.213762,4348.293,55.524451378466
323.111913,0.213574,1271.276,74.463717962500
323.004308,0.215911,9933.421,57.954848660457
323.110306,0.215098,1353.250,99.410518982513
323.006463,0.216129,14341.101,53.472972859424
323.026811,0.215987,2062.892,75.044647070352
323.033371,0.216328,9338.496,54.836146747131
323.021346,0.218267,3832.637,74.470788793838
322.988009,0.219095,9626.883,51.815809167526
322.943378,0.219640,1002.498,54.354065460286
323.009424,0.220077,844.355,51.850645915607
323.069929,0.220512,1154.020,78.164716100234
323.141702,0.221870,10604.414,54.132588373904
322.991710,0.221317,1984.676,662.87272486325
323.035721,0.224654,142784.575,490.95767110427
322.966264,0.223813,92479.381,1971.4630594309
323.068013,0.227561,401414.820,265.82777617000
323.093538,0.224742,40383.531,57.852399496584
323.005895,0.224082,4376.738,51.192783485280
323.097699,0.224206,1669.557,55.499067896939
323.104856,0.224996,2036.558,54.068086337098
323.167138,0.224928,1519.319,59.512614478706
323.021171,0.225744,5037.992,74.365008522764
322.939642,0.226396,9278.392,52.364908903855
323.157652,0.226647,1918.051,61.285404277223
323.171278,0.227287,5007.626,59.547239323271
323.170288,0.244381,nan,53.856748728565
323.135238,0.228041,1591.451,72.265212610590
323.098712,0.229194,2730.658,49.926925947641
323.170781,0.230274,6113.792,46.885635076564
322.968098,0.230455,2945.725,59.212544471116
322.955429,0.229873,1291.966,92.359762443077
323.014955,0.230652,4507.579,68.647431229033
322.977122,0.231989,14531.352,53.847309151690
323.160791,0.231767,7556.002,56.190115337313
323.017080,0.232074,940.567,85.969692516450
323.107438,0.232723,1915.818,1683.7079121947
323.148287,0.234839,12369.976,541.26412557169
323.015207,0.238499,400716.129,113.72136395322
323.018300,0.236439,116938.021,275.88897371811
323.021845,0.235757,18227.186,50.143113219152
323.118540,0.237088,43074.284,107.86780206315
323.099818,0.235464,648.931,59.112037904441
323.163387,0.237605,15391.057,742.71998369437
323.108663,0.237473,1271.328,93.165225532557
322.972207,0.241920,112435.107,231.65439864077
323.072633,0.240131,11981.077,51.097282239347
322.952610,0.240844,50363.335,69.134888802180
323.157325,0.239147,1455.794,56.208571754220
323.016977,0.240309,11134.092,99.745769533208
323.077121,0.240328,3529.152,58.435878597046
322.960999,0.241185,15295.389,50.499488657607
323.154647,0.240624,1722.119,56.333357224847
323.020075,0.241558,3788.735,103.95783692515
323.153608,0.242683,5713.026,53.913737444453
322.946541,0.244184,22202.822,67.818961202298
323.044297,0.243459,1065.471,64.440258252206
323.138715,0.244344,6001.110,193.77720511238
323.118275,0.245907,6509.093,58.301064681663
323.101151,0.249107,36529.904,105.12109339874
323.135465,0.247242,2515.873,49.232700059475
323.000624,0.249995,16036.613,78.709562054076
322.951365,0.250538,1611.202,48.761240650200
322.996924,0.252643,10186.213,119.09029158662
323.091514,0.252391,1240.614,53.854357554788
323.108450,0.253627,19215.235,66.622218384839
323.129534,0.252793,4756.684,54.397574271104
323.002003,0.253534,8308.134,323.99576129511
322.989703,0.253759,2165.905,47.483052990651
323.139563,0.255421,67071.902,54.949089925909
323.093900,0.252995,970.534,73.461181035859
323.042475,0.254427,3613.704,66.831950085055
323.007965,0.255637,10489.397,53.284022908201
323.011107,0.255603,8082.094,53.976264721883
322.990771,0.255449,970.836,46.147221195195
323.089854,0.257517,3345.497,58.047272861002
323.139862,0.258101,2071.355,52.858526354223
323.059623,0.259254,5086.840,239.78356126756
322.988750,0.260410,1598.955,96.196321362388
323.039498,0.262313,46104.202,50.760125923569
323.161866,0.263393,13626.262,256.88007953640
323.092448,0.262622,2279.448,54.826549168984
323.077094,0.264293,45957.629,141.37879208089
322.963291,0.263677,2476.519,51.707450168513
323.130175,0.265034,25215.522,62.421872751129
323.115969,0.264438,752.976,416.46914538235
323.104495,0.264997,3898.251,1233.5666446191
322.942867,0.268414,86661.184,46.202364816112
323.051995,0.270756,262384.068,50.405998450170
323.083230,0.266799,1579.327,65.842875603947
323.002129,0.267301,1085.954,49.587115842613
323.162765,0.269675,6018.717,58.320536023769
323.004520,0.268720,1096.612,52.834673830258
323.039362,0.269702,3668.999,749.32136480455
323.026700,0.269651,902.321,135.18848791620
323.058387,0.273908,145162.290,58.967514477563
323.094118,0.271984,19694.802,155.76052452029
323.027835,0.271214,3980.313,56.342798785300
323.120910,0.272818,26223.492,56.435483541422
323.078223,0.272160,6510.559,58.606987078697
322.970014,0.273642,2617.725,59.855987242871
322.990469,0.273593,1482.301,126.77523547104
322.994544,0.275762,2596.277,53.154383657134
322.958005,0.276632,21705.534,63.423621601804
323.176353,0.275333,1274.379,509.22203798603
323.049114,0.276085,3778.030,57.316451473110
323.139790,0.279363,89936.868,52.248001239419
322.977811,0.277832,1581.879,58.087859965938
322.938626,0.279034,2494.328,49.881509526487
322.975068,0.280392,2913.861,151.38848526624
322.939164,0.282049,1423.227,71.916406580347
323.058245,0.283965,20862.303,59.790619652656
322.937854,0.284082,8772.589,83.199729245896
323.060148,0.284181,2866.975,48.588050711117
323.036934,0.285368,12244.824,79.532147401828
322.990896,0.286115,817.039,1237.7734013032
323.165874,0.287432,9668.016,219.68796561782
323.043946,0.290934,254565.450,52.084677742963
322.935367,0.289498,47038.589,53.421830709886
322.962414,0.287637,934.076,54.062063586880
323.040417,0.288762,1970.838,51.315147978931
322.996604,0.289514,2558.756,53.787439954275
323.095824,0.293047,1058.756,49.381557549422
323.146819,0.293250,1171.929,50.122293688375
323.018324,0.295221,3369.781,92.327149955011
322.973657,0.294997,1398.178,50.720406060019
323.106335,0.297255,11284.089,54.580677841754
323.040929,0.296230,744.105,159.65043439153
323.097439,0.296621,1378.861,74.242375681202
323.173063,0.298645,23828.433,58.044458590196
323.101957,0.299848,9733.383,113.11234742708
323.051868,0.300422,4485.708,48.051253218721
323.054226,0.301933,16775.218,86.382821395632
323.010535,0.301415,1872.198,214.12217569359
323.000149,0.303636,9963.156,643.32299131718
323.104305,0.304303,37197.082,53.197623144409
322.977231,0.307329,133262.717,50.640763924016
322.996679,0.304314,1115.213,55.875037292999
323.064754,0.306318,2569.527,54.195890302453
323.155324,0.306095,895.211,67.994765563231
323.049885,0.308244,3888.261,47.609027882482
323.115060,0.308715,8120.550,55.935291413487
323.109141,0.308781,858.930,55.451632633109
322.950629,0.309530,1503.282,51.858376795440
323.007757,0.310041,3986.707,65.160099131886
323.150706,0.310541,3637.512,67.797119658281
323.160558,0.310766,5077.680,87.851756436020
323.034036,0.311202,9267.964,52.681268038197
323.092816,0.313354,9945.762,156.49702592853
322.978191,0.313467,1565.720,49.078641709058
322.963304,0.316312,29007.154,53.110416762135
323.173518,0.315099,1206.303,51.294558242789
323.004587,0.316061,2315.450,60.388575710528
323.169758,0.315870,1504.684,67.785872038636
323.117203,0.316953,4757.809,79.972633621495
323.066463,0.319314,8389.518,72.137858721219
323.007614,0.319691,12724.674,102.19780695473
323.132557,0.319456,6831.149,56.435595901460
323.068186,0.320208,17213.121,86.644985247686
322.988077,0.319096,1303.867,63.095733860750
322.936268,0.320517,17873.434,539.41192650416
323.081826,0.322246,6215.142,97.553235144338
323.108566,0.325364,93217.913,55.755219767205
323.172124,0.323826,13924.904,56.651524288406
323.068238,0.322911,853.737,61.078973010229
322.966828,0.323511,1276.792,47.451213701062
323.041741,0.324453,6124.178,54.080114684647
323.147341,0.324511,1932.677,97.459683049858
323.025495,0.325988,960.243,134.12533480762
323.074590,0.328897,17016.922,754.96290597869
323.160169,0.328980,19581.809,633.53018778443
323.145325,0.332310,139289.667,59.270500839852
323.085498,0.332274,117745.340,48.749898710415
323.099913,0.330058,869.009,86.228309736463
323.131896,0.333068,1260.739,125.75982331436
323.011260,0.334880,14063.602,87.336627331001
322.986208,0.337919,25311.769,56.529347046943
323.104138,0.338891,10122.590,54.596474434320
323.164187,0.339153,3151.352,144.39298248336
323.110833,0.340598,1900.399,50.736292268663
322.961761,0.341790,27481.442,55.890107757327
323.005142,0.340411,1225.966,57.332388187734
323.042827,0.340679,1237.385,54.411685397327
323.125689,0.341601,2287.696,57.820572027774
323.106344,0.341606,2358.062,118.97078530926
323.046709,0.342511,2673.160,56.601325691627
322.979047,0.343948,19127.545,269.64328416009
323.165316,0.342815,2188.884,216.95109496796
323.073752,0.346472,52037.079,66.073327447653
323.083924,0.347009,38579.391,91.204388908775
323.164303,0.345474,4373.286,66.309232667193
323.126979,0.346530,10232.027,57.647081732436
323.080887,0.347053,8761.989,44.327456132511
323.001977,0.347467,2047.066,77.107514591143
323.019326,0.348713,1034.189,48.635461870365
323.056946,0.350763,9473.599,226.66999330243
322.999352,0.352094,1186.549,58.351532069996
323.049743,0.354248,40605.940,51.806239338947
322.989202,0.353065,3506.364,52.047310007440
322.964947,0.353761,2101.725,279.92633156637
323.118151,0.355625,3152.059,50.753719207730
323.079816,0.357824,48312.693,58.208906588580
322.972276,0.355644,1241.092,56.311416846602
322.957809,0.356795,3510.665,70.115891476657
323.097935,0.356620,1675.422,68.371537442158
323.089013,0.357783,9288.719,109.30510839104
323.135457,0.357314,7572.712,52.655641337490
323.093517,0.358534,14181.283,1451.6360094464
323.173106,0.357328,1160.917,52.171075599827
323.101029,0.363711,239834.874,102.80868333504
323.025659,0.361396,2316.753,48.807756224550
323.088958,0.363841,15035.066,69.351041552133
323.113469,0.363363,2705.397,111.12580098137
323.025372,0.364799,8056.678,128.20341874366
322.971407,0.364984,15690.121,71.166509179233
323.116260,0.364894,17039.654,45.316989186347
322.939780,0.364964,9891.857,84.526384543504
323.059232,0.367178,1840.962,69.620537405763
323.015767,0.368156,13439.161,60.951087670317
323.135957,0.369098,7494.449,48.829350505974
323.144235,0.368949,3392.420,133.90914940118
323.120001,0.368547,1381.401,52.428332862579
322.944587,0.370658,27960.692,66.448298014593
323.042465,0.369984,2261.689,47.834901434825
323.160096,0.370710,5609.660,74.403858080175
323.141131,0.369974,931.097,""
323.082941,0.371668,8681.560,""
