#mjd: 58471.21466
#filter: V
#airmass: 1.429
#seeing: 1.56744942
#m5sigma: 19.8642
#exptime: 30.0
#night: ut181218
#ra dec flux fluxerror
88.049041,15.776491,33066.251,132.68302493727
88.216924,15.776703,15807.192,114.59102662446
88.007217,15.778996,48167.423,142.88333444731
88.206200,15.776868,11006.435,104.94740014899
88.248606,15.775693,2738.324,118.59711533921
88.020102,15.778307,31924.889,149.74655910340
88.045739,15.776661,9252.653,108.82583014022
88.227847,15.776889,4358.833,121.33237488329
88.167458,15.776429,2991.195,102.77126834291
88.157506,15.777350,3585.431,97.567299110277
88.241286,15.778373,5908.320,105.80356918183
88.142061,15.777709,2931.647,102.39321467862
88.050963,15.777992,1826.770,100.85977543161
88.054100,15.778399,4023.760,112.75161931422
88.150054,15.778983,2528.802,96.785947337429
88.102845,15.778091,1558.859,95.346674182354
88.164344,15.781912,85265.099,295.89573684900
88.011994,15.780140,9641.264,99.940303519036
88.233667,15.781164,4799.895,105.15184527259
88.203943,15.779947,1318.738,103.20294432174
88.222247,15.783969,123548.815,328.31968623017
88.255911,15.780692,2193.662,111.13306543584
88.147687,15.782028,3967.077,106.58529623484
88.200542,15.782030,4533.302,110.92443460511
88.068487,15.784248,77552.945,245.88021291984
88.227674,15.781236,1535.879,107.13156185775
88.155095,15.782074,2289.237,105.64714940986
88.012861,15.785836,103844.545,256.77522667422
88.122667,15.784403,15594.378,122.60262137169
88.179680,15.785186,10479.061,105.39637982288
88.104753,15.785713,11253.898,126.74847998205
88.017970,15.787119,58854.173,197.68202522731
88.071546,15.785820,6163.327,117.42965790320
88.162696,15.786573,16026.366,134.80425849902
88.201605,15.785675,2766.291,102.31156281331
88.135222,15.785355,2204.505,109.93009650876
88.065397,15.785077,2125.956,113.95798965252
88.062063,15.785964,2486.261,108.67382212467
88.128471,15.786660,6163.434,115.96801590218
88.089568,15.786376,3390.896,104.07833394753
88.004246,15.786815,11027.289,108.78992519838
88.112990,15.787604,14744.603,125.09266635870
88.057760,15.787266,6682.917,110.23839254009
88.192954,15.788404,22597.483,122.23984405424
88.191101,15.787656,3628.593,122.23934095252
88.165652,15.787212,1981.802,105.76793786305
88.141163,15.790732,127456.190,381.54247721047
88.043709,15.787859,2354.938,103.79283886294
88.221198,15.789126,8768.980,109.95650216592
88.010047,15.788334,1564.772,99.283380172188
88.133861,15.789435,9344.297,114.16996933587
88.021114,15.789503,10721.589,108.35555189507
88.150039,15.789550,3114.168,108.29456081591
88.147332,15.790331,4456.548,94.545730091478
88.096634,15.790306,1652.512,116.83335641553
88.230126,15.790350,3524.412,100.97297834464
88.123568,15.792305,20676.222,125.00202163551
88.218729,15.793540,27565.179,175.31475053033
88.019150,15.792524,5188.210,114.15004090066
88.161597,15.792266,4432.250,100.76506217334
88.059551,15.792492,3790.051,109.61300491512
88.082160,15.792507,2694.779,99.504538326275
88.188886,15.794636,20860.896,119.46153446281
88.192548,15.796124,63430.704,191.62631118302
88.172663,15.793991,3343.130,101.97654755827
88.114499,15.793803,1863.128,102.27016930629
88.224558,15.794568,2645.531,92.011212789736
88.175276,15.795722,10940.582,115.49147001120
88.083240,15.796833,26411.608,135.50616949738
88.006751,15.796315,11067.062,117.39146223555
88.252927,15.797375,10896.649,101.92289007371
88.169196,15.797148,4345.475,97.696240958409
88.249158,15.797148,3094.394,107.44321036458
88.151609,15.797438,2634.357,111.71123476486
88.151646,15.799288,27574.329,111.67912609495
88.120829,15.798408,8907.384,94.562085901747
88.189497,15.798326,7993.356,113.34475979716
88.159793,15.797423,1638.817,100.24225522182
88.071694,15.798095,4080.870,105.33619610494
88.206364,15.798461,7214.744,90.269421195103
88.126061,15.798072,2303.320,101.00410962388
88.123729,15.798473,2146.236,93.651813041560
88.129933,15.799759,17319.166,120.91373925888
88.096897,15.800627,21940.723,119.81041031351
88.043894,15.800807,17150.165,116.64888892436
88.241370,15.799490,1546.015,99.484757805203
88.102151,15.802678,24116.615,122.74691779474
88.158642,15.801931,4777.101,100.77035517885
88.171487,15.803003,12634.721,102.01990010226
88.103044,15.805305,124365.703,339.84876397476
88.238845,15.802923,10056.116,107.34729679146
88.040211,15.803055,11892.194,118.80301621008
88.024900,15.805871,133045.854,389.14709863955
88.207771,15.802341,1963.082,102.03076891080
88.241133,15.802300,2049.349,99.344427190080
88.249613,15.803492,7028.847,115.37850901741
88.226036,15.803948,11469.968,111.74504056418
88.031218,15.803694,6455.917,107.02283515795
88.136632,15.804817,24083.532,154.17246185621
88.187083,15.806452,85682.862,266.80130587298
88.167340,15.803469,3153.387,110.62477505672
88.177143,15.805910,42237.007,158.70293509016
88.165113,15.804579,5370.875,117.10061634805
88.087897,15.804691,2127.119,85.743050124877
88.033553,15.804728,2960.754,105.55206038518
88.129629,15.808188,73251.633,226.68709840057
88.208202,15.806775,10194.625,98.068629859777
88.167088,15.805992,1821.573,116.11965842385
88.252681,15.809672,181224.758,411.46843074620
88.143404,15.806849,3602.226,109.58570526678
88.190013,15.806228,1519.820,104.43971189058
88.097846,15.808500,29523.971,139.94733575663
88.099989,15.807232,5152.801,106.54999740781
88.227760,15.811737,337898.473,648.10067540968
88.008095,15.808796,34251.882,118.64116450865
88.006305,15.807468,5181.203,118.66763267835
88.242809,15.807444,3303.995,109.68315001517
88.016463,15.808843,13409.728,119.18360748876
88.171795,15.807746,2435.185,115.12658535904
88.157587,15.808174,5341.683,116.46697456625
88.067407,15.808505,4329.663,113.88099208651
88.160903,15.809854,31060.855,159.16691669003
88.102159,15.810091,16517.041,134.61396459984
88.193526,15.808658,2421.014,111.36851414415
88.121803,15.810708,24018.017,128.85265453432
88.107431,15.809646,2794.539,118.12549659749
88.155819,15.810101,2212.674,106.28148462408
88.038279,15.810311,2458.361,107.18466441621
88.206890,15.810764,3025.952,107.27417729773
88.227578,15.814488,90988.106,213.86490629619
88.087228,15.811547,3357.108,109.17933144884
88.010944,15.813428,31236.978,126.44239854427
88.142684,15.813502,50185.859,160.40936019287
88.024430,15.813039,18438.081,121.87072654695
88.212849,15.812271,4618.016,103.33796130310
88.176627,15.812068,1803.672,102.05583208686
88.102349,15.812791,3231.613,114.79720900871
88.198714,15.811954,1890.195,108.20979007474
88.162351,15.814372,25471.097,141.30932544141
88.175269,15.814584,25928.676,131.62783001644
88.166131,15.814655,19836.891,123.52706760884
88.168066,15.814222,1905.008,123.59876713029
88.180599,15.814208,16209.928,109.36517277042
88.050797,15.814705,19048.370,118.83883588382
88.171808,15.814812,12442.179,114.09882345922
88.170784,15.816576,6763.545,114.07075573472
88.046314,15.817248,169745.650,409.64666509338
88.079893,15.816965,73817.631,250.42979351845
88.104918,15.816461,33509.176,144.13362921150
88.229957,15.815465,4558.072,101.27377548804
88.040534,15.815569,2875.830,109.84544372555
88.204982,15.815665,3871.657,103.12859613346
88.153168,15.816060,3600.822,99.828448449223
88.093349,15.816255,6337.443,121.05223344105
88.088546,15.816129,3258.321,102.84137000451
88.077260,15.816413,2629.799,107.28980411964
88.157297,15.817286,9646.897,117.53800554001
88.160948,15.818553,42880.818,135.69575180515
88.074256,15.818050,7718.872,116.09328641133
88.183057,15.819441,20903.289,103.42019328093
88.007496,15.819904,42292.020,189.99957078898
88.070701,15.819416,10580.658,127.60064954286
88.245549,15.821059,42888.922,133.13537265983
88.050741,15.819494,6818.203,108.02673820284
88.189050,15.819085,3433.519,98.588404164680
88.073015,15.821916,72438.106,253.63480263624
88.094358,15.819742,3117.835,100.99799516844
88.004970,15.820669,21533.308,155.26160782863
88.010331,15.821113,12171.238,112.52687054097
88.103268,15.820280,2321.115,101.56057182005
88.123756,15.821575,7118.847,101.71080666430
88.198112,15.821780,1709.291,103.17954036477
88.034841,15.822742,5754.814,100.38176937466
88.051086,15.822109,1867.278,99.014999206400
88.214209,15.822609,3380.576,91.899772335132
88.248064,15.824069,15202.383,108.61866924494
88.250087,15.824942,2713.748,108.61087210698
88.018335,15.823632,6218.014,109.21252795565
88.229216,15.824456,11034.832,100.64750834878
88.085329,15.823326,2197.620,92.162031376917
88.241427,15.824623,2811.969,90.200147658701
88.039205,15.825792,3752.801,105.70737385557
88.131129,15.826020,2490.099,109.64402887071
88.063821,15.826167,3073.288,98.162550768252
88.089217,15.827718,8102.268,107.38216862508
88.249414,15.827274,2880.810,108.20684196131
88.108987,15.827873,4639.308,105.83239271704
88.181716,15.829326,35097.699,120.45837373406
88.183362,15.830477,3569.815,120.40180228205
88.050142,15.827973,3368.270,86.963311484204
88.218101,15.828092,2170.288,100.80883359457
88.103453,15.828913,4243.887,100.11637173461
88.068763,15.828390,2114.087,124.62222694883
88.068579,15.830257,23801.930,124.66528601257
88.187439,15.829944,16274.997,122.87663067527
88.174854,15.829357,2869.163,100.94241182990
88.039911,15.829502,2364.974,91.710697154766
88.134321,15.830020,3185.154,105.56155701155
88.178178,15.830315,6446.642,104.54406752682
88.166280,15.831150,6130.820,110.65495590823
88.254082,15.831433,23185.883,143.03887314378
88.175098,15.832194,19447.061,135.41831719034
88.036113,15.831289,8035.455,102.26535663081
88.201560,15.832574,14257.657,107.75953180017
88.057109,15.833520,2115.184,89.889932677161
88.105674,15.836079,42237.943,157.96437606791
88.168837,15.834155,2553.471,115.38099338069
88.023392,15.835212,10412.562,109.13995633284
88.036328,15.835312,7604.777,119.00323129168
88.238743,15.835778,6368.344,110.63730140562
88.223759,15.836466,10077.175,123.87006369390
88.071233,15.835149,2037.005,106.79059986646
88.210770,15.836915,11652.834,115.81314099171
88.195039,15.838209,56451.831,177.80101990760
88.101266,15.837441,11881.755,119.01903774135
88.012140,15.838182,21251.896,131.65821793825
88.079473,15.839585,69940.066,208.73287198452
88.046163,15.839729,22225.579,132.26768320543
88.075308,15.841183,44530.478,130.45592139495
88.076565,15.842552,5780.365,130.52564755324
88.228394,15.838885,2171.410,108.53686272281
88.216054,15.839101,2507.783,103.34234033013
88.203336,15.840254,6448.993,100.89904472672
88.189687,15.839883,2664.348,109.75408536033
88.122459,15.843340,120596.963,277.26370839089
88.057669,15.841265,5138.445,112.92614469000
88.059408,15.842228,8119.006,112.92568361253
88.039971,15.840038,1688.189,116.88576718985
88.165584,15.841110,3276.563,115.79999315952
88.013870,15.841246,3576.453,112.96077015911
88.169966,15.840897,2410.206,108.18545875327
88.109558,15.840861,2224.776,102.80638680997
88.151953,15.840981,1871.313,98.515463546540
88.185412,15.841117,2574.426,97.473035047927
88.018243,15.841129,1476.810,97.114445989101
88.052950,15.841756,3109.193,100.72976722043
88.024806,15.842571,11643.312,117.85820670801
88.068066,15.843803,38422.497,139.87502651342
88.218674,15.842407,2021.533,106.04313828319
88.143421,15.843013,6784.970,103.79290894153
88.234867,15.843279,4490.237,97.677707900897
88.036122,15.844350,47235.726,160.18361914257
88.211078,15.842041,1908.348,99.035839814468
88.240923,15.843091,2914.487,107.42769270348
88.132818,15.844073,17143.620,114.63036678307
88.119132,15.843626,3741.651,95.715727917079
88.181196,15.844167,7643.257,96.024230107215
88.051062,15.845232,14708.716,111.03391848065
88.104169,15.845806,10318.271,121.08631473187
88.169897,15.846730,11494.649,100.96844441001
88.047109,15.846519,5390.708,100.77920657349
88.080052,15.846314,3473.992,95.017056061658
88.144459,15.847029,3873.364,97.611292141076
88.132011,15.848871,29901.798,127.11168938862
88.053968,15.847436,3570.396,106.48452917432
88.158919,15.848719,5045.884,109.13195295761
88.147909,15.848678,11558.618,94.615927695517
88.246197,15.849245,9292.475,98.748663376548
88.129954,15.852077,198522.758,377.10554262861
88.012432,15.848931,10526.888,102.26562637733
88.152054,15.848962,4921.154,89.304369767782
88.027498,15.850980,26487.302,125.96860666381
88.219286,15.850087,3432.457,102.34344978785
88.199532,15.850320,2701.386,105.82367819110
88.250361,15.851311,9216.731,98.116232749821
88.098091,15.850252,5003.093,98.502185472098
88.091526,15.850849,4645.536,96.234203956326
88.184970,15.850079,2330.424,283.57685355372
88.225721,15.853780,104496.116,96.110576897956
88.174241,15.851325,5470.912,92.349647677917
88.147126,15.853108,5085.519,102.15672227408
88.212824,15.852636,1738.595,111.73996426613
88.017615,15.853110,5639.628,98.627567718252
88.183298,15.853550,6296.718,171.73454276288
88.071763,15.855370,56169.745,104.31283243975
88.086341,15.854566,14766.930,95.197746236708
88.179072,15.854178,2831.401,106.14461560619
88.163027,15.853819,2396.055,96.979818408327
88.014511,15.854164,3492.827,95.522962572096
88.045819,15.853965,2345.786,105.57948863768
88.256528,15.856589,nan,111.26667959031
88.140480,15.855221,8498.816,111.24886261106
88.175671,15.856071,15548.338,99.421060011832
88.177774,15.856582,13683.772,128.09975583564
88.136120,15.854941,3054.592,128.07152937709
88.167698,15.856006,9582.346,98.778732190385
88.166488,15.857447,26516.397,109.82794081243
88.124830,15.855647,3358.487,101.43607782749
88.096668,15.856278,8352.381,103.29827073804
88.207508,15.855735,5363.138,110.35044312406
88.127699,15.855779,2572.372,95.087996776967
88.100752,15.856790,5705.341,129.39224629023
88.026272,15.857097,6739.628,146.72606249439
88.080520,15.858966,31518.810,124.86311808136
88.034406,15.859368,39152.967,170.82706489848
88.108427,15.859350,24495.943,110.10897160592
88.040924,15.859747,42195.983,110.15089619586
88.032075,15.859347,17210.406,112.65095572877
88.030480,15.860799,8694.510,169.97538397282
88.177654,15.859056,1847.454,109.64407039965
88.151734,15.862250,63911.653,109.68114844954
88.139156,15.859967,2737.247,111.77821229473
88.141091,15.861089,5821.820,106.27111483667
88.232081,15.860673,7940.914,119.66764331348
88.122620,15.860275,2179.495,121.52415551064
88.099372,15.861325,8262.910,123.28012084911
88.126935,15.861425,6485.163,113.02170928652
88.220405,15.861628,6739.888,111.62455489216
88.217568,15.861330,2232.996,191.77133086020
88.050375,15.863665,8502.260,100.31462360575
88.252540,15.865086,68829.391,123.94784045642
88.239056,15.863249,1853.651,107.24662141903
88.031994,15.864212,6193.191,169.38983344517
88.082289,15.864203,5916.514,104.93551205476
88.179509,15.866324,48150.273,106.90724353246
88.230222,15.865335,3746.937,114.01963124882
88.198117,15.865290,3871.811,118.59980687322
88.013934,15.865053,1832.205,103.68938046940
88.248339,15.866712,11042.268,121.04000882079
88.018726,15.866578,5161.121,104.25628200489
88.244883,15.868146,22030.357,104.28315822533
88.175939,15.867668,6874.618,117.92300294040
88.174042,15.868609,1556.025,110.36932727773
88.163036,15.867790,5640.230,112.21185692612
88.165943,15.867512,3047.241,112.74730497199
88.029586,15.869202,15524.553,285.94585675845
88.133779,15.869463,12008.898,102.25727973675
88.198068,15.871702,117973.466,106.05330170797
88.146833,15.870278,4153.128,303.53794949501
88.141719,15.870562,7009.805,120.70103953900
88.063848,15.873737,87705.375,93.134001566814
88.229072,15.871736,20817.077,108.35790654848
88.117021,15.870138,3175.162,125.79543566533
88.224016,15.871423,3841.283,106.57153158158
88.232913,15.872805,20047.713,314.33087921891
88.149581,15.871629,4082.273,111.72253623225
88.220508,15.874987,120748.124,204.75505825551
88.034360,15.871762,1915.598,105.96501590143
88.029553,15.874713,58760.431,89.532221016195
88.125933,15.873264,6365.686,98.946536355681
88.205309,15.873814,3372.665,101.82380046167
88.027358,15.873136,2119.423,125.28131500248
88.166564,15.873863,2353.910,97.442420047674
88.078680,15.876810,30350.966,115.19109783860
88.214058,15.874854,3037.004,87.964938499515
88.104874,15.876678,11799.303,95.981758820706
88.119946,15.877651,2863.972,125.33831758411
88.230932,15.877654,3305.646,94.817288878253
88.084324,15.879939,39364.311,98.764032995471
88.245310,15.879590,3330.704,113.44912077527
88.137309,15.879488,3740.801,100.23161485476
88.034334,15.880455,5803.743,96.955032814728
88.124262,15.880228,2576.105,97.550870390667
88.057701,15.880583,3626.069,132.20136389208
88.135102,15.880441,4162.414,98.909911592824
88.111662,15.882232,28768.954,100.84046148054
88.079374,15.881208,6317.401,91.775289550963
88.194123,15.880612,2254.883,115.69827428373
88.019509,15.882224,8496.009,98.646812840265
88.183379,15.882577,16672.591,98.710305419987
88.123809,15.882902,4292.249,219.87506074231
88.123012,15.884778,2879.792,113.93084111047
88.046213,15.885569,80863.850,97.241366645079
88.102369,15.883914,3833.937,104.63427985939
88.016543,15.883482,2304.836,111.71603051445
88.057599,15.884576,7595.918,111.68405354902
88.174090,15.885495,11992.754,112.09930900847
88.171935,15.885596,6960.834,117.25338117415
88.034202,15.884359,2774.526,176.12299600121
88.231858,15.885970,23818.442,106.32987179443
88.082551,15.887088,66954.176,102.61730978946
88.073767,15.884432,1964.732,104.58051783506
88.019026,15.885637,7231.484,104.08957757414
88.154277,15.884511,3168.931,101.97911922333
88.241954,15.885220,2530.493,221.04975425796
88.146012,15.885248,3890.132,144.27956428345
88.076648,15.888020,97017.720,144.28662678725
88.236373,15.888189,60616.135,109.42746344769
88.238393,15.889053,1701.107,106.13598378956
88.084380,15.885754,3115.018,99.978644922960
88.089896,15.885727,2328.756,106.68997047241
88.127846,15.886645,4060.333,114.78600663194
88.087711,15.887013,3992.493,125.35044581557
88.142604,15.888017,15744.121,112.79936444031
88.186135,15.888486,9236.164,106.19493115695
88.229603,15.888484,6499.789,112.30152215529
88.170785,15.888326,3053.252,112.25194359681
88.133003,15.888776,3860.780,108.94144474488
88.134978,15.889312,2169.375,103.20481833733
88.069530,15.888287,2158.505,120.03934752919
88.130381,15.889118,3926.299,121.25842984839
88.062762,15.889311,2824.623,109.06687237322
88.193106,15.889733,5149.778,121.30587658741
88.148783,15.890166,4292.337,123.28683454599
88.066133,15.890901,5205.466,189.39584007515
88.105450,15.891994,10748.790,106.18431282350
88.046720,15.893072,25151.469,106.42090690728
88.229845,15.891444,2866.892,101.99427038894
88.237342,15.891520,2261.490,110.30542071195
88.109661,15.891920,2282.080,120.57379935564
88.194196,15.892500,3388.018,94.778022721411
88.032679,15.892137,4015.097,112.00948175560
88.209376,15.892937,2423.777,246.21697833755
88.241744,15.894300,12779.406,117.40964932381
88.076532,15.896569,82323.717,117.45612830870
88.131300,15.893183,1802.558,128.27511851237
88.132726,15.894552,3930.939,128.26539009363
88.162191,15.893510,3269.612,128.29025822461
88.162874,15.895464,28987.946,123.86768667801
88.164178,15.893723,1636.719,108.67595252034
88.028420,15.895451,16278.126,118.35968979386
88.169743,15.894038,1977.673,107.68345744711
88.190274,15.896049,10079.064,112.30589840298
88.208614,15.896662,13118.548,107.10027761908
88.009978,15.896271,5545.936,101.95236153645
88.197984,15.897190,8727.502,107.53345282042
88.060837,15.896225,1620.702,151.58160407189
88.106652,15.897874,10636.441,97.925888976538
88.102071,15.898627,29079.767,95.316511570491
88.121741,15.896748,1549.734,109.71349369005
88.233665,15.897560,2910.004,100.29468017840
88.043084,15.899152,6617.916,99.114752150930
88.095906,15.898585,2113.499,100.87968500854
88.203508,15.898973,2787.666,150.12085885537
88.241471,15.900087,11759.840,124.91092460517
88.183840,15.901084,38268.964,537.04606894945
88.020834,15.901035,17464.509,103.47728636317
88.014191,15.903840,194061.918,115.24476941287
88.229184,15.901097,5074.192,103.28265745132
88.209371,15.902154,24850.120,104.87650696485
88.154669,15.901737,3453.335,233.72144707157
88.219554,15.901727,4298.284,102.41629010545
88.217717,15.904109,95091.943,91.947503189789
88.163276,15.901404,1878.172,107.36016468191
88.205846,15.902012,3655.700,92.212678167178
88.035237,15.901999,2631.882,103.48506013753
88.244348,15.901951,2193.923,109.62739539318
88.091175,15.903295,7914.313,119.12060910898
88.246845,15.903667,11636.426,144.66763319164
88.198301,15.904713,23538.880,168.23532359276
88.233639,15.905426,33174.362,727.35104374014
88.076817,15.906009,49072.150,103.41395732540
88.027359,15.903826,9407.867,102.50733266751
88.017950,15.904716,7805.478,105.20616847513
88.214189,15.904658,4508.896,131.63455956842
88.240916,15.905427,6085.050,94.695181652182
88.142459,15.906347,29987.513,101.34230497119
88.207554,15.905463,6291.431,105.09159275786
88.139102,15.904997,2777.386,95.959241172337
88.225062,15.905581,5690.261,106.20153761623
88.136641,15.905544,5385.177,105.41186262539
88.013700,15.906210,13236.358,176.18446068784
88.159436,15.905373,1701.736,176.15272285677
88.117874,15.909633,75886.353,114.41603990660
88.119799,15.909240,7490.439,123.15971413988
88.166913,15.907979,8862.061,92.419306970671
88.202300,15.908690,23854.398,165.57515183201
88.018342,15.908529,3188.949,108.62803915012
88.096132,15.910610,35978.357,106.98039496932
88.227912,15.910306,7981.526,101.74832237951
88.253301,15.909196,2356.386,116.01747726102
88.148961,15.910187,6176.565,95.166801551819
88.161112,15.910793,9916.828,116.25114243682
88.173278,15.910043,3359.517,104.89674346429
88.084115,15.911877,11320.573,118.80909983156
88.233288,15.911160,3033.677,104.38969780964
88.066223,15.911387,5429.127,106.98990218428
88.227969,15.912668,7377.066,248.14878409807
88.050698,15.912112,2090.250,109.71361266052
88.110405,15.915298,79338.516,128.30635776073
88.038396,15.912981,2860.164,133.12211938852
88.222717,15.914874,16142.835,176.30907829781
88.028200,15.914847,22772.788,116.07699556941
88.176045,15.915941,54106.960,109.93632591584
88.153067,15.914752,12406.125,208.85190721807
88.078983,15.914281,4002.909,120.64546927402
88.216845,15.916820,60142.097,120.60933122009
88.231511,15.916414,30467.042,108.78863368503
88.229555,15.917246,12839.836,194.14400742215
88.165124,15.915413,4711.932,130.76607210391
88.163317,15.916906,63801.159,166.04333812570
88.251304,15.916547,15223.764,108.77277013338
88.190903,15.917571,53133.948,200.80792625903
88.142068,15.915868,2377.344,310.27730736340
88.174315,15.918539,67364.102,233.82841863432
88.126916,15.919839,111852.287,118.90298103029
88.139424,15.919660,88132.842,106.97100021950
88.064658,15.917518,3803.269,101.19492665137
88.123625,15.918922,8803.344,111.85630267360
88.114990,15.918170,3510.859,115.94436133234
88.216482,15.919481,10057.155,137.33672488877
88.087700,15.919807,8413.272,105.47694449372
88.023803,15.920238,25125.600,119.06620284377
88.135900,15.919918,4245.544,94.288076686570
88.192853,15.921399,9605.164,105.21019023301
88.081235,15.920528,2666.682,105.22555676963
88.200798,15.922121,10665.082,399.01679266433
88.201577,15.923786,8018.135,261.99791816442
88.191416,15.926046,161932.456,122.70464564611
88.204586,15.927258,96106.242,116.44915126796
88.192374,15.923747,16142.249,102.34671098756
88.035016,15.922551,2174.298,101.59898351286
88.185341,15.922339,2073.640,113.19881432359
88.019753,15.922606,1747.295,98.225134239557
88.255196,15.923158,4597.393,126.48223978157
88.137637,15.923487,4433.670,125.08296517710
88.126781,15.924762,17696.590,112.44889702525
88.248250,15.924920,19540.787,104.40775369155
88.185312,15.925226,9576.628,100.32064764040
88.016640,15.922963,1588.103,127.20233182230
88.134210,15.923950,3113.225,111.37639722789
88.017119,15.925244,11654.391,125.77890424728
88.243796,15.925243,8319.391,202.70622263421
88.220697,15.925684,8046.446,93.501961209730
88.083595,15.927154,53618.756,106.09409515966
88.143574,15.924551,1819.735,109.40318344629
88.156676,15.925768,6220.815,114.00319562817
88.252747,15.924960,1754.302,97.769463549685
88.034886,15.926635,8545.149,189.22700738462
88.108229,15.925870,1861.788,101.27415218581
88.063661,15.928376,58649.847,107.75839111924
88.212780,15.926690,5392.912,119.61004985305
88.101742,15.926401,2660.143,267.13697508060
88.028721,15.927323,10666.752,103.27087612804
88.115826,15.929466,90634.305,103.28827041441
88.241442,15.927450,4694.499,181.86801285058
88.240537,15.929121,3774.864,102.49659946742
88.211832,15.929963,68273.174,203.67208084228
88.218780,15.928166,5108.176,108.37096778839
88.232870,15.930812,79209.390,104.82039628032
88.151696,15.930471,9017.316,227.70505167712
88.093824,15.929965,3755.438,102.82979932728
88.180021,15.933558,87642.409,110.72622664618
88.030083,15.930784,2957.937,169.90395906953
88.025677,15.933082,10501.682,94.123984152255
88.116112,15.934796,47333.459,98.413361720002
88.176839,15.932697,2581.314,118.52791373769
88.118320,15.932735,2365.274,114.87692559268
88.063419,15.934173,7100.580,104.00723909827
88.154638,15.934665,6055.002,94.784926411005
88.181170,15.936045,5463.012,94.039612636293
88.049041,15.935618,2551.018,105.96511882982
88.080019,15.935711,2568.479,99.441843095906
88.077444,15.936682,5449.887,109.05687835099
88.225517,15.936939,3509.819,102.82646001811
88.071457,15.937650,8002.827,464.05088232598
88.240381,15.937454,2922.398,112.05875670446
88.046357,15.942397,213609.131,101.10258903510
88.246472,15.938432,4274.513,284.91173447218
88.223026,15.938663,1430.030,112.62148293522
88.117899,15.942128,78495.581,110.03405329979
88.038103,15.939288,3466.838,103.01155025675
88.186896,15.941551,6641.112,138.51450547734
88.176363,15.941492,2936.836,95.382406290203
88.062104,15.943817,30144.488,112.97535604514
88.230215,15.942980,2582.676,122.27890321127
88.243567,15.942855,2527.129,109.83066084293
88.032644,15.943118,2672.414,115.55428788016
88.048929,15.943361,2398.607,119.17796201259
88.070785,15.943213,1540.580,119.71190182622
88.181060,15.944339,5199.641,117.19067701053
88.006697,15.944118,4568.467,113.44495819039
88.189313,15.944945,9299.148,121.05695562121
88.011017,15.944208,2249.249,237.77201211958
88.042851,15.944646,4646.895,114.53953471246
88.057839,15.947046,73532.471,122.33628802034
88.239323,15.945285,12210.462,115.39702711151
88.136382,15.945795,17633.474,105.22888017710
88.072886,15.946025,9199.458,120.16571126310
88.141496,15.945305,1876.837,111.15322672604
88.094503,15.946819,7704.547,111.19356415773
88.100618,15.946350,2646.806,106.31164468487
88.099394,15.948203,1758.081,99.515307889539
88.138564,15.946805,1687.993,308.64204316323
88.089174,15.946964,1863.530,131.05227505917
88.244723,15.950467,120416.876,103.93105544577
88.141694,15.949987,29992.756,103.51249611601
88.019207,15.948027,2288.066,99.180981552207
88.225856,15.948823,4238.974,239.44731380839
88.179619,15.949253,7661.187,108.00172461823
88.148454,15.951178,77871.101,140.33884310145
88.221263,15.948902,3451.146,108.52764958738
88.151904,15.950744,23209.567,106.45756017929
88.048302,15.949619,5152.893,126.14509832011
88.054785,15.949247,2104.053,113.04109808675
88.006657,15.950507,10753.435,104.75092344324
88.063278,15.951556,10638.912,101.17706896297
88.162522,15.951797,5466.324,117.73453693571
88.143712,15.951757,2680.829,131.25293907899
88.003927,15.951947,7437.496,107.19854347678
88.177624,15.954250,37675.959,145.65534276757
88.181257,15.951862,2396.642,104.13131755233
88.098182,15.953628,10597.789,107.52309040515
88.090476,15.953454,3502.193,102.29166075085
88.153822,15.953942,8186.082,104.21641100932
88.195548,15.954527,13051.619,103.36552296036
88.063948,15.953739,1965.312,165.25587301517
88.043480,15.955008,8233.041,112.34301083123
88.032813,15.956867,49550.232,109.45860099533
88.157888,15.954523,1974.880,103.03414634180
88.022273,15.958523,11415.422,107.59026519874
88.230631,15.958658,8046.441,107.96626576973
88.050318,15.959371,18187.324,99.507960806325
88.190643,15.958531,9666.766,101.67660187700
88.164296,15.958242,2088.149,104.33773366308
88.166795,15.958667,2808.720,97.892872782031
88.005460,15.958042,3068.273,127.56914609359
88.067102,15.959849,3025.238,102.49120075938
88.104421,15.961170,11835.334,124.60879517330
88.053582,15.959645,2531.265,96.467995669809
88.064878,15.961678,23062.972,100.24699056806
88.212529,15.960510,3368.234,131.52107209271
88.230843,15.961493,7642.665,100.30740787384
88.109246,15.962554,25252.469,113.74693223965
88.253271,15.960375,2572.004,96.282319816283
88.096750,15.962109,10037.905,103.64811792579
88.170263,15.961690,4045.907,123.07957131041
88.153621,15.962223,3705.519,120.65557462957
88.032769,15.963132,18224.686,208.05608378830
88.086144,15.963417,15609.439,97.910239233898
88.218792,15.964549,64748.542,117.81041214033
88.256654,15.963360,nan,239.01637973728
88.143964,15.963160,2196.876,117.61271498811
88.198146,15.965053,16346.337,127.13747672672
88.194875,15.966823,80900.748,118.55830028023
88.060101,15.964320,4047.903,107.15255324531
88.179608,15.965576,15221.392,103.86142990529
88.134440,15.964763,6500.942,155.60947373357
88.035442,15.964254,3176.248,178.99848911004
88.081481,15.964780,3138.674,179.02019874846
88.090500,15.966867,32036.264,99.408702003403
88.034636,15.968361,85772.491,216.09340991105
88.032481,15.968457,2793.509,179.56093288912
88.021388,15.966852,3029.778,267.11664007340
88.179115,15.969525,83135.504,110.11416072930
88.044539,15.968749,45527.973,112.25035269129
88.163326,15.969669,86466.090,114.81009590789
88.248217,15.967224,4277.853,109.00998022212
88.027455,15.967587,3319.730,129.95672617163
88.057770,15.967074,1567.789,158.59215758635
88.140808,15.968407,4542.433,104.55018996034
88.184766,15.969187,16434.000,126.48493049234
88.172389,15.970863,39152.669,124.22865237145
88.012006,15.968149,2358.418,304.88039701183
88.025225,15.968935,2040.129,111.27767183568
88.197500,15.970747,12521.114,207.89880041443
88.246850,15.972031,75417.107,118.91566278865
88.057434,15.970011,6112.403,113.59782452926
88.253261,15.971379,39111.183,123.59017601236
88.027010,15.971012,3169.914,125.72885798090
88.216763,15.972075,8610.384,332.43733330981
88.119235,15.972859,23152.835,332.32654198059
88.166959,15.972821,20753.236,173.06104805547
88.145503,15.976119,185452.713,225.00401511731
88.147564,15.976672,4741.628,102.89970605818
88.240444,15.973939,34140.416,212.85332855763
88.038482,15.975047,93702.970,102.02205370641
88.137845,15.971859,1920.325,103.18771038383
88.088586,15.974847,72641.399,97.935547264778
88.201352,15.972678,4505.830,97.560513158174
88.170476,15.973135,5922.169,115.50441969576
88.107956,15.973566,5700.314,115.53860484176
88.016300,15.974526,8216.618,115.53378701363
88.029617,15.974090,3101.223,344.01458282782
88.031859,15.974391,4121.304,343.91723378008
88.031272,15.976136,12918.116,98.980852308401
88.062003,15.977780,237014.220,102.90357090545
88.061760,15.979866,4045.819,276.05589561437
88.047017,15.973686,2401.579,111.53870794639
88.173769,15.974197,1336.737,104.64302010145
88.126970,15.978026,107039.368,97.341292671539
88.128544,15.975131,1741.166,178.83453246089
88.194787,15.975891,2086.304,103.02839024298
88.066287,15.976084,3339.912,109.16419698221
88.169445,15.978854,56532.600,139.95998874494
88.230713,15.976387,3025.973,101.32178246015
88.242883,15.977150,9452.116,162.07247797463
88.203200,15.978509,31248.310,103.81793195627
88.011030,15.977066,3236.903,106.15381478443
88.080343,15.976886,1382.551,110.04134408227
88.188788,15.977779,4481.445,98.013740166446
88.239507,15.978559,5936.345,298.75293542005
88.216247,15.978119,3112.357,98.417724378369
88.016286,15.978430,5192.388,107.87667050089
88.201884,15.981434,115690.189,146.78095375911
88.018937,15.979310,5616.019,116.61271776760
88.256051,15.980183,15787.947,129.90211742274
88.229484,15.981623,38605.383,116.12151778294
88.068503,15.981114,13622.227,84.028139634394
88.173535,15.982074,22634.977,156.29288849722
88.092164,15.981447,3880.020,111.14046999978
88.195589,15.981724,2990.362,131.39255674618
88.155483,15.983393,24122.573,196.81819811138
88.081343,15.984236,24913.561,104.10528035216
88.068602,15.984146,33865.815,97.547632227880
88.037199,15.985115,61557.050,101.95851321357
88.126295,15.982571,3363.996,92.705810949830
88.079009,15.982965,2327.401,111.30746886475
88.014766,15.982698,2437.839,140.26211166681
88.189970,15.983166,1899.440,383.69724348145
88.214656,15.983677,3443.724,101.82575233041
88.170309,15.985307,8187.788,96.986939647725
88.118250,15.987835,145077.321,103.94717002310
88.026156,15.983896,1859.537,107.73688334477
88.255639,15.983639,1777.462,103.65674429607
88.006796,15.983836,1867.540,108.43885382560
88.089061,15.985095,3464.234,96.523462365382
88.221238,15.987084,6009.228,161.02362153161
88.050065,15.986421,1836.085,101.20282322165
88.216229,15.987457,5838.944,136.50998192548
88.182430,15.989500,46700.784,226.51061771370
88.251922,15.987920,1494.298,112.27354972915
88.187580,15.990261,28981.240,114.78410603584
88.198811,15.991567,99375.643,96.865073624293
88.081700,15.989212,4058.883,511.49329029981
88.166658,15.990004,10814.101,181.24875330608
88.015459,15.989011,1998.108,124.61453753555
88.248318,15.992974,136202.298,159.39633914231
88.232123,15.991741,45134.851,121.20442846150
88.127029,15.990868,10551.832,98.389714548659
88.143681,15.991667,38021.042,135.21570518637
88.092241,15.990801,5494.515,141.03859833365
88.201626,15.990816,8502.413,110.08769784418
88.229451,15.991668,23545.917,130.07045411169
88.056943,15.992518,13800.484,139.00541795362
88.105510,15.991010,3464.161,121.50568479051
88.066496,15.992670,18371.668,122.31238879255
88.165509,15.992897,18863.752,94.327707520633
88.157135,15.992293,6240.835,115.97043377700
88.014219,15.993325,19240.382,111.91843905048
88.171623,15.991567,2325.979,111.90914035150
88.005644,15.992865,8267.827,115.21535932741
88.185321,15.992927,3425.927,123.84570562894
88.186642,15.994585,3178.351,113.86820497209
88.097149,15.992731,2397.049,105.23302266566
88.210592,15.995572,23210.776,435.79236858524
88.038311,15.993913,2073.664,109.36056149641
88.193513,15.994698,2736.713,109.34962831695
88.232049,15.998398,138131.360,113.29328867065
88.166027,15.995583,8031.599,106.31764141344
88.164278,15.996291,6643.514,120.63722830037
88.220685,15.995598,5247.358,118.75242163496
88.024652,15.995262,2293.251,155.34139251759
88.153933,15.996544,3370.924,104.02470607663
88.239424,15.997184,4934.794,106.49408301866
88.042791,15.998876,30165.715,117.58375986545
88.053330,15.997467,4937.254,104.90241506069
88.217747,15.997080,1818.192,116.72335448537
88.065006,15.997164,1776.507,117.22744394577
88.171219,15.996865,1775.502,128.20772276888
88.252903,15.998196,9253.055,95.012752459467
88.165281,15.999474,34053.483,591.82713113826
88.214119,16.000288,18131.896,108.83804439965
88.080154,15.998607,1686.006,117.26828261568
88.225204,16.002848,179615.491,103.90707221276
88.208727,15.999821,2929.127,102.48070890857
88.026748,16.000896,4914.228,116.13070358006
88.050477,16.001076,5024.018,104.08342823488
88.142000,16.002138,15287.661,117.02244158312
88.122979,16.001546,4887.402,140.29516487332
88.254908,16.001246,4907.988,350.23078736524
88.208288,16.002843,7446.609,122.56612814442
88.043407,16.004505,46034.859,113.23099770592
88.196127,16.006357,136516.515,104.12588238248
88.020829,16.004397,28653.185,104.77861735981
88.090577,16.002617,1892.080,97.698814742222
88.084043,16.003704,6125.055,100.37810746271
88.069051,16.003981,8060.936,104.29200209190
88.049735,16.004032,6332.660,104.26067141248
88.117154,16.002847,2072.296,192.19066503202
88.052197,16.003496,2141.891,121.27698152711
88.054061,16.004296,3981.226,195.57407086061
88.224524,16.006191,76732.127,195.52582234301
88.133229,16.005970,22722.378,122.01686570616
88.062633,16.007964,47017.144,122.01936421947
88.060625,16.008977,83122.970,84.897315640868
88.216314,16.006794,37119.225,112.48515280310
88.214774,16.007946,2373.741,99.343236148469
88.168564,16.005364,1871.701,115.48620395004
88.004287,16.004743,2132.424,112.72632940692
88.253104,16.005916,4293.763,109.41029874175
88.239313,16.007323,9639.119,107.92240305063
88.034403,16.006929,6050.952,97.395334522841
88.065890,16.007945,10415.725,119.58291800478
88.037535,16.007187,3886.051,98.776098659930
88.198380,16.007287,4938.775,228.99323736428
88.024260,16.008761,19248.850,110.44540531839
88.203671,16.007280,2266.788,101.57433518345
88.187161,16.010589,93567.562,117.95845068187
88.154770,16.008769,3571.750,114.04745324151
88.160465,16.008858,5363.091,99.426065808649
88.078406,16.009742,14996.044,101.19982337713
88.047395,16.009643,6781.667,105.75610390116
88.232972,16.008408,1584.943,111.35594027122
88.236841,16.009609,5946.125,97.030393159100
88.172249,16.009407,4457.237,113.47099199904
88.028513,16.011338,14220.274,95.846893672257
88.075192,16.010566,4292.876,98.672632936708
88.118485,16.010698,4979.361,105.61704582422
88.045739,16.011648,15258.835,122.35282463140
88.223417,16.011305,2955.331,98.215453770040
88.248974,16.011055,3052.207,268.55315576521
88.154247,16.012700,18235.693,133.88711853617
88.162684,16.012915,20146.942,105.07600640531
88.053678,16.014269,91974.529,97.674538506154
88.024200,16.013427,21429.978,97.016333295327
88.210173,16.012481,3705.246,91.861012847092
88.238143,16.012601,4644.420,114.22031510435
88.217957,16.013080,2779.381,100.29795959919
88.110173,16.012846,2315.844,141.61836331593
88.143410,16.013794,16790.045,141.60969725161
88.057674,16.012747,1964.930,126.25466458939
88.105507,16.014023,7560.317,94.058313674399
88.105264,16.015931,49551.534,140.26526177467
88.012342,16.015180,28804.283,108.31807039015
88.157549,16.013562,2112.792,89.932219189464
88.150505,16.015128,23241.365,107.91393445279
88.034459,16.014121,3141.046,118.98111405863
88.101649,16.014194,1549.719,112.31563082558
88.141178,16.015119,7584.861,159.20903542794
88.112391,16.015697,13286.414,103.41184665630
88.117753,16.014539,1270.169,97.380878604553
88.071980,16.016498,28644.032,107.68080431629
88.018346,16.015673,3042.682,117.17094633468
88.136846,16.015842,2784.845,""
88.115528,16.016968,5471.217,""
88.033239,16.017773,6916.746,""
