#mjd: 58073.34081
#filter: g
#airmass: 1.515
#seeing: 1.38398643
#m5sigma: 20.9005
#exptime: 31.0
#night: ut171115
#ra dec flux fluxerror
88.024687,15.763967,96728.111,49.506348328971
88.001160,15.764126,4157.229,49.496197572311
88.003012,15.764882,692.161,81.274204292876
87.994741,15.764941,8255.890,74.326874476256
88.048586,15.765438,6488.471,48.061805525567
88.130118,15.765583,4161.702,48.544773034178
88.077661,15.765292,1430.410,48.559511940442
88.078719,15.766941,5128.220,50.838926213489
88.091212,15.766075,3297.025,192.69955352047
88.013287,15.768428,23782.424,73.745463942185
88.197492,15.768302,16589.176,43.550754440172
88.185737,15.767150,3333.948,45.107511531377
88.099373,15.767478,2127.060,44.681054816379
88.159349,15.767560,1885.312,54.126721706706
88.168419,15.768912,8699.436,67.951566236442
88.038281,15.768916,7158.059,46.074447386236
88.105345,15.768049,1629.267,46.833364205572
88.047478,15.767647,1287.432,45.098868622599
88.120174,15.768361,1075.962,39.244205133689
88.226816,15.768576,860.015,41.551506323635
88.234699,15.768715,1165.692,42.625935686140
88.085934,15.769686,1367.672,61.474959224633
88.011024,15.770359,5117.779,48.305737216290
88.106978,15.770119,3826.954,43.641604607739
88.068678,15.769467,711.804,48.991931238014
88.149398,15.771483,8110.039,52.965759602338
88.235638,15.771369,7500.516,43.386926992341
88.022823,15.770025,616.962,47.048349736301
87.994600,15.770764,3336.971,42.517393924258
88.049924,15.770568,1616.344,408.16405183602
88.036876,15.774834,74049.050,43.977257852733
88.199475,15.770995,1478.135,32.780951850143
88.182688,15.770798,746.515,43.468097359992
88.224581,15.770754,1931.943,77.298469144328
88.008067,15.772854,9308.386,97.683055428212
88.072885,15.773347,16616.533,52.856796659991
88.168306,15.772753,9212.926,40.526548551755
88.054766,15.771243,532.712,41.335162396651
88.138628,15.771299,759.532,42.082327432373
88.013771,15.771876,2472.838,43.632762144816
88.035825,15.771619,988.447,50.429665959368
88.146140,15.773987,7782.665,37.544675583291
88.051029,15.772758,1184.060,38.886964896349
88.203862,15.772806,1541.488,41.102257406748
88.232415,15.772751,1141.584,42.813737950550
88.206884,15.773680,2179.137,42.065869114232
87.993764,15.772915,959.982,42.822324863123
88.083408,15.773129,961.320,40.359720270404
87.989762,15.773749,990.601,103.46613113455
88.049057,15.776498,23884.149,43.277328787786
87.994266,15.775025,4109.764,43.099149180779
88.170212,15.774699,1093.354,74.278318804938
88.045755,15.776669,6699.644,71.362264099298
88.216933,15.776730,11847.429,43.638107872257
88.118410,15.774966,627.662,51.685134207261
88.206201,15.776875,7037.749,129.02724078109
88.020126,15.778295,23937.789,42.972098943440
88.227833,15.776913,3365.713,40.347922577265
88.167452,15.776447,1597.144,154.70529606234
88.007209,15.778993,26905.469,41.691459702301
88.157517,15.777345,2013.049,44.064552573000
88.142050,15.777677,1990.169,47.118422791132
88.054095,15.778371,2583.730,42.630588614707
88.102835,15.778070,1226.761,39.264683238836
88.014085,15.777481,634.169,40.147473615815
88.050973,15.777974,1003.203,46.981631988571
88.063263,15.779392,577.603,41.985296979602
88.056321,15.777946,490.563,231.13630146077
88.164360,15.781927,73503.187,37.602810395194
88.150079,15.779005,1704.621,39.394019633010
88.203948,15.779920,966.345,209.38988097371
88.068501,15.784243,58143.957,54.838599277904
88.000538,15.780963,4376.935,430.40724469119
88.012813,15.785959,77939.386,40.594656607600
88.233694,15.781229,3542.328,266.15223581365
88.222258,15.784000,72315.949,35.741639957996
88.227715,15.781268,1034.735,32.191272829299
88.124669,15.780991,616.819,36.038437844546
88.147682,15.782045,2492.672,43.468605216330
88.200564,15.782055,2599.913,39.769925957599
88.155095,15.782098,1387.107,36.724811056286
88.139725,15.781991,678.425,53.141138016240
88.122679,15.784413,11766.605,53.955270707697
88.071550,15.785770,4450.369,36.753313979051
88.186539,15.783079,733.778,38.520148768664
87.993706,15.783666,880.722,53.810536095707
88.179699,15.785217,6943.549,205.87837874664
88.017989,15.787133,40246.530,36.434726263872
88.001709,15.785030,1445.600,38.596180670062
88.166582,15.783910,656.105,36.409872201525
88.194283,15.784283,756.014,52.519995821637
88.104766,15.785726,6805.253,56.827577287029
88.162708,15.786592,12111.714,42.054442262693
88.135211,15.785368,1594.034,41.723381983279
88.065398,15.785073,1288.148,39.017195748640
88.171222,15.785566,941.251,66.816374455383
88.004268,15.786820,7892.354,42.776036553692
88.201588,15.785681,1682.894,60.086812276997
88.113020,15.787618,10823.068,48.317853134343
88.128491,15.786691,4510.240,41.949172205150
88.089565,15.786395,2246.609,45.777755790626
88.057747,15.787281,4381.275,57.579334880389
88.192960,15.788427,16269.489,57.582135093909
88.191104,15.787680,2231.632,207.49934623424
88.141183,15.790746,93587.137,44.377044196960
88.165637,15.787261,1282.569,305.77882529186
88.004063,15.790462,56012.668,46.968578881820
88.221212,15.789128,6769.897,43.627728130393
88.043710,15.787829,1643.046,37.426334022802
88.196185,15.787874,872.812,43.173823440341
88.179792,15.787539,589.453,57.916992476567
88.021117,15.789503,6387.910,43.739458567303
88.010050,15.788364,891.893,40.590269063060
88.115599,15.788474,960.758,51.633740515959
88.133898,15.789457,6795.894,45.198417438062
88.150029,15.789556,2285.879,273.51193691479
88.000737,15.794374,42243.080,39.983425936070
88.147341,15.790345,3195.343,42.025307149831
87.998310,15.789693,669.700,37.214475594624
88.230096,15.790377,2741.545,40.779770282150
88.096645,15.790329,940.002,65.140045695212
88.123594,15.792314,15116.963,52.348171484464
87.990790,15.791976,4537.359,110.08820573444
88.218740,15.793550,21226.605,39.458712505115
88.161607,15.792257,3233.137,46.379473199405
87.988516,15.792829,2967.196,45.173355880478
88.019133,15.792514,3730.024,46.197137876209
88.059520,15.792520,1913.509,36.523712812939
88.082160,15.792516,1821.585,278.60255954396
87.988323,15.796461,49985.571,157.69565800327
88.192567,15.796147,50413.593,67.746651800957
88.188889,15.794661,14275.982,41.696772253584
88.172689,15.793987,2384.452,37.681542469016
88.114473,15.793775,978.617,46.066728334597
88.118495,15.795078,4991.389,42.033058059957
88.224548,15.794600,1723.438,54.873708301890
88.083261,15.796838,20263.282,54.896252124630
88.081865,15.795485,1265.026,53.256917173497
88.175287,15.795726,7922.051,39.424061758440
87.997118,15.795184,1825.963,57.723082860202
88.006757,15.796324,7708.238,338.39223798328
87.991539,15.799437,68057.635,47.669796394238
88.169210,15.797141,3138.625,51.045206393412
88.120868,15.798397,6758.228,45.140686647428
88.071697,15.798073,3136.501,47.951503882335
88.206367,15.798471,5570.637,54.707294009977
88.151635,15.797437,1774.317,54.676521755199
88.151666,15.799301,19300.459,38.252388068449
88.159814,15.797422,1193.572,37.102261046869
88.041361,15.797058,732.386,52.830844829772
88.189520,15.798361,5188.636,128.92723907005
87.994605,15.799867,21077.082,70.016380121383
88.129962,15.799749,13622.621,38.447314629523
88.126070,15.798073,1459.963,40.013007720910
88.123785,15.798446,1594.464,67.684229394920
88.096913,15.800631,16650.616,54.534009377649
88.043914,15.800809,11818.313,39.241617818424
88.090123,15.799996,929.015,38.413416654455
88.160130,15.800182,1090.330,67.937103406279
88.102172,15.802695,18395.985,211.06864587523
88.103071,15.805317,94677.242,34.879792243955
88.158651,15.801927,3227.486,245.49293109181
87.992043,15.805524,74550.330,245.41525136963
87.993016,15.803923,1208.012,56.087688068898
88.171502,15.803001,8641.056,50.755175505028
88.040212,15.803049,8187.785,348.14942777349
88.024913,15.805879,95868.199,53.967783806587
88.238864,15.802926,8056.423,40.230997258051
88.207750,15.802331,1256.172,202.07237838699
88.187109,15.806450,75623.686,59.844657406136
88.226057,15.803960,8652.969,42.142947608464
88.031225,15.803686,3867.289,72.829675048144
88.136662,15.804838,15895.216,40.304841334948
88.167384,15.803478,2066.774,105.75278139873
88.177164,15.805909,31693.056,42.007261412716
88.165125,15.804588,3979.646,40.396269207848
88.190423,15.803632,744.706,43.611876858174
87.987784,15.805546,8858.484,37.637750796193
88.033561,15.804710,2220.949,164.52524046879
88.087910,15.804682,1297.528,53.715191125302
88.129650,15.808211,52120.176,43.641517007689
88.208207,15.806775,7560.116,39.377473511962
88.143436,15.806853,2616.778,45.551850001600
88.062678,15.806177,1072.907,44.890182026880
88.167113,15.805966,1398.281,45.416875630329
88.099983,15.807233,3993.986,120.25098746126
88.189996,15.806213,1179.854,75.356327480030
88.008116,15.808794,24970.771,36.622540575032
88.097865,15.808525,21519.675,44.466174321473
88.001982,15.806471,1068.374,42.454045496845
88.006302,15.807464,3590.791,45.647041772315
87.991267,15.807597,1843.137,41.159653857265
88.067387,15.808485,3278.802,92.544647671531
88.157619,15.808184,3681.824,41.816271034612
88.160914,15.809861,23964.138,42.033583653906
88.171792,15.807694,1771.178,58.553594621251
88.238756,15.807105,841.253,43.901561210625
88.016468,15.808863,8617.628,53.187509937394
88.193533,15.808685,1470.368,40.752422331369
88.102174,15.810099,11327.922,84.132889012600
88.122831,15.808185,617.240,44.682914743089
88.121828,15.810729,17384.385,42.429779233639
88.107416,15.809662,2040.760,43.218251346978
88.226307,15.809344,804.425,44.845577044542
88.155837,15.810104,1814.840,40.493508062966
88.038275,15.810315,1596.486,40.956233150709
88.087226,15.811520,1997.381,101.35094878201
88.206878,15.810739,1706.192,96.819749428252
88.142698,15.813514,33993.410,69.277687102308
88.010950,15.813428,22792.645,41.922795997215
88.024443,15.813037,13026.001,40.136213650889
88.212856,15.812260,3322.209,38.934347508077
88.198702,15.811937,1245.568,37.725584470275
88.195002,15.811604,909.308,37.997711901428
88.176643,15.812037,1107.315,41.667181809479
88.102359,15.812776,2467.042,42.970360471460
88.037517,15.812300,971.511,72.800153778183
88.097201,15.812431,890.312,36.958695372928
88.162370,15.814374,21918.819,36.166051566308
88.209737,15.812635,1041.592,54.281070780774
88.218236,15.812665,1201.965,54.296632629218
88.166155,15.814656,14919.271,67.514278154623
88.168051,15.814214,1593.134,287.37563842346
88.175282,15.814580,20068.176,53.592996239542
88.046330,15.817254,129915.224,57.949407254416
88.180625,15.814208,12693.663,49.822366680207
87.995933,15.814914,11649.657,49.139113777262
88.050801,15.814714,11815.175,43.641265831774
88.171818,15.814822,9733.502,157.66395242675
88.000152,15.813738,1142.341,101.15215371582
88.079926,15.816965,59173.233,44.204455832261
88.104943,15.816475,27067.566,36.966282344442
88.229939,15.815444,3463.090,45.744968637905
88.204967,15.815665,2071.879,38.807710019999
88.093341,15.816270,4184.651,38.596629182873
88.040516,15.815588,1777.263,36.445498121683
88.002439,15.815761,1325.768,45.538225803409
88.065182,15.815042,726.342,43.034441102342
88.170818,15.816578,4290.524,41.522446638422
88.088544,15.816117,2227.120,42.386600772813
88.153178,15.816061,2411.358,103.21633575753
88.077241,15.816373,1686.997,51.077298360198
88.160961,15.818558,32278.156,49.450856893025
88.157305,15.817286,6792.990,43.177886777433
88.074279,15.818038,5699.117,121.29166408582
88.238029,15.816843,726.806,68.128371460068
88.007503,15.819894,31563.467,45.185441516880
88.183068,15.819455,13143.367,53.794410622119
88.050751,15.819483,5593.435,48.460104875648
88.070738,15.819433,7615.979,74.828785291796
88.189054,15.819063,2473.178,177.59036853190
88.004982,15.820662,15589.370,43.772090128686
88.073034,15.821927,54174.350,38.559996588157
88.094364,15.819742,2261.790,66.244057672421
88.103278,15.820285,1706.702,37.866028016604
88.010346,15.821108,8642.993,43.920471828728
88.228706,15.819987,971.928,46.325871395787
88.123765,15.821588,5453.768,45.540536157502
88.110767,15.821592,4881.159,36.928320222256
88.084185,15.821228,820.829,42.935473744869
88.198093,15.821775,1257.107,39.161338891594
88.051073,15.822151,1177.116,48.901711254983
87.993519,15.822108,1161.044,41.954867184222
88.034846,15.822734,4435.183,42.862158823825
88.214217,15.822616,2434.822,44.901328569507
88.001935,15.822643,1396.808,42.969000240704
88.018370,15.823633,4899.506,40.328741756536
88.085323,15.823336,1638.012,56.827609517395
88.075125,15.823051,694.484,36.807948278168
88.229220,15.824445,8308.638,37.857589539026
88.235348,15.823803,909.184,40.995067110653
88.098867,15.824264,901.693,41.213223793724
88.039193,15.825800,2434.483,40.744329189607
88.131160,15.826017,1623.318,47.020394017659
88.063852,15.826198,1996.067,80.467983780867
88.089254,15.827720,6202.051,80.444753018497
88.181729,15.829333,25574.981,41.851103147950
88.183335,15.830478,2501.122,41.948291613042
88.109005,15.827862,2635.031,36.640390149722
88.050164,15.827986,2273.788,76.593150458048
88.005205,15.827553,716.235,69.143912246730
88.187452,15.829927,14571.959,69.180136047096
88.068785,15.828380,1498.904,38.850398087369
88.068594,15.830266,18091.761,41.494349408349
88.218081,15.828080,1397.806,39.689346649276
88.103447,15.828950,3366.267,39.144271391573
88.174884,15.829332,1868.843,39.496455241311
87.994430,15.829710,2392.270,47.139951098863
88.039918,15.829486,1577.376,44.142371169529
88.134322,15.830039,1922.350,38.809154403097
88.178197,15.830301,4562.361,46.559447473514
87.991169,15.829552,1118.799,66.364838570358
88.166294,15.831145,4065.439,36.314262085518
88.175089,15.832195,14353.874,62.986596865339
88.138869,15.830826,740.363,40.066969745202
88.201566,15.832567,11064.064,43.380521337836
88.198505,15.832009,1390.229,34.012986735944
88.179500,15.832920,1276.177,37.887899342774
88.161496,15.833186,884.384,163.21633434724
88.057125,15.833512,1549.826,111.36047566907
87.992531,15.836483,41838.841,48.897284557808
88.105691,15.836077,29369.705,38.826988391933
88.023402,15.835213,7836.787,46.222532485999
88.061960,15.833710,668.508,38.927649551183
88.036327,15.835316,4923.434,34.829004267051
88.168843,15.834154,1667.539,40.695884071220
88.181109,15.834620,1183.043,38.610568392349
88.200717,15.834563,707.526,43.292763485774
88.071227,15.835139,1465.876,56.745964398362
88.238767,15.835764,4349.556,174.30767798197
88.223767,15.836459,7732.749,68.547751981361
88.195054,15.838197,50965.866,50.727098214082
88.012140,15.838202,15780.122,56.519452660049
88.210773,15.836905,8688.011,207.48107430107
88.101284,15.837430,8992.331,36.792147258142
88.079495,15.839586,56755.787,62.250785804965
88.049215,15.836720,908.768,39.515328763952
88.046164,15.839752,12677.951,303.72468463608
88.228385,15.838848,1651.197,42.087060909458
88.122474,15.843357,77820.435,236.17042489902
88.197213,15.838897,1289.107,100.90530345275
88.001709,15.842681,96081.642,100.86740502182
88.075334,15.841186,34150.915,42.142710073665
88.076571,15.842567,4146.622,43.724684845204
88.216049,15.839128,1365.226,38.544054610458
88.192853,15.838936,801.278,36.174233231531
88.065822,15.839000,690.652,44.227742991819
88.016960,15.839023,756.589,42.847477553517
88.189660,15.839873,2019.692,51.190584643593
87.988950,15.839417,662.307,37.467049094932
88.203354,15.840254,4154.400,42.242490419353
88.231642,15.839529,549.734,53.824748918046
88.039955,15.840028,1147.827,53.809669683787
88.057693,15.841278,4081.603,42.099721566502
88.059425,15.842229,5997.922,45.255083526208
88.169963,15.840885,1539.734,38.885270907691
88.013904,15.841240,2262.109,39.105218835794
88.109522,15.840822,1251.782,40.177481086558
88.185385,15.841090,1904.636,37.532805067837
88.165596,15.841078,2260.461,39.227218403584
88.151910,15.840979,1143.490,52.926517913766
88.052943,15.841752,2373.419,41.643500325534
88.024802,15.842574,9022.389,100.84014553658
88.123591,15.841181,1020.158,40.150546969045
88.068092,15.843803,30298.105,114.11464481460
88.018247,15.841135,760.984,41.315827151354
88.036133,15.844362,35593.312,45.543726066625
88.211020,15.842041,1371.691,38.961589009460
88.143409,15.843024,4167.657,44.153326925872
88.218657,15.842425,1039.953,72.849120534047
88.234885,15.843273,3484.941,48.370435237802
88.132838,15.844077,11322.605,46.287596123496
88.119174,15.843613,2493.802,38.036494612792
88.181201,15.844151,5546.687,53.328186975316
88.157809,15.843036,814.324,51.760001818948
88.051073,15.845245,10103.022,51.550722056539
88.104171,15.845814,8084.825,42.233082678233
88.169913,15.846719,9133.116,42.066642901301
88.093162,15.845907,1567.746,37.232533879704
88.047134,15.846538,3551.564,40.521648235021
88.080060,15.846296,2397.790,38.902998079259
88.144485,15.847029,2895.606,38.967749356099
88.053960,15.847443,2395.109,83.235463466908
88.147051,15.846668,791.941,58.152460874503
88.132019,15.848879,17361.590,50.644959834468
88.147930,15.848667,8691.584,536.19072966048
88.012440,15.848931,7962.524,39.819022158269
88.129971,15.852077,151967.480,38.448825644127
88.185531,15.847137,717.888,42.248722784991
88.158907,15.848697,3629.559,73.896301140690
88.152046,15.848945,3712.450,38.803447019153
88.027507,15.850995,17275.462,45.750536344769
87.988968,15.848288,698.414,45.022527124131
88.219310,15.850096,2698.082,46.645769395699
88.001653,15.850273,3138.668,40.873357988797
88.098107,15.850225,3744.248,391.67921603894
88.184967,15.850051,1636.666,38.836246385229
88.225723,15.853787,79801.483,39.109066026660
88.199549,15.850292,1476.798,36.579938454482
88.174242,15.851294,3840.848,40.269309929554
88.148884,15.850537,1114.766,45.961186121098
88.212682,15.850535,587.359,166.52675679727
88.017613,15.853121,3382.295,43.111883980270
88.071776,15.855372,40441.941,46.150961135174
88.147142,15.853113,3627.224,38.298335057771
88.183308,15.853539,4600.573,42.308982948658
88.137265,15.852010,472.454,66.963822104189
88.212837,15.852639,1019.866,42.196110035718
88.086343,15.854558,11343.440,40.518052637465
88.144781,15.853358,992.374,44.920142584643
88.163019,15.853791,1605.070,47.509605350561
88.179110,15.854159,1803.829,45.394385509235
88.045792,15.853937,1872.698,42.629130468859
88.014516,15.854183,2467.161,50.309982461112
88.136094,15.854921,2743.922,55.537063520111
87.990224,15.855568,8065.029,60.097887242883
88.096668,15.856264,6364.363,41.500770769856
88.175689,15.856055,11352.845,39.059994706263
88.207534,15.855707,4332.277,89.128706799773
88.124850,15.855636,2261.395,50.518456617839
88.166497,15.857426,22251.143,192.45076651981
88.177777,15.856582,9147.623,41.643093197502
88.196394,15.860461,43677.570,53.904829461369
88.127695,15.855713,1798.315,37.129148405806
88.003582,15.857060,9579.159,47.760132800031
88.100764,15.856785,4247.515,134.52866800605
88.026281,15.857116,5137.661,114.21255162865
88.080534,15.858954,28299.847,95.610021761770
88.040938,15.859762,30603.764,95.835078521419
88.034420,15.859379,28707.525,41.977356146737
88.108446,15.859355,17197.699,62.305354030844
88.037594,15.857692,1377.623,36.970121174208
88.032100,15.859359,12858.873,38.774288636977
88.230518,15.857903,608.901,48.932287577166
88.106187,15.857722,660.147,40.973203799795
87.992993,15.859162,4558.279,38.523783803375
88.009875,15.858294,959.009,201.30441556856
88.177641,15.859030,1438.047,53.171282204832
88.151741,15.862254,40198.007,45.604773948515
88.232085,15.860656,5970.174,41.804477008518
88.030475,15.860805,5860.456,48.429168971322
88.139173,15.859992,1806.726,53.983774305351
88.141092,15.861076,3983.242,51.026998877401
88.099374,15.861332,5755.105,41.369515095486
88.126925,15.861403,5368.839,41.410704746448
88.122666,15.860284,950.878,40.176649375697
88.220398,15.861639,4277.256,40.616870810623
88.217571,15.861293,1508.321,52.363320794331
88.136674,15.861500,835.025,43.102007333812
88.050394,15.863642,6306.094,43.080243565088
87.997106,15.862592,753.539,161.26222922087
87.996938,15.864514,1220.057,47.662479051037
88.179524,15.866314,35638.035,40.230501210570
88.031964,15.864226,4064.266,46.856833273244
88.239103,15.863241,1249.621,43.442406616866
88.082295,15.864202,3377.058,41.174974337498
88.198128,15.865257,3018.384,43.969437545652
88.230235,15.865310,2849.143,40.537251555076
88.013912,15.865058,1322.861,39.596464568914
88.018743,15.866566,3404.053,47.366117768793
88.105599,15.866644,753.490,39.330485363949
88.175954,15.867654,5176.232,40.590974997393
88.163031,15.867758,4299.854,59.369835812979
88.165923,15.867505,2215.906,53.477231430657
88.133776,15.869450,9347.026,384.98898283004
88.029592,15.869222,10402.775,34.960082067504
88.198088,15.871710,79491.391,56.707240532875
88.174027,15.868616,1093.846,39.230407788210
87.995954,15.870216,11915.689,43.169003577536
88.146839,15.870272,3241.137,45.989833965629
88.117001,15.870118,2381.633,103.19555740741
88.141715,15.870562,4016.609,211.05232279508
88.229089,15.871728,15995.036,46.355828011553
88.063866,15.873744,64994.851,480.36581189538
87.994008,15.871059,5223.698,40.342033950321
88.220518,15.874975,112392.910,37.462413416118
88.223995,15.871363,2871.594,41.849105110355
88.238750,15.870437,1193.655,39.120821920704
88.149612,15.871633,2881.564,112.31387894058
88.080461,15.870620,666.816,37.402482043836
88.232919,15.872789,15385.476,138.55368123943
88.160719,15.870628,551.832,42.356108308687
88.029559,15.874721,44912.043,44.373621183683
88.034317,15.871743,1195.196,46.917938875645
88.125979,15.873236,4901.296,38.319926547069
88.205315,15.873775,2457.522,40.008891923288
88.208212,15.872827,780.859,42.873312602233
88.027358,15.873152,1335.255,46.845083877114
88.166531,15.873803,1568.386,44.405965192384
87.998271,15.873278,796.429,41.599133612943
88.003276,15.874025,1759.848,83.134228287097
88.214084,15.874858,1854.400,38.461096967755
88.078689,15.876806,21075.354,55.281883613245
88.182810,15.875266,987.404,67.488458175785
88.156534,15.876393,7739.016,40.091098306466
88.104889,15.876673,8547.907,41.359584237990
88.217065,15.875724,1074.211,41.925089925578
88.230941,15.877631,2349.186,119.18129166085
88.119920,15.877669,2117.373,41.264178314130
88.084336,15.879931,29300.477,36.990814238012
88.137311,15.879467,2784.672,35.632322170943
88.124242,15.880187,1696.466,41.156564409840
88.194107,15.880591,1594.031,43.233091580713
88.034328,15.880453,3562.114,41.003600338059
88.057673,15.880555,2571.810,99.069203309928
88.135091,15.880401,2925.702,137.69785990198
88.111680,15.882218,22245.211,34.521972422547
87.992392,15.883667,58424.708,47.897048583649
88.240737,15.879911,338.173,47.818459700879
88.079370,15.881189,4624.212,69.143263680160
88.019515,15.882199,6775.830,36.602189491618
88.183399,15.882592,12390.492,37.593711442333
88.229996,15.881426,1141.197,44.466415647602
88.042227,15.881346,1001.131,184.80667335964
88.123796,15.882884,2262.568,36.640665883374
88.046204,15.885563,48493.070,42.121637706172
88.128785,15.882091,701.559,41.159467333124
88.211022,15.882663,1081.349,40.414359283865
88.004384,15.883091,934.605,42.740766142926
88.016542,15.883444,1663.641,40.651634145782
87.996882,15.883549,1114.713,48.287954096719
88.102385,15.883886,2302.657,51.798779138691
88.154300,15.884494,2585.734,41.677816782603
88.057600,15.884574,5352.348,222.43602902518
88.214498,15.884307,1196.377,43.012240072518
88.082564,15.887086,49325.252,43.053342318286
88.171942,15.885591,4242.359,117.47872036387
88.169986,15.885764,1086.850,45.232225237572
88.231874,15.885952,18875.970,51.579948544233
88.073778,15.884388,1267.212,48.109572734732
88.034155,15.884348,1703.357,38.897240963280
88.174109,15.885485,7468.855,256.57521173414
88.031201,15.884168,915.813,52.537379776523
88.076652,15.888024,61151.280,38.661734103965
88.019017,15.885645,4182.325,41.863599268497
88.122957,15.884747,1546.223,275.12609891662
88.146015,15.885229,2898.644,47.243212440093
88.236383,15.888180,49680.465,44.541156249753
88.084349,15.885739,2465.193,40.805113785725
88.004282,15.885728,1441.488,42.245874023614
88.089911,15.885750,1463.959,64.033414940433
88.127868,15.886610,3033.168,42.976159407222
88.142627,15.888018,11382.880,53.705157438037
88.087712,15.887008,2843.168,43.208517668122
88.186151,15.888470,7368.039,57.353592924254
88.002165,15.887103,1220.978,39.816790312310
88.229594,15.888474,5162.863,40.323869267167
88.170785,15.888297,2433.994,41.332750587646
88.040353,15.887324,861.094,41.298071767136
88.133009,15.888766,3217.957,37.839522050565
88.134951,15.889276,1341.291,44.488108523210
88.069541,15.888251,1580.328,43.137521573556
88.130402,15.889113,2896.192,40.082743074881
88.193126,15.889726,3679.346,48.841815051063
88.062762,15.889277,1935.220,33.353584860846
88.238389,15.889002,1308.034,40.936443011048
87.991490,15.889997,2345.144,47.181859432934
88.148803,15.890161,2771.297,62.417085110014
88.066161,15.890888,3863.465,41.168273605673
88.105460,15.891989,7424.430,132.64449233733
88.229859,15.891449,2039.430,43.671943422706
88.046722,15.893075,16035.103,38.576946820773
88.032677,15.892123,3027.786,36.362857118383
88.109625,15.891914,1641.373,43.984330327759
88.237346,15.891514,1213.964,36.916421218863
88.194201,15.892444,2495.777,38.356079762063
88.209389,15.892906,1535.588,37.071186794949
87.992357,15.893456,3060.399,44.508707396057
88.085959,15.892384,724.756,44.465920699629
88.131337,15.893128,1442.765,46.174486816777
88.132729,15.894528,2957.913,184.32092523752
87.998332,15.893309,1940.176,82.627379481524
88.076538,15.896589,46940.220,37.946924520675
88.162890,15.895451,21958.113,55.264833804472
88.164213,15.893712,946.649,59.827351726991
88.028423,15.895444,10145.038,39.322301814805
88.190265,15.896027,7297.457,55.363622168667
88.184495,15.894538,968.580,72.263118959816
88.010002,15.896263,4080.431,48.147177666201
88.208616,15.896644,11425.360,57.439980636358
88.197983,15.897161,5324.428,73.683988326801
88.106660,15.897868,7807.250,43.835116254773
88.102080,15.898623,20908.538,42.359210398766
88.060840,15.896270,784.257,42.037006022497
88.121723,15.896717,933.075,358.03935191652
88.233698,15.897550,2148.365,39.412317051772
88.014201,15.903841,140343.128,43.893769706276
87.995276,15.897678,780.815,48.071560998322
88.043092,15.899136,4772.388,37.103253293067
88.095889,15.898617,1438.187,99.125092550080
88.203498,15.898935,1824.404,103.84453376150
88.183854,15.901089,28387.695,47.085907630157
88.209372,15.902138,19498.844,41.735517649599
87.994834,15.901303,6383.567,372.04134068159
88.229206,15.901110,3583.396,40.119869292971
88.217723,15.904113,74983.352,39.896204915173
88.219561,15.901719,3195.924,37.032311036159
88.154678,15.901761,2251.107,42.361872813217
88.163281,15.901350,1423.243,37.490499773856
88.035239,15.902005,1785.412,38.047219357512
88.205830,15.902020,2540.545,49.601344280358
88.081197,15.902136,1037.374,83.939629766939
88.091151,15.903299,5796.862,110.96467225682
88.198308,15.904723,14349.817,111.01456934536
88.233649,15.905431,24902.368,111.34564440552
88.235271,15.906447,979.977,53.398975869092
88.076826,15.906008,38147.155,42.115087243969
88.017955,15.904697,5626.075,74.308736572922
88.214188,15.904671,3204.830,74.364738116343
88.142475,15.906351,21638.071,36.638068514600
88.140935,15.907489,664.210,65.659911716377
88.027252,15.903860,908.716,46.980427036523
88.013701,15.906216,8887.636,49.570918953922
88.136650,15.905537,3944.272,37.844123145623
88.207552,15.905466,4532.003,42.318154231809
88.180561,15.904148,561.737,53.379821202308
88.139087,15.905016,2078.977,43.533235838277
88.225072,15.905579,4753.899,36.601623252041
87.992346,15.905997,3733.693,44.036785830367
88.159455,15.905396,1257.166,171.74795793840
88.020985,15.905318,849.958,89.377785148258
88.118010,15.909614,59741.332,48.390054379806
88.202302,15.908705,14457.159,41.689798522368
88.166917,15.907982,5133.641,59.743999948694
88.063360,15.907043,788.094,40.271314008190
88.227901,15.910281,5942.641,83.869317044353
88.018338,15.908545,2159.524,35.453456339986
88.096138,15.910612,25697.483,46.497007735469
88.169133,15.907952,770.130,49.380695892368
88.010499,15.908732,1346.181,46.461842888851
88.161129,15.910793,7720.561,37.441542433522
88.148985,15.910182,4467.139,39.709648661238
88.173310,15.910015,2233.589,35.759918676065
88.233273,15.911119,2327.285,43.560787634200
88.089312,15.910339,1046.780,34.800614038094
88.066202,15.911399,3143.210,48.025354043231
88.123803,15.910374,883.946,142.70670074797
88.084110,15.911891,8212.491,46.532011187820
87.998504,15.915203,60175.892,160.74629125769
88.227967,15.912663,5630.233,143.38258786848
88.110412,15.915317,50438.136,40.707279355722
88.176058,15.915942,42989.455,37.470289843018
88.038365,15.913008,1896.840,72.673309516603
88.179998,15.912502,977.894,63.445000131097
88.222725,15.914881,12072.545,54.945796239485
88.028202,15.914853,15054.029,39.732762733940
88.153085,15.914752,8377.281,272.98146262494
88.078977,15.914280,2872.621,41.836140177015
88.216846,15.916823,46122.350,150.10382390757
88.174864,15.913490,960.572,150.58968676875
88.163333,15.916905,48424.444,167.45599306537
88.231522,15.916413,26454.863,48.950418148603
88.190914,15.917574,39256.168,146.90609025086
88.165121,15.915415,3076.417,38.775234288460
88.174328,15.918536,51904.218,39.564966992043
88.236937,15.915032,631.994,43.965705440443
88.061698,15.915290,768.777,95.664710359428
88.142049,15.915894,1274.359,225.50087059517
88.229569,15.917256,10283.201,179.84249050501
88.126927,15.919851,82246.566,39.026575460330
88.139433,15.919675,54306.634,39.728937411426
88.179243,15.915877,711.151,44.090968369629
88.144337,15.916602,1420.958,45.582824833355
88.064635,15.917496,2594.676,44.205990772464
88.114971,15.918166,2460.453,62.964167852966
88.171355,15.917801,1162.546,44.060374703020
88.216491,15.919483,8685.766,73.265198984329
88.123629,15.918922,6365.693,40.745717113562
88.023800,15.920246,17022.442,44.518717577913
88.240061,15.918634,1254.393,39.214968933144
88.087709,15.919813,5998.315,44.184525721215
88.135911,15.919899,3087.333,44.313202466893
88.011519,15.919831,1043.875,54.377896763555
88.081210,15.920508,2079.983,34.946126192281
88.192859,15.921409,7138.610,421.80307920751
88.183208,15.920638,868.909,54.137657079066
88.191427,15.926060,119229.377,54.121631680831
88.200790,15.922124,6941.822,36.381601944202
88.201573,15.923818,5990.343,49.702074602932
88.090582,15.921330,692.359,344.99474599964
88.044478,15.921539,700.566,39.897396081945
88.204598,15.927267,86055.220,60.216189159060
88.185345,15.922318,1248.650,37.549675593788
88.192395,15.923753,12334.660,40.830957092649
88.219715,15.922075,1100.161,42.559038447033
88.035018,15.922534,1295.131,37.909644208456
88.094926,15.922559,758.518,41.606540472015
88.137655,15.923512,2748.633,67.609700553433
88.019735,15.922591,982.827,38.895707679282
88.126792,15.924761,14016.715,50.331839342807
88.016613,15.922975,1023.140,35.591226211710
88.185316,15.925239,7315.802,49.176946971885
88.134216,15.923967,2467.026,38.156752061442
88.017125,15.925242,9623.778,63.421592531345
87.991684,15.923949,1903.549,39.963685379236
88.220717,15.925716,5759.113,43.508412887928
88.143572,15.924540,997.316,39.554190100329
87.998082,15.924926,1604.209,32.336802342606
88.045053,15.924556,892.002,40.152000578778
88.218496,15.924457,656.117,141.29108766014
88.156689,15.925779,3856.894,53.562197205195
88.063663,15.928382,44373.046,43.760373552647
88.034882,15.926639,6058.156,41.417162818789
88.042970,15.925213,886.611,46.225874952509
88.076905,15.925237,884.260,42.358750740053
88.212774,15.926679,4171.085,180.65665209387
88.108212,15.925854,1032.901,50.918655951233
88.115834,15.929480,63087.311,41.137022342916
88.028742,15.927330,7755.996,269.14036485856
88.101695,15.926414,1838.082,37.324999414527
88.211842,15.929970,53392.734,377.23518968072
88.138638,15.926368,693.233,47.360629126625
88.232878,15.930818,61681.992,38.449141851250
88.218778,15.928183,3635.846,181.26360562707
88.240566,15.929132,2596.126,45.990363237758
88.180037,15.933573,68473.389,45.854708868860
88.151715,15.930488,6224.566,37.981424846815
88.093837,15.929966,2861.226,35.684541849467
88.030032,15.930807,1333.836,45.442067777627
88.054149,15.930900,675.538,109.99179775026
88.025670,15.933094,7484.612,39.776257909825
88.116121,15.934797,39521.102,40.821568570716
88.019307,15.932031,876.899,37.746850036417
88.176811,15.932710,1946.831,41.796626079463
88.063437,15.934179,5263.402,39.198530490988
88.154642,15.934672,4420.001,34.778511558697
88.040959,15.933931,721.701,40.437780607807
88.133545,15.934290,857.308,45.809281324793
88.181174,15.936047,4141.812,41.947477108831
88.080040,15.935710,1733.768,52.750129696271
88.049051,15.935632,1295.118,54.608679507055
88.077402,15.936720,3999.467,314.07115388861
88.071472,15.937650,5635.270,40.052909279183
88.046365,15.942402,168273.708,39.430837473529
88.225526,15.936899,2605.100,41.505923619639
88.235881,15.936276,830.374,41.220967246614
88.240397,15.937438,2336.958,265.26055821185
88.018986,15.938304,689.914,39.925077096368
87.995495,15.943315,120454.908,41.366173312344
88.223013,15.938574,814.674,143.51826671396
88.038071,15.939295,2425.768,39.446342606680
88.117907,15.942151,48069.375,43.104599708975
88.212904,15.939214,1151.271,52.245343660741
88.030433,15.939978,955.305,41.050568647320
88.186894,15.941544,5247.816,80.178354632929
88.176354,15.941464,1842.633,37.452639247564
88.062114,15.943825,22534.916,44.246909288183
88.142926,15.942146,777.457,40.687255052472
88.230218,15.942981,1826.864,39.264484614085
88.051567,15.942615,833.328,44.044221778957
88.130430,15.942220,735.328,44.923385528245
88.048926,15.943371,1702.839,37.904925439736
88.032645,15.943116,1683.253,42.134510697939
88.070771,15.943233,844.993,54.743683448290
88.181042,15.944320,4023.605,41.617736691053
87.987092,15.943647,nan,135.21134237013
87.997044,15.944753,6928.511,42.227369571733
88.189311,15.944963,6204.460,42.629008587084
88.057848,15.947056,54661.753,60.262091523626
88.006678,15.944107,2747.624,42.269004954059
88.011028,15.944212,1669.862,65.865790178848
88.136387,15.945806,13026.879,52.188924873538
88.042839,15.944636,2666.566,36.112505539903
88.239337,15.945292,9318.444,40.906741788882
88.072889,15.946016,7023.206,37.475906948562
88.050817,15.944883,607.475,47.250042541422
88.141496,15.945295,1565.352,41.949192988265
88.090596,15.944804,652.535,37.606345814053
88.094500,15.946838,5411.084,42.569011671043
88.100640,15.946350,1828.051,36.518690235355
88.138567,15.946800,1302.100,38.930789746299
88.089174,15.946980,1079.497,165.35055032105
88.156004,15.946995,733.755,47.356949718913
88.112646,15.947275,1000.427,42.322257442882
88.148468,15.951191,58910.601,45.114611320050
88.179620,15.949237,5216.103,80.616084752582
88.019206,15.948005,1539.877,43.735627622155
88.225869,15.948807,3372.027,43.843726681164
88.141709,15.949996,18496.231,48.854901373902
88.099379,15.948170,1307.472,74.321781932694
88.221290,15.948927,2074.581,51.913540823486
88.048288,15.949628,4169.314,39.041401586955
88.151929,15.950756,17073.038,45.808400062727
88.006644,15.950489,6978.371,40.909790744023
88.229439,15.948917,637.609,40.810272918423
88.054736,15.949242,1179.874,77.189432123073
87.991468,15.950026,1992.240,49.906556471292
88.200469,15.950050,907.463,43.443310714283
87.988314,15.952628,19725.948,47.905341647071
88.063272,15.951559,6950.617,39.504658799004
88.090127,15.950679,1056.134,42.744590280898
88.003944,15.951930,5435.762,41.445928005850
88.040473,15.951456,1038.152,97.905619677847
88.162534,15.951807,2761.777,41.131072249990
88.143726,15.951754,1648.370,36.848934061829
88.177630,15.954250,27744.684,41.429282059510
88.207013,15.951494,1083.165,39.540244446752
88.212561,15.951162,794.987,38.109547334124
88.184160,15.951588,841.049,81.620725190237
88.181212,15.951854,1375.850,40.309075668941
88.042926,15.951874,866.646,44.292387103748
88.098186,15.953620,7814.579,37.143049057573
88.153834,15.953930,5871.175,40.066582070020
88.139382,15.952525,815.549,39.597723401357
88.127746,15.953084,964.666,42.442101253966
88.090465,15.953473,2509.910,36.336147514381
88.063921,15.953683,1207.763,35.588338248144
88.043497,15.955020,6656.564,103.91081072551
88.165860,15.954075,916.082,40.886791522259
88.157877,15.954494,1471.981,39.323687954735
88.032819,15.956887,25973.177,51.845944260179
88.055047,15.955131,752.554,50.844206381968
88.172786,15.957047,1041.066,55.170047533285
88.230634,15.958674,5575.369,42.478818045557
88.190635,15.958560,5182.966,39.385950839436
88.022271,15.958517,7333.819,77.565903522469
88.005467,15.958034,2290.297,39.304476801448
88.148792,15.957530,905.097,41.689185614419
88.050321,15.959376,13600.783,39.230677694763
88.166778,15.958641,2047.628,113.73312605021
88.080367,15.957700,1069.822,34.570781250300
88.164277,15.958247,1403.773,45.038719938052
87.987967,15.961959,33297.858,40.711433003252
88.144508,15.958688,903.069,69.602580618039
88.053557,15.959623,1961.997,76.665570318156
88.067082,15.959856,1938.310,45.931316447820
88.104431,15.961178,8902.438,52.239074652479
88.064887,15.961682,16695.876,40.761828862672
88.212511,15.960508,2025.817,62.139227859528
88.230848,15.961511,5439.055,41.553561960526
88.138580,15.960408,895.282,53.646226430676
88.109248,15.962563,18935.062,42.121692679525
88.110848,15.960497,787.388,261.35223501158
88.096762,15.962100,8347.122,39.431464953402
88.170265,15.961682,2871.102,42.942612585535
88.218804,15.964565,46628.937,52.123541864253
88.004588,15.961284,954.015,63.269490099960
88.153627,15.962205,2064.349,37.522354099089
88.086143,15.963415,11884.151,40.018724255572
88.032766,15.963140,12722.443,83.463156369438
88.204736,15.962750,983.526,44.704192736743
88.143975,15.963124,1303.288,263.65414582943
88.198147,15.965054,13062.143,58.657806523695
87.996316,15.963872,1149.346,44.386341046039
88.194875,15.966847,57287.999,40.116073631554
88.179602,15.965589,9866.184,41.058484781152
88.060099,15.964310,2316.266,42.831353965241
88.035439,15.964259,1642.562,77.413607255005
88.134409,15.964763,4232.456,182.74653891312
88.081462,15.964782,2304.041,174.10359687177
88.090509,15.966880,22347.744,126.87705777106
88.034649,15.968356,68194.578,190.30251334117
88.179124,15.969542,61675.618,43.245976573897
88.044550,15.968752,37690.649,41.912025152655
88.163329,15.969687,53901.255,42.669469738531
88.021384,15.966847,2036.916,34.849505893849
88.029532,15.966326,691.640,38.472107386435
88.057719,15.967047,1286.466,58.430946394257
88.170781,15.967320,1036.856,36.996096832911
88.027448,15.967575,2075.870,43.565384461374
88.184772,15.969199,11870.218,117.63290382125
88.140798,15.968393,3413.424,37.017621201515
88.012014,15.968134,1947.619,46.724652595632
88.172395,15.970877,29663.838,53.832869934087
88.049343,15.968194,881.181,46.466915605910
88.032471,15.968461,1792.863,63.721335038209
88.025277,15.968916,1501.103,504.29230370462
88.057432,15.970023,4616.566,51.235985597021
88.197504,15.970746,8639.431,64.84968196464
88.062018,15.977803,206275.353,64.007973836890
88.026991,15.970971,2474.600,40.752073317190
88.119247,15.972869,15134.795,59.565263242032
88.166971,15.972828,15383.889,216.79371127580
88.054682,15.970853,774.123,339.64626832561
88.216748,15.972090,5561.043,205.62521977674
88.038494,15.975042,75079.810,49.312878785594
88.145520,15.976130,132397.971,44.485572998054
88.127090,15.978238,69998.961,142.80881900199
88.201355,15.972692,3357.102,43.459469992384
88.137845,15.971863,1167.393,47.041573513324
88.088591,15.974857,40756.985,35.120658703969
88.116322,15.972227,1146.933,42.410183983870
88.170460,15.973147,4301.751,44.622191582619
88.190955,15.972248,885.076,53.986006370628
88.107942,15.973581,4216.242,40.964894930066
88.229831,15.973026,977.178,48.559307340026
88.016319,15.974513,5703.585,48.528555983194
88.047001,15.973670,1027.849,44.893460906409
88.031843,15.974377,3178.633,57.245172617755
88.031289,15.976127,9153.738,40.259116643484
88.029613,15.974060,2217.340,40.576137159066
88.076067,15.975066,3457.685,38.448034690968
88.173779,15.974177,969.516,148.12250916739
88.094701,15.974642,1216.094,54.308386749485
88.128513,15.975110,1283.581,40.664364203686
88.169454,15.978865,40351.549,55.014285364407
88.002438,15.976365,9942.774,42.183417119660
88.194827,15.975903,1530.714,39.411350047175
88.147570,15.976634,3173.966,35.782430742513
88.230712,15.976395,1571.329,143.71248473963
88.066254,15.976058,2328.155,41.246754413566
87.989532,15.975598,897.058,38.914973747352
88.203209,15.978528,24846.837,41.200324006804
88.011025,15.977049,2225.003,89.528084537321
88.188784,15.977778,3343.578,37.803934337696
87.993127,15.977851,5087.938,41.592199253626
88.080392,15.976927,1086.489,41.347377149411
88.098270,15.977392,1297.703,43.002866944788
87.990260,15.977504,2016.600,415.20019955536
88.016298,15.978425,3859.477,35.940738666223
88.239498,15.978546,4385.561,42.182278472016
88.201900,15.981458,78547.576,47.506158736537
88.004880,15.977432,786.261,36.440513404475
88.216234,15.978137,2235.583,52.510984850145
88.018946,15.979301,4350.284,151.78099702019
88.119630,15.978002,633.763,34.614144527725
88.068492,15.981115,9524.607,76.046169190591
88.229489,15.981655,24034.838,50.287516324335
88.182211,15.979904,1200.096,116.14440364655
88.173544,15.982099,17385.937,94.985650260395
88.092140,15.981445,2717.323,45.650036543784
88.155501,15.983394,17550.278,46.760067933689
88.068611,15.984138,29060.021,71.841409437108
88.195582,15.981754,2437.080,129.72690932916
88.126282,15.982599,2197.515,38.063829252327
88.081339,15.984237,18789.466,119.77926017744
87.991922,15.985269,42378.131,45.771920248239
88.014800,15.982686,2080.367,41.559336512377
88.037200,15.985118,38095.107,38.294859268123
88.079005,15.982987,1635.602,332.59915647632
88.214689,15.983676,2756.143,44.779416840609
88.189996,15.983113,1333.313,39.612420846029
88.118263,15.987849,119622.429,45.381990436120
88.224122,15.983970,1109.612,35.534478195383
88.039472,15.983382,727.543,38.233926209953
88.006769,15.983827,1063.120,38.857564857738
88.026123,15.983900,779.540,39.258516490389
88.051699,15.984029,796.239,55.295066874764
88.089074,15.985071,2337.411,39.958633990253
88.151757,15.985070,660.300,183.44197749109
88.221257,15.987113,4249.208,40.486136811894
88.050077,15.986409,1254.231,36.706996290665
88.182439,15.989504,35716.491,41.594256867155
88.055056,15.986969,900.111,114.22699681077
88.028045,15.986898,706.275,416.60003479930
88.004808,15.986877,662.816,41.781434315928
88.187593,15.990264,26450.907,37.423571292806
88.198824,15.991588,65334.563,88.504764339984
88.081697,15.989233,2728.012,88.563386581572
88.015462,15.989009,1397.336,170.41498107265
88.143690,15.991669,30897.919,36.217994349107
88.141743,15.992125,923.884,109.47131372783
88.232129,15.991761,31843.374,55.893069984017
88.001413,15.989545,3073.713,52.160000005863
88.229461,15.991673,16609.618,47.295902423510
88.201632,15.990842,6245.343,81.654254363376
88.127033,15.990874,6805.551,42.019867607336
88.092242,15.990794,3586.497,42.958337977199
88.056953,15.992498,12155.363,77.769803466822
88.105516,15.991029,2423.628,58.537390028996
88.171620,15.991543,1371.058,70.581244495445
88.066501,15.992691,12691.479,49.853387291106
88.014224,15.993331,13673.087,60.097901943140
88.165515,15.992907,13816.220,42.815157695039
88.157154,15.992317,3938.837,36.425544960485
88.005634,15.992842,5333.511,39.310827820910
88.185321,15.992938,2509.181,40.541699194909
88.097109,15.992748,1371.622,38.690412299326
87.988341,15.993353,1364.629,41.219496153442
88.038311,15.993905,1265.781,103.29314011486
88.237439,15.993225,641.248,560.86606739834
88.186634,15.994583,2056.546,43.467258307845
88.210598,15.995600,14868.655,46.613108434268
88.232062,15.998416,97381.719,46.620011671879
88.193516,15.994707,1639.472,57.177390889918
88.166033,15.995595,6282.558,40.976672307769
88.164284,15.996303,5243.147,39.953278281937
88.220665,15.995627,3313.658,39.969983659961
88.240918,15.995435,536.296,37.078497332303
88.024624,15.995260,1577.250,93.921845512976
88.153905,15.996528,1965.038,40.510698287443
88.215800,15.996147,945.735,794.61809695482
88.042808,15.998884,22367.278,42.476669205067
88.217760,15.997086,1211.123,41.237632287749
88.225211,16.002856,137856.730,42.772234693014
88.171200,15.996900,1099.060,36.912931647839
88.053334,15.997459,3092.385,38.938154063870
88.239432,15.997207,2440.112,38.181850143464
88.144747,15.996797,877.556,105.59037262377
88.064986,15.997193,1094.858,38.118698995915
88.186732,15.997483,808.997,40.224755240570
88.165295,15.999477,26125.554,79.717229776590
88.096395,15.997553,880.365,41.527740743231
88.195742,15.997720,803.328,42.133092711945
88.214131,16.000301,12953.472,43.070633009102
88.080171,15.998580,1084.108,37.678829566973
88.208718,15.999823,2150.625,44.891224130507
88.029876,15.999301,1019.616,42.283966572752
88.094740,16.000035,1089.779,40.388820434752
88.050489,16.001067,3777.691,37.950404796165
88.026730,16.000919,3105.442,43.942204124040
87.992934,16.000029,732.124,52.816491621683
88.192673,16.000237,747.654,194.11032453942
88.122974,16.001553,3259.330,100.65922561085
88.142016,16.002153,11452.787,47.313578129408
87.992787,16.005202,59367.969,598.30465802411
88.043414,16.004522,28146.347,89.347465060502
88.208305,16.002852,5432.433,42.756500927859
88.196143,16.006369,110617.668,334.99740278121
88.020841,16.004407,20733.575,41.889776698438
88.117116,16.002813,1284.224,56.700874093533
88.224527,16.006202,56272.829,46.372129345658
88.090563,16.002610,1260.838,45.225330525075
88.069056,16.003986,6035.615,39.574223865314
88.084037,16.003699,3843.269,45.815768877091
88.052161,16.003502,1687.003,66.216626845684
88.012494,16.002802,560.904,141.80178141126
88.054068,16.004306,3002.093,40.564883848438
88.133230,16.005985,15960.300,152.06381395809
88.062636,16.007963,33453.104,152.06322942411
88.145816,16.004215,659.470,44.974246568260
88.216330,16.006797,31337.328,44.015738804143
88.214781,16.007998,1804.960,208.88078045623
88.004253,16.004772,1209.633,39.345650920772
88.168552,16.005323,1567.981,42.753501752979
88.060637,16.008982,61288.316,48.975863478290
88.104625,16.005827,1138.380,37.154469980012
88.107964,16.006038,981.557,47.930838455644
88.034403,16.006949,3706.813,44.035688465060
88.026055,16.006243,528.764,40.370066563410
88.198401,16.007307,3544.472,60.467434066893
88.037551,16.007195,2774.354,37.466714741155
88.203704,16.007254,1477.320,46.157490796762
88.024248,16.008761,13751.934,48.252282764235
88.176864,16.007136,892.862,47.116093382351
87.993676,16.008155,2706.635,37.745187326500
88.160454,16.008856,4212.168,37.654820017474
88.236846,16.009622,4168.032,54.720039865303
88.154786,16.008799,2866.456,38.192731893527
88.047386,16.009633,4626.586,43.588532965021
88.078394,16.009762,9408.022,39.516847423133
88.232936,16.008410,1010.196,37.449671540667
88.172217,16.009420,2635.965,39.367307961300
88.112159,16.009063,1192.291,39.320953407075
88.098814,16.009183,1024.504,38.376341464023
88.075200,16.010582,3106.995,35.471509331047
88.082681,16.010865,1122.511,38.163283846318
88.209333,16.010901,997.933,""
88.202499,16.010656,736.259,""
88.026825,16.010956,492.770,""
