#mjd: 60323.17196
#filter: g
#airmass: 1.483
#seeing: 1.9123774500000001
#m5sigma: 20.3773
#exptime: 10.0
#night: ut240113
#ra dec flux fluxerror
88.024694,15.763904,57848.286,1
88.127930,15.762323,263.461,1
88.058755,15.762959,694.044,1
88.216989,15.763073,1351.187,1
88.001197,15.764117,2676.505,1
88.118571,15.764336,2993.895,1
88.120073,15.765543,1591.811,1
87.994744,15.764906,5438.491,1
88.048600,15.765424,4211.426,1
88.047466,15.767634,860.814,1
88.020085,15.764731,2975.855,1
88.130125,15.765577,2583.019,1
88.091225,15.766086,2047.817,1
88.077636,15.765279,946.615,1
88.078737,15.766903,3171.238,1
88.013287,15.768411,15853.996,1
88.185752,15.767157,2220.053,1
88.197498,15.768299,10799.947,1
88.159367,15.767565,1364.023,1
88.168437,15.768897,5409.392,1
88.099355,15.767482,1349.796,1
88.038288,15.768895,4696.680,1
88.105340,15.768060,1066.715,1
88.106996,15.770111,2279.661,1
88.120163,15.768321,856.493,1
88.234701,15.768727,584.551,1
88.085961,15.769677,833.623,1
88.235634,15.771386,4410.133,1
88.149402,15.771485,4953.978,1
88.068638,15.769464,501.630,1
87.994609,15.770751,1959.932,1
87.993782,15.772839,616.457,1
87.994289,15.774999,2653.154,1
88.036871,15.774807,46334.095,1
88.224588,15.770764,1049.131,1
88.049948,15.770542,1140.015,1
88.051107,15.772729,721.733,1
88.199513,15.771000,947.460,1
88.008090,15.772822,5960.486,1
88.072901,15.773323,10360.156,1
88.168306,15.772731,5856.833,1
88.081825,15.771338,743.521,1
88.083394,15.773134,660.602,1
88.035869,15.771530,909.490,1
88.146159,15.773975,4915.826,1
88.232376,15.772732,572.143,1
88.206917,15.773717,1342.696,1
88.203851,15.772851,974.781,1
88.049057,15.776482,14400.573,1
88.050996,15.777931,611.678,1
88.216952,15.776738,7280.747,1
88.045749,15.776652,4161.681,1
88.020138,15.778277,14701.127,1
88.206212,15.776876,4075.987,1
88.227854,15.776924,1866.029,1
88.007196,15.778969,16843.793,1
88.167407,15.776450,898.979,1
88.157490,15.777354,1239.351,1
88.142023,15.777694,1232.055,1
88.054085,15.778382,1379.457,1
88.241287,15.778389,2680.109,1
88.164371,15.781927,44993.596,1
88.102821,15.778092,810.018,1
88.150090,15.779013,1051.582,1
88.012012,15.780138,4503.542,1
88.000551,15.780949,2558.914,1
88.203935,15.779962,633.713,1
88.222267,15.784016,43514.735,1
88.233678,15.781225,2090.443,1
88.068520,15.784260,35735.064,1
88.155137,15.782156,916.041,1
88.147680,15.782048,1382.819,1
88.200549,15.782021,1399.883,1
88.012884,15.785833,49254.796,1
88.122688,15.784419,6892.106,1
88.017990,15.787115,25114.612,1
88.071570,15.785793,2718.152,1
88.179717,15.785220,4172.144,1
88.104762,15.785730,4109.322,1
88.162724,15.786582,7102.553,1
88.145285,15.787002,12311.437,1
88.001718,15.785044,969.572,1
88.201573,15.785712,971.537,1
88.135247,15.785376,994.406,1
88.065434,15.785019,786.944,1
88.004271,15.786825,5174.318,1
88.113018,15.787615,6279.148,1
88.128513,15.786686,2732.346,1
88.171239,15.785593,528.927,1
88.062056,15.785971,1022.847,1
88.057762,15.787262,2784.153,1
88.089600,15.786435,1378.059,1
88.192971,15.788429,9632.318,1
88.191156,15.787655,1385.823,1
88.141184,15.790734,56354.618,1
88.165659,15.787211,823.817,1
88.004076,15.790451,34497.884,1
88.043709,15.787844,935.061,1
88.221218,15.789145,4036.033,1
88.133895,15.789449,4089.033,1
88.021141,15.789481,3904.098,1
88.150052,15.789575,1317.953,1
88.147352,15.790345,1829.421,1
88.230088,15.790390,1672.564,1
88.000738,15.794364,26720.510,1
88.123607,15.792323,9144.974,1
88.218747,15.793550,12841.141,1
88.161617,15.792250,2052.997,1
88.019144,15.792515,2436.549,1
88.059550,15.792492,1158.663,1
88.082198,15.792514,995.190,1
88.192583,15.796140,29810.504,1
88.188889,15.794651,8457.603,1
88.172687,15.793996,1492.292,1
88.083269,15.796833,12072.589,1
88.081915,15.795477,731.149,1
88.118509,15.795068,2883.976,1
88.175287,15.795719,5001.748,1
88.224556,15.794623,1118.850,1
87.997092,15.795194,1239.447,1
88.006758,15.796323,4676.378,1
88.169201,15.797135,1811.448,1
88.151661,15.797408,1057.585,1
88.151679,15.799300,11730.938,1
88.120869,15.798401,3947.525,1
88.206381,15.798468,3422.475,1
88.189533,15.798345,2866.237,1
88.159799,15.797427,601.492,1
88.071723,15.798089,1899.093,1
87.994615,15.799848,12633.201,1
88.129964,15.799770,8016.349,1
88.123776,15.798397,891.328,1
88.126011,15.798071,802.600,1
88.096925,15.800621,10013.265,1
88.043920,15.800789,7355.569,1
88.102173,15.802693,10565.291,1
88.160028,15.800228,524.633,1
88.158666,15.801963,1873.464,1
88.103076,15.805300,55418.060,1
88.238882,15.802927,4940.540,1
88.241123,15.802306,639.725,1
88.171506,15.803002,5195.392,1
88.040221,15.803045,4965.090,1
88.024920,15.805852,58401.458,1
87.992048,15.805501,45376.885,1
87.991253,15.807571,1087.639,1
88.207785,15.802338,753.616,1
88.226065,15.803960,5282.100,1
88.136669,15.804845,9435.911,1
88.187115,15.806460,45778.677,1
88.031216,15.803680,2373.581,1
88.033555,15.804695,1240.207,1
88.177171,15.805911,19170.026,1
88.167372,15.803477,1240.414,1
88.165136,15.804592,2459.346,1
88.167118,15.805943,763.053,1
88.087903,15.804655,795.934,1
88.129662,15.808203,30426.461,1
88.208216,15.806779,4541.684,1
88.097877,15.808508,12969.871,1
88.099993,15.807214,2192.462,1
88.143432,15.806868,1458.285,1
88.062721,15.806123,515.866,1
88.190050,15.806165,698.245,1
88.006302,15.807458,2146.053,1
88.008120,15.808779,15580.211,1
88.157615,15.808179,2470.599,1
88.155809,15.810128,1050.751,1
88.160931,15.809862,14285.490,1
88.016497,15.808848,5014.850,1
88.171798,15.807723,1099.155,1
88.242805,15.807426,1372.884,1
88.067417,15.808487,1917.860,1
88.102213,15.810097,6743.919,1
88.102396,15.812788,1500.986,1
88.121842,15.810722,10621.817,1
88.193533,15.808638,926.292,1
88.107446,15.809664,1210.820,1
88.038287,15.810299,1037.203,1
88.206876,15.810742,883.542,1
88.142711,15.813522,20332.524,1
88.024441,15.813024,7860.200,1
88.010962,15.813423,13837.714,1
88.087233,15.811504,976.607,1
88.212865,15.812257,2006.929,1
88.198740,15.811924,841.624,1
88.176717,15.811988,678.529,1
88.162379,15.814383,13295.294,1
88.175294,15.814591,11617.993,1
88.180630,15.814203,7666.778,1
88.218217,15.812650,620.734,1
88.166174,15.814667,9079.703,1
88.168088,15.814218,886.887,1
88.171831,15.814834,5678.977,1
88.170812,15.816569,2511.311,1
88.050822,15.814683,6852.674,1
88.046335,15.817236,78362.534,1
87.995946,15.814891,6969.834,1
88.000145,15.813718,603.553,1
88.079932,15.816957,36033.460,1
88.077262,15.816369,1063.071,1
88.104953,15.816474,15975.852,1
88.229950,15.815446,1968.869,1
88.204968,15.815660,1374.296,1
88.093367,15.816268,2542.958,1
88.040534,15.815550,992.851,1
88.065239,15.815098,544.198,1
88.153201,15.816051,1427.560,1
88.245470,15.821055,nan,1
88.088535,15.816122,1338.229,1
88.157308,15.817283,4051.228,1
88.002475,15.815766,817.202,1
88.160974,15.818552,18558.651,1
88.074295,15.818040,3493.317,1
88.007512,15.819904,18857.157,1
88.004989,15.820654,9313.242,1
88.183067,15.819469,7863.843,1
88.070745,15.819414,4581.097,1
88.050761,15.819471,3295.960,1
88.051091,15.822150,696.508,1
88.189070,15.819087,1378.322,1
88.073047,15.821938,32585.815,1
88.094388,15.819721,1337.609,1
88.010350,15.821105,5250.345,1
88.110786,15.821601,2705.860,1
88.103275,15.820314,850.550,1
88.123783,15.821575,3104.816,1
88.198120,15.821807,807.313,1
88.214245,15.822608,1309.720,1
88.034850,15.822734,2649.072,1
87.993517,15.822082,746.747,1
88.018364,15.823619,2970.915,1
88.229215,15.824459,4793.904,1
88.001943,15.822661,738.015,1
88.085338,15.823338,890.710,1
88.241458,15.824619,1273.933,1
88.039172,15.825805,1368.981,1
88.131145,15.826007,1106.424,1
88.063846,15.826186,1254.599,1
88.089283,15.827712,3456.907,1
88.181744,15.829325,15469.498,1
88.183327,15.830472,1417.659,1
88.109032,15.827838,1493.337,1
88.050163,15.828017,1362.935,1
88.217018,15.831599,9712.826,1
88.218078,15.828057,764.688,1
88.187467,15.829927,8732.870,1
88.068613,15.830260,10876.762,1
88.068771,15.828382,825.209,1
88.103446,15.828935,1837.274,1
88.174886,15.829329,1122.354,1
88.178214,15.830297,2761.610,1
88.134321,15.830029,1139.555,1
87.994491,15.829705,1380.934,1
88.039919,15.829455,887.247,1
87.991127,15.829537,629.167,1
88.036129,15.831296,3119.489,1
88.166308,15.831160,2027.452,1
88.175107,15.832210,8648.675,1
88.201584,15.832557,6384.063,1
88.198519,15.832029,806.977,1
88.179516,15.832885,742.677,1
88.181077,15.834593,638.638,1
88.057158,15.833503,782.305,1
88.105722,15.836073,17385.706,1
88.023417,15.835184,4676.653,1
88.168883,15.834106,992.537,1
88.036391,15.835287,2861.162,1
87.992551,15.836462,24862.517,1
88.216512,15.834417,1171.618,1
88.238756,15.835764,2603.985,1
88.195064,15.838196,30131.006,1
88.197241,15.838929,654.546,1
88.071211,15.835152,919.498,1
88.210774,15.836903,5213.003,1
88.223772,15.836471,4351.447,1
88.101311,15.837427,5214.530,1
88.012157,15.838192,9399.906,1
88.079512,15.839585,33917.159,1
88.046157,15.839716,7555.534,1
88.001726,15.842667,57449.754,1
88.228416,15.838842,869.465,1
88.216070,15.839135,855.494,1
88.189693,15.839844,1195.452,1
88.203369,15.840238,2314.046,1
88.122494,15.843337,45832.117,1
88.039998,15.840038,720.396,1
88.057718,15.841272,2381.938,1
88.059430,15.842214,3748.307,1
88.165620,15.841086,1400.359,1
88.169936,15.840878,823.992,1
88.185384,15.841107,1076.559,1
88.151965,15.840972,649.833,1
88.013906,15.841241,1408.077,1
88.068105,15.843809,17918.038,1
88.109499,15.840842,650.856,1
88.024825,15.842574,5466.553,1
88.052941,15.841762,1307.630,1
88.036153,15.844368,20927.231,1
88.211002,15.842033,735.657,1
88.143417,15.843006,2411.243,1
88.132855,15.844093,6468.170,1
88.234890,15.843279,2109.052,1
88.218660,15.842432,573.613,1
88.181221,15.844161,3183.898,1
88.240887,15.843089,1026.331,1
88.119197,15.843604,1400.763,1
88.051084,15.845233,5999.088,1
88.104174,15.845801,4750.652,1
88.169905,15.846717,5399.288,1
88.047147,15.846501,2183.098,1
88.093127,15.845923,827.242,1
88.080074,15.846267,1325.870,1
88.132042,15.848874,10015.374,1
88.144488,15.847034,1707.260,1
88.147937,15.848673,5054.878,1
88.148824,15.850522,699.259,1
88.053958,15.847423,1421.219,1
88.129988,15.852073,89768.813,1
88.012462,15.848933,4727.571,1
88.158918,15.848707,2111.390,1
88.152074,15.848969,1922.525,1
88.027513,15.851002,10514.615,1
88.098137,15.850209,2090.292,1
88.001659,15.850265,1803.588,1
88.219303,15.850096,1550.137,1
88.225734,15.853783,46299.162,1
88.174257,15.851304,2311.047,1
88.199644,15.850307,913.319,1
88.184974,15.850076,910.800,1
88.071785,15.855367,24416.769,1
88.147143,15.853129,2073.380,1
88.144774,15.853319,636.468,1
88.017613,15.853117,2086.657,1
88.183338,15.853544,2658.779,1
88.086352,15.854550,6816.545,1
88.162995,15.853817,951.752,1
88.045810,15.853958,1164.314,1
88.175699,15.856070,6758.643,1
88.177773,15.856590,5197.779,1
88.177618,15.859048,975.613,1
88.014535,15.854186,1384.342,1
88.179142,15.854145,947.598,1
88.140502,15.855200,2599.822,1
88.136097,15.854890,1484.254,1
88.124876,15.855627,1431.189,1
88.127692,15.855717,1067.064,1
88.207550,15.855721,2423.189,1
88.096685,15.856242,3907.229,1
88.166515,15.857444,13091.097,1
88.196396,15.860455,25637.205,1
88.003600,15.857075,5495.599,1
88.100769,15.856782,2397.592,1
88.026295,15.857102,3000.697,1
88.080542,15.858960,16794.101,1
88.108460,15.859348,10109.008,1
88.034421,15.859393,17110.300,1
88.032120,15.859363,7904.443,1
88.030504,15.860832,3588.030,1
88.040954,15.859765,18082.183,1
88.037613,15.857679,825.629,1
87.992975,15.859173,2523.174,1
88.009853,15.858261,548.910,1
88.232096,15.860652,3409.657,1
88.151765,15.862252,22902.613,1
88.139214,15.859995,1053.359,1
88.141130,15.861076,2277.960,1
88.099382,15.861311,3451.736,1
88.126941,15.861413,3059.523,1
88.220420,15.861656,2501.139,1
88.217580,15.861293,793.399,1
88.050386,15.863652,3710.744,1
88.244949,15.868154,9734.669,1
88.179529,15.866311,20742.102,1
88.031985,15.864223,2466.947,1
88.082312,15.864212,2119.742,1
88.239096,15.863299,637.517,1
88.198156,15.865261,1736.344,1
88.230249,15.865323,1602.458,1
87.996970,15.864477,608.442,1
88.013895,15.865057,794.099,1
88.018754,15.866589,2063.196,1
88.175964,15.867645,3067.195,1
88.174024,15.868626,713.864,1
88.163025,15.867738,2414.983,1
88.165964,15.867475,1197.108,1
88.029608,15.869205,6186.798,1
88.133800,15.869455,5461.283,1
88.198091,15.871713,44690.548,1
87.995977,15.870211,6663.902,1
87.994043,15.871025,2988.335,1
88.146885,15.870267,1882.972,1
88.141763,15.870563,2372.472,1
88.117022,15.870131,1394.254,1
88.229091,15.871732,9014.886,1
88.238763,15.870430,533.213,1
88.224015,15.871366,1627.551,1
88.063875,15.873736,39106.574,1
88.232935,15.872800,8799.089,1
88.220531,15.874983,66092.953,1
88.149597,15.871606,1718.327,1
88.029574,15.874716,26640.982,1
88.027419,15.873093,820.246,1
88.105595,15.871484,512.800,1
88.245402,15.879719,nan,1
88.126011,15.873249,2953.839,1
88.034374,15.871748,751.765,1
88.205335,15.873779,1408.739,1
88.166602,15.873793,902.188,1
88.003328,15.874055,985.817,1
88.214106,15.874850,1136.878,1
88.078695,15.876800,12555.817,1
88.156564,15.876396,4442.621,1
88.104912,15.876683,4942.548,1
88.084350,15.879924,17510.593,1
88.119956,15.877623,1102.551,1
88.230953,15.877655,1329.730,1
88.137339,15.879454,1526.030,1
88.135104,15.880402,1800.484,1
88.111696,15.882218,13802.523,1
88.034347,15.880454,2233.497,1
88.124271,15.880196,1070.983,1
88.057675,15.880591,1549.566,1
88.079381,15.881204,2790.402,1
88.194089,15.880580,1031.243,1
88.019547,15.882201,3840.059,1
88.183416,15.882577,6883.416,1
87.992397,15.883673,33607.720,1
88.042263,15.881396,557.209,1
88.046222,15.885567,28943.142,1
88.123794,15.882876,1293.162,1
88.122995,15.884748,932.476,1
88.211014,15.882728,653.437,1
88.102380,15.883886,1249.669,1
88.016546,15.883411,890.766,1
88.231884,15.885963,10985.991,1
88.082566,15.887065,28995.354,1
88.084375,15.885748,1493.277,1
88.034166,15.884334,1067.436,1
88.174118,15.885493,4556.717,1
88.171932,15.885558,2543.388,1
88.154319,15.884471,1559.391,1
88.146013,15.885218,1677.964,1
88.076663,15.888028,36952.030,1
88.214498,15.884375,722.689,1
88.073803,15.884428,690.625,1
88.236401,15.888189,28590.957,1
88.238407,15.889023,721.995,1
88.237315,15.891482,653.474,1
88.019018,15.885629,2595.870,1
88.241940,15.885206,907.494,1
88.243707,15.886603,527.230,1
88.004308,15.885694,849.688,1
88.002157,15.887088,662.541,1
88.127900,15.886560,1835.048,1
88.089899,15.885750,867.621,1
88.087713,15.887019,1771.649,1
88.142650,15.887999,6671.000,1
88.229624,15.888484,2993.806,1
88.186156,15.888479,3995.072,1
88.170815,15.888289,1444.807,1
88.133029,15.888728,1855.860,1
88.130410,15.889109,1692.649,1
88.134955,15.889283,826.986,1
88.069538,15.888287,945.180,1
88.062772,15.889242,1150.027,1
88.193136,15.889726,2111.909,1
88.148819,15.890140,1600.226,1
87.991473,15.890003,1402.869,1
88.066163,15.890891,2430.983,1
88.105474,15.891968,4362.225,1
88.229857,15.891463,1286.263,1
88.046736,15.893048,10036.842,1
88.032687,15.892130,1753.834,1
88.109642,15.891903,1023.025,1
88.194223,15.892482,1477.254,1
88.131314,15.893115,874.001,1
88.132756,15.894507,1841.656,1
88.162194,15.893461,1249.500,1
88.162907,15.895445,12888.709,1
88.209454,15.892909,895.238,1
88.241750,15.894308,4969.878,1
87.992354,15.893451,1759.157,1
87.998322,15.893247,1037.975,1
88.076548,15.896525,27820.908,1
88.169717,15.894033,998.361,1
88.028444,15.895430,6080.349,1
88.190284,15.896017,4382.833,1
88.208633,15.896651,6352.091,1
88.010013,15.896265,2243.711,1
88.198014,15.897176,3074.378,1
88.106656,15.897862,4379.839,1
88.102092,15.898613,12695.493,1
88.233672,15.897575,1251.854,1
88.183874,15.901071,16289.314,1
88.043104,15.899133,3012.672,1
88.203503,15.898957,1007.185,1
88.241476,15.900093,5047.830,1
88.095944,15.898561,689.922,1
88.014198,15.903836,86575.281,1
88.013704,15.906236,5243.956,1
88.209396,15.902146,11599.092,1
88.229235,15.901111,2226.666,1
88.217743,15.904105,43589.855,1
87.994839,15.901320,3639.859,1
88.219555,15.901767,1860.655,1
88.244361,15.901995,1191.371,1
88.163249,15.901344,686.665,1
88.035250,15.901975,1073.121,1
88.154699,15.901786,1124.426,1
88.205859,15.902038,1392.667,1
88.091148,15.903303,3507.814,1
88.198332,15.904709,8261.469,1
88.233660,15.905434,14542.194,1
88.076833,15.906006,23468.998,1
88.017961,15.904695,3265.884,1
88.142499,15.906339,12681.038,1
88.214195,15.904670,1786.559,1
88.139085,15.905006,1124.162,1
88.136650,15.905512,2229.912,1
88.240887,15.905405,2436.073,1
88.225065,15.905586,2822.729,1
88.207575,15.905453,2554.679,1
88.159441,15.905384,727.580,1
87.992327,15.905986,2129.501,1
88.117900,15.909638,35591.056,1
88.119779,15.909230,2879.546,1
88.166900,15.907968,3074.186,1
88.202327,15.908700,8304.439,1
88.227918,15.910297,3382.855,1
88.227984,15.912671,3282.420,1
88.018355,15.908560,1256.094,1
88.096150,15.910613,16076.938,1
88.010447,15.908730,784.525,1
88.148981,15.910161,2608.171,1
88.161151,15.910789,4727.887,1
88.173345,15.910005,1363.909,1
88.084122,15.911877,5096.314,1
88.066216,15.911418,1957.735,1
88.233286,15.911126,1386.148,1
88.089324,15.910356,645.325,1
88.050615,15.912148,963.925,1
88.110427,15.915304,29634.190,1
87.998500,15.915205,35540.520,1
88.176075,15.915945,24885.254,1
88.028200,15.914853,9245.731,1
88.222739,15.914875,7228.706,1
88.038333,15.912983,1279.278,1
88.153102,15.914734,5027.426,1
88.216865,15.916817,27075.156,1
88.216506,15.919472,5186.125,1
88.163343,15.916901,28950.647,1
88.165130,15.915416,1755.407,1
88.231540,15.916419,15381.256,1
88.229571,15.917261,6068.003,1
88.078985,15.914275,1841.721,1
88.190936,15.917574,23369.917,1
88.174349,15.918534,30656.817,1
88.142072,15.915880,754.133,1
88.144349,15.916626,791.486,1
88.126931,15.919838,49324.571,1
88.064661,15.917481,1623.281,1
88.139448,15.919670,32112.947,1
88.114980,15.918150,1623.799,1
88.123648,15.918903,3949.180,1
88.171347,15.917763,621.463,1
88.023801,15.920230,10272.287,1
88.087710,15.919808,3634.668,1
88.240020,15.918615,596.949,1
88.135918,15.919899,1830.390,1
88.192868,15.921406,4435.465,1
88.191465,15.926055,70394.343,1
88.192405,15.923764,7633.805,1
88.081222,15.920529,1281.302,1
88.200814,15.922112,4209.294,1
88.201593,15.923800,3566.884,1
88.026173,15.923393,13700.604,1
88.204615,15.927257,52007.376,1
88.185349,15.922315,834.075,1
88.035034,15.922493,833.648,1
88.126805,15.924767,8242.258,1
88.137667,15.923452,1677.909,1
88.019747,15.922561,705.892,1
88.016611,15.922971,634.885,1
88.017123,15.925234,5754.204,1
88.134285,15.923938,1335.966,1
87.991653,15.923892,1119.755,1
88.185337,15.925236,4421.202,1
88.220740,15.925705,3325.891,1
88.156718,15.925791,2390.022,1
87.998085,15.924917,893.205,1
88.063682,15.928364,26647.189,1
88.034898,15.926617,3780.567,1
88.212799,15.926673,2425.851,1
88.028744,15.927315,4673.271,1
88.108291,15.925889,646.478,1
88.115857,15.929476,37817.128,1
88.101716,15.926409,1121.851,1
88.211856,15.929970,31705.278,1
88.241421,15.927454,1643.174,1
88.240533,15.929131,1546.281,1
88.218809,15.928192,2154.833,1
88.232896,15.930805,35433.160,1
88.151716,15.930490,3747.311,1
88.093850,15.929934,1673.624,1
88.180053,15.933557,42126.291,1
88.030027,15.930827,860.376,1
88.025684,15.933111,4431.921,1
88.116134,15.934796,24109.134,1
88.063460,15.934169,3236.413,1
88.176849,15.932688,1080.098,1
88.118302,15.932691,851.904,1
88.154663,15.934646,2543.064,1
88.133622,15.934289,455.922,1
88.181197,15.936041,2381.813,1
88.080025,15.935661,1096.614,1
88.077443,15.936678,2302.383,1
88.049047,15.935598,725.602,1
88.225564,15.936930,1358.541,1
88.071451,15.937656,3321.709,1
88.046373,15.942404,101712.143,1
88.051535,15.942638,635.622,1
88.048889,15.943419,995.962,1
88.240388,15.937462,1344.844,1
88.117917,15.942145,28935.167,1
87.995491,15.943315,71057.935,1
87.997039,15.944740,3966.516,1
88.194974,15.938706,858.771,1
88.038067,15.939284,1455.330,1
88.212907,15.939178,642.971,1
88.186924,15.941530,3027.679,1
88.176359,15.941414,1176.047,1
88.062112,15.943824,13405.013,1
88.230234,15.942962,999.318,1
88.243601,15.942807,1147.359,1
88.032654,15.943126,1162.242,1
88.006632,15.944110,1612.460,1
88.239358,15.945270,5837.077,1
88.181070,15.944313,2511.123,1
88.189330,15.944941,3673.763,1
88.057848,15.947054,33236.718,1
88.042829,15.944627,1614.255,1
88.136406,15.945802,7800.579,1
88.138589,15.946768,788.037,1
88.011033,15.944219,1125.284,1
88.244772,15.950468,54629.815,1
88.072897,15.946034,4442.154,1
88.141512,15.945268,801.975,1
88.094507,15.946825,3484.094,1
88.100643,15.946344,1168.038,1
88.099372,15.948159,716.906,1
88.089170,15.946942,685.659,1
88.112727,15.947211,705.304,1
88.148487,15.951185,36482.687,1
88.141716,15.949995,11175.150,1
88.143657,15.951764,982.094,1
88.225915,15.948793,1758.034,1
88.179649,15.949229,3309.701,1
88.019176,15.948022,875.685,1
88.151938,15.950751,10498.035,1
88.221309,15.948921,1244.481,1
88.048296,15.949621,2658.021,1
88.006646,15.950493,4038.691,1
88.054807,15.949236,718.202,1
87.991462,15.950046,1259.421,1
88.063301,15.951537,4291.573,1
88.063964,15.953658,749.919,1
88.003944,15.951930,3127.201,1
88.162521,15.951786,1664.604,1
88.090135,15.950727,614.334,1
88.040464,15.951402,792.771,1
88.206980,15.951511,613.445,1
88.177648,15.954252,16606.435,1
88.181235,15.951874,914.832,1
88.098187,15.953599,4987.311,1
88.153846,15.953912,3491.097,1
88.195588,15.954517,6067.782,1
88.090495,15.953463,1602.738,1
88.043482,15.955009,3858.916,1
88.032824,15.956882,15551.533,1
88.165925,15.954114,628.162,1
88.157895,15.954469,792.069,1
88.218833,15.964342,28172.514,1
88.230680,15.958675,3261.354,1
88.190642,15.958523,3193.249,1
88.022276,15.958525,4288.811,1
88.005430,15.958046,1230.161,1
88.050317,15.959378,8046.220,1
88.164308,15.958223,890.808,1
88.166796,15.958662,1219.175,1
88.064883,15.961668,10380.865,1
88.053551,15.959612,1150.312,1
88.067098,15.959817,1192.157,1
88.104442,15.961168,5327.277,1
88.212541,15.960496,1308.446,1
88.109260,15.962560,11472.648,1
88.230874,15.961482,3196.257,1
88.096782,15.962095,5280.815,1
88.170281,15.961677,1642.795,1
88.032772,15.963148,7499.387,1
88.086146,15.963406,7238.556,1
88.153640,15.962212,1273.425,1
88.224342,15.961977,642.526,1
88.198168,15.965031,7979.763,1
88.143980,15.963164,911.285,1
88.204749,15.962758,650.122,1
88.194913,15.966829,34551.143,1
88.060109,15.964303,1576.188,1
88.179635,15.965566,5929.326,1
88.134449,15.964752,2742.730,1
88.090523,15.966871,14255.892,1
88.081501,15.964736,1237.461,1
87.996311,15.963868,692.282,1
88.035445,15.964243,1030.427,1
88.034650,15.968352,41217.676,1
88.032495,15.968450,1063.690,1
88.179137,15.969512,37929.953,1
88.044550,15.968751,22244.662,1
88.021364,15.966843,1087.579,1
88.163347,15.969685,33426.669,1
88.027460,15.967585,1093.303,1
88.025201,15.968908,930.967,1
88.057708,15.967013,773.427,1
88.170765,15.967322,609.663,1
88.140807,15.968366,1995.879,1
88.184791,15.969191,7130.267,1
88.172418,15.970857,18354.989,1
88.012014,15.968141,1106.484,1
88.049285,15.968197,616.700,1
88.057414,15.970001,2573.036,1
88.197520,15.970730,5173.625,1
88.062016,15.977780,125009.644,1
88.119254,15.972850,9388.659,1
88.166991,15.972810,9334.828,1
88.145511,15.976119,83227.823,1
88.147580,15.976637,2097.405,1
88.216820,15.972063,3056.657,1
88.038497,15.975021,45457.639,1
88.240462,15.973936,15304.129,1
88.137823,15.971851,737.329,1
88.088600,15.974843,24462.911,1
88.201361,15.972663,2034.932,1
88.127093,15.978206,42633.697,1
88.116281,15.972145,662.185,1
88.170471,15.973128,2510.392,1
88.107968,15.973570,2608.052,1
88.016309,15.974505,3473.980,1
88.029646,15.974030,1472.202,1
88.031841,15.974363,1806.720,1
88.031297,15.976100,5368.442,1
88.028728,15.976292,2662.450,1
88.046985,15.973689,697.514,1
88.076089,15.975052,2095.017,1
88.173855,15.974196,561.269,1
88.002417,15.976374,5905.619,1
88.094744,15.974663,743.768,1
88.066264,15.976038,1431.662,1
88.128526,15.975068,737.798,1
88.169480,15.978842,24555.983,1
88.203230,15.978500,14828.065,1
88.194852,15.975900,930.144,1
88.242916,15.977144,4036.242,1
88.230712,15.976367,952.587,1
88.011029,15.977033,1271.765,1
88.188815,15.977759,2023.907,1
88.098280,15.977357,758.440,1
87.993111,15.977867,3007.343,1
88.239514,15.978532,2716.452,1
88.016295,15.978423,2440.048,1
88.018950,15.979277,2455.456,1
88.201927,15.981431,46445.760,1
88.216255,15.978107,1200.341,1
88.229500,15.981628,14289.828,1
88.068509,15.981105,5593.459,1
88.173566,15.982071,10440.286,1
88.182230,15.979936,715.327,1
88.092171,15.981429,1774.151,1
88.155514,15.983375,11020.378,1
88.195609,15.981741,1547.509,1
88.068616,15.984133,18063.861,1
88.081352,15.984215,11019.383,1
88.078983,15.983001,1001.471,1
88.126246,15.982546,1278.199,1
88.037209,15.985105,22828.835,1
88.014773,15.982746,1243.283,1
87.991904,15.985283,25535.852,1
88.214672,15.983663,1622.322,1
88.170314,15.985315,3884.358,1
88.189980,15.983107,655.570,1
88.118270,15.987829,74351.533,1
88.006752,15.983803,672.412,1
88.224121,15.983969,746.308,1
88.089053,15.985046,1421.218,1
88.050071,15.986416,730.759,1
88.221262,15.987086,2796.752,1
88.182455,15.989486,21392.904,1
88.187614,15.990253,15626.308,1
88.198845,15.991571,38719.928,1
88.081705,15.989191,1833.131,1
88.166685,15.989995,6183.798,1
88.143703,15.991641,18603.496,1
88.219081,15.990359,7841.967,1
88.015441,15.988983,786.113,1
88.001401,15.989557,1892.793,1
88.232151,15.991733,20087.686,1
88.229466,15.991655,9997.721,1
88.127044,15.990865,4136.772,1
88.201651,15.990802,3577.393,1
88.092204,15.990771,2146.962,1
88.056960,15.992483,7454.416,1
88.105498,15.990974,1505.387,1
88.066494,15.992671,7783.066,1
88.165543,15.992870,8275.567,1
88.014216,15.993325,8309.866,1
88.157159,15.992286,2211.718,1
88.171641,15.991573,814.232,1
88.005629,15.992851,3248.183,1
88.185348,15.992903,1607.612,1
88.186641,15.994564,1185.681,1
88.097137,15.992691,918.795,1
88.232077,15.998375,58779.853,1
88.210610,15.995573,8942.724,1
88.038337,15.993933,863.373,1
88.166063,15.995576,3791.358,1
88.164318,15.996284,3083.861,1
88.220691,15.995557,2240.900,1
88.193560,15.994728,962.332,1
88.244706,15.994335,297.440,1
88.024642,15.995226,949.898,1
88.153922,15.996508,1245.591,1
88.215821,15.996141,592.533,1
88.217829,15.997026,750.828,1
88.239467,15.997179,1593.531,1
88.042798,15.998879,13598.722,1
88.165304,15.999458,15368.862,1
88.053340,15.997480,1945.185,1
88.065019,15.997154,641.194,1
88.214141,16.000276,7680.127,1
88.096366,15.997503,597.148,1
88.225228,16.002821,83987.740,1
88.080168,15.998552,690.317,1
88.029930,15.999296,662.229,1
88.208728,15.999777,1247.450,1
88.026732,16.000900,1842.149,1
88.142026,16.002133,7093.530,1
88.050528,16.001079,2196.727,1
88.122985,16.001516,2059.201,1
88.208310,16.002814,3315.114,1
88.196236,16.006387,65123.823,1
88.020826,16.004402,12956.932,1
88.043420,16.004523,16527.202,1
88.224557,16.006197,33712.362,1
88.090575,16.002569,702.629,1
88.069044,16.003977,3640.660,1
88.084055,16.003677,2359.511,1
88.117177,16.002788,648.426,1
88.049739,16.004014,2529.940,1
88.052180,16.003548,864.617,1
88.054065,16.004280,1781.033,1
88.133253,16.006010,9808.707,1
88.216323,16.006799,nan,1
88.004253,16.004739,762.279,1
88.168603,16.005311,872.724,1
88.104576,16.005820,650.933,1
88.034420,16.006991,nan,1
88.239356,16.007282,nan,1
88.037515,16.007168,nan,1
88.176912,16.007214,nan,1
88.203727,16.007273,nan,1
