#mjd: 58471.21073
#filter: g
#airmass: 1.425
#seeing: 1.916588685
#m5sigma: 19.3909
#exptime: 10.0
#night: ut181218
#ra dec flux fluxerror
88.049052,15.776521,15234.136,116.47191847907
88.216939,15.776771,7343.893,105.52041010771
88.045779,15.776692,4328.208,108.90857438293
88.206214,15.776916,4239.783,107.96007300587
88.020128,15.778333,15636.066,114.02995484169
88.007224,15.779013,17203.855,127.01110437654
88.227850,15.776920,2109.000,112.51236916715
88.241288,15.778389,2855.571,105.86459629388
88.054107,15.778481,1665.520,99.417332820774
88.164347,15.781920,47195.299,161.80612861320
88.011998,15.780171,4615.652,117.47409762950
88.233667,15.781273,2093.227,110.25049361199
88.068497,15.784259,37503.173,150.84482346460
88.222251,15.784003,45830.364,191.76962050450
88.200571,15.782091,1583.595,107.91208189856
88.012878,15.785859,52707.486,161.97789242698
88.122681,15.784439,7543.959,107.43265799928
88.179705,15.785245,4490.702,104.97895267026
88.071550,15.785813,2945.894,111.12076180988
88.104763,15.785763,4455.736,107.02624769296
88.017991,15.787153,27025.455,132.53517828816
88.162699,15.786607,7497.519,111.67172063609
88.145287,15.787007,12822.207,129.06190512206
88.004267,15.786827,5143.187,102.22445694803
88.128496,15.786680,3015.176,100.80753817241
88.113012,15.787642,6727.812,111.87797169529
88.141621,15.786934,1988.911,114.83382651549
88.057756,15.787304,3046.858,101.67058343068
88.192966,15.788443,10455.135,108.53189120755
88.141178,15.790748,61116.956,188.85284842749
88.221212,15.789146,4322.333,94.828285697858
88.004067,15.790478,38005.879,163.57508383512
88.133913,15.789451,4478.538,100.86963240322
88.021127,15.789509,4202.197,100.65284447284
88.147359,15.790406,1939.237,102.84522152433
88.123565,15.792316,9569.504,117.99442157901
88.230084,15.790371,1754.069,90.157619275934
88.218739,15.793534,13551.221,103.43454913844
88.183120,15.791851,1701.611,98.326539477153
88.161624,15.792257,2082.173,101.32559959823
88.019150,15.792546,2479.758,106.99501070480
88.188895,15.794658,9062.865,102.32000113950
88.192561,15.796149,31885.543,123.70116733457
88.175297,15.795751,5536.738,103.52729727839
88.118477,15.795068,3175.060,98.846307825123
88.083255,15.796850,13058.973,128.65054423261
88.006777,15.796326,5474.053,118.18575832084
88.252950,15.797393,5762.545,96.784370608590
88.169206,15.797169,2109.735,100.99696927361
88.120844,15.798406,4434.131,97.455402659990
88.206373,15.798487,3661.636,94.281991146729
88.151652,15.799296,12715.461,110.81197988948
88.189540,15.798362,3274.667,87.244993308855
88.071684,15.798101,2140.089,97.507123398334
88.129948,15.799755,8484.013,94.330231849921
88.096897,15.800632,10455.662,102.96526863958
88.043930,15.800837,7685.860,114.70594880377
88.102163,15.802699,11265.408,148.50906784055
88.103054,15.805312,60310.186,148.48652717703
88.158646,15.801943,1856.785,91.431083205651
88.171486,15.803015,5385.739,101.16951724087
88.040225,15.803076,5436.697,99.182532612426
88.238889,15.802946,5260.181,107.40001741862
88.226057,15.803969,5322.925,105.24424328393
88.024914,15.805883,62781.200,193.70191883276
88.249628,15.803504,3144.166,95.728027463335
88.031235,15.803727,2517.268,107.25818396830
88.136649,15.804840,10430.721,103.02955642278
88.187098,15.806445,48118.377,153.90706602238
88.177153,15.805911,20189.849,143.37799263214
88.165133,15.804617,2601.226,95.615791301541
88.129647,15.808194,33013.089,136.60910257050
88.208184,15.806764,4932.873,112.20835926883
88.252675,15.809646,91812.414,213.47846277795
88.008115,15.808792,16740.364,115.91845028926
88.006312,15.807501,2436.104,115.94121454859
88.097850,15.808528,13368.765,91.426926333589
88.100027,15.807208,2151.596,91.440834694877
88.143444,15.806864,1595.413,109.37145192472
88.227763,15.811718,193247.447,316.78460438086
88.227586,15.814482,41594.566,316.81704222250
88.229987,15.815495,2067.088,316.80421848976
88.242825,15.807437,1555.849,105.22828650868
88.160920,15.809869,15417.968,110.76465018835
88.016488,15.808862,5696.358,106.02190973076
88.157647,15.808220,2288.052,99.056546525566
88.067388,15.808518,2280.032,94.212605234328
88.121810,15.810725,11218.226,126.21102916466
88.102167,15.810122,7045.750,107.19616440808
88.102388,15.812839,1542.548,107.18027958076
88.142691,15.813512,21732.800,129.84152099466
88.024440,15.813063,8621.219,101.19384572420
88.212835,15.812257,2095.117,108.03231669504
88.010958,15.813443,15166.671,112.86175998867
88.162363,15.814356,14443.965,120.63820061309
88.175281,15.814557,12536.064,113.05969500374
88.180620,15.814206,8146.358,102.57208110538
88.166159,15.814656,9388.457,114.02233873633
88.050813,15.814729,7775.594,120.22873731060
88.046335,15.817267,82751.646,235.12444804673
88.171815,15.814793,6370.305,108.79162335035
88.170806,15.816567,2886.500,108.77952407077
88.079914,15.816987,38746.994,156.25273070228
88.104918,15.816491,17220.429,113.62838452796
88.204945,15.815624,1572.926,107.82402903985
88.093381,15.816289,2615.263,103.87118499618
88.153184,15.816095,1806.974,109.67055538689
88.157312,15.817275,4295.779,93.34759498802
88.160955,15.818542,20767.811,129.01308593920
88.074291,15.818045,3419.379,113.26242247831
88.007515,15.819921,20355.949,116.41387380999
88.004998,15.820686,10382.855,116.42919847867
88.183059,15.819456,8842.530,113.93656633633
88.070749,15.819461,4835.491,100.70804315646
88.050766,15.819505,3585.446,115.38707631186
88.245557,15.821039,24410.083,123.61357275034
88.073030,15.821958,34519.318,149.68210806248
88.010363,15.821140,5792.246,103.18545760380
88.110750,15.821592,3159.781,101.06185262171
88.123780,15.821600,3310.137,99.396303642224
88.034843,15.822762,2991.876,95.333447888132
88.248061,15.824037,8090.028,93.658413492373
88.018360,15.823631,3344.495,112.83803343689
88.229228,15.824441,5372.938,102.10439947580
88.140019,15.824335,2881.108,95.379819209755
88.039179,15.825813,1637.454,106.22439728524
88.089241,15.827743,3960.394,98.104280445000
88.181728,15.829313,16681.935,113.60160676926
88.183349,15.830465,1488.615,113.58374090907
88.050204,15.828042,1499.762,100.60451641835
88.187437,15.829927,9147.811,107.71022115982
88.103392,15.828957,2033.440,85.509991384338
88.068599,15.830289,11600.079,102.65140229697
88.217016,15.831504,10648.216,113.02936979578
88.254090,15.831433,10950.377,110.26983469971
88.178217,15.830323,2788.392,110.59322927788
88.036159,15.831330,3719.483,96.172386035908
88.166315,15.831166,2410.874,97.155462175517
88.175094,15.832182,9186.212,114.45768254235
88.256795,15.836121,nan,116.96311061421
88.201584,15.832553,6751.787,105.40007453484
88.105670,15.836072,18265.349,98.548065275251
88.023406,15.835246,5049.482,87.146911151301
88.036346,15.835359,3226.419,100.46293288211
88.238758,15.835757,2925.150,132.31733646727
88.195048,15.838195,31883.497,100.29615717271
88.223793,15.836480,4439.757,120.75068369235
88.210764,15.836904,5459.300,109.97265921443
88.012161,15.838197,10304.034,98.168148452301
88.101269,15.837432,5551.352,153.95433258641
88.079477,15.839590,35912.496,105.10380446466
88.046173,15.839764,8287.419,121.60474336284
88.075325,15.841199,22011.908,121.62374856398
88.076584,15.842568,2662.556,116.08904706571
88.203364,15.840275,2690.078,95.358541205776
88.189609,15.839863,1203.241,189.07765904336
88.122458,15.843357,48919.768,112.47527948262
88.057696,15.841298,2770.007,112.48769969823
88.059437,15.842245,3971.576,119.49333523787
88.068088,15.843819,19338.142,108.18046567398
88.024830,15.842588,5837.422,114.14249160184
88.036147,15.844381,22947.917,102.11248177037
88.143413,15.843054,2626.891,105.15079394054
88.132829,15.844069,6849.519,110.41113170345
88.234862,15.843252,2147.913,103.76646800114
88.181192,15.844174,3588.867,119.76817641044
88.256854,15.850889,nan,102.91944784684
88.051109,15.845267,6465.423,105.58230918251
88.226607,15.845545,5046.903,98.312644147603
88.104159,15.845793,5399.732,110.03694639627
88.169909,15.846716,6013.904,119.55914869687
88.080042,15.846298,1490.671,105.19154741756
88.047166,15.846556,2507.588,105.86299888531
88.144440,15.847046,2042.626,105.39761174451
88.132020,15.848867,10900.236,114.83349428801
88.158898,15.848720,2449.736,283.27010668360
88.147915,15.848647,5535.718,113.34642134592
88.129954,15.852075,95162.079,95.346365308840
88.012457,15.848979,4984.026,97.782973993368
88.246223,15.849224,3940.306,119.60548474127
88.152083,15.849004,2363.360,99.936300210880
88.027520,15.851022,11299.031,155.63074779193
88.098094,15.850252,1964.946,93.210623051202
88.091493,15.850797,1932.471,94.048031971693
88.219272,15.850061,1639.313,156.11211038291
88.250405,15.851303,4387.968,105.08790586627
88.225724,15.853770,50277.220,96.983317637432
88.174278,15.851344,2260.929,124.47789121766
88.147149,15.853117,2419.925,115.08799838683
88.071763,15.855366,25925.343,108.08282310922
88.017608,15.853158,2369.576,114.36039912889
88.183292,15.853539,2968.292,99.036346807519
88.086337,15.854542,7276.235,108.38102285691
88.014530,15.854224,1684.330,108.38642671883
88.167721,15.856013,5020.424,110.72627227837
88.166491,15.857447,14382.818,110.71096254194
88.175691,15.856082,7323.396,107.88578833826
88.177804,15.856581,5517.822,100.75824106545
88.140470,15.855227,2821.004,94.307695595473
88.207510,15.855709,3002.357,100.40841946734
88.096639,15.856281,3806.425,116.48962996544
88.003551,15.857104,6191.339,98.682504915421
88.080512,15.858960,17686.970,95.476590095009
88.026268,15.857133,3178.266,185.17781050062
88.100777,15.856853,2446.678,185.21267922609
88.020681,15.860512,69547.702,101.87086731922
88.020924,15.862699,50084.688,101.88967787026
88.034422,15.859396,18021.694,101.91033762528
88.032107,15.859387,8657.769,114.78616694651
88.030502,15.860858,3688.759,111.59576155698
88.040931,15.859758,19432.135,103.78346292019
88.108428,15.859370,10711.896,145.50965515774
88.232095,15.860669,3964.391,111.37816549484
88.151737,15.862254,25361.018,95.299603102883
88.141074,15.861090,2600.011,96.838130961768
88.099370,15.861297,3802.353,101.47767859887
88.126910,15.861439,3454.243,128.61711379918
88.220421,15.861676,2506.381,113.58980355496
88.252545,15.865088,36825.232,103.80082113835
88.050390,15.863660,4061.423,138.66008334013
88.032007,15.864257,2713.561,110.00194408919
88.179519,15.866315,23495.968,107.33390829750
88.082283,15.864243,1931.485,105.14064710085
88.198135,15.865293,1867.268,98.932327339547
88.230249,15.865363,1577.082,115.29800428620
88.248334,15.866732,5374.916,114.77977724812
88.018732,15.866628,2174.792,102.65013557087
88.244898,15.868153,10718.362,102.67985003627
88.175967,15.867681,3388.243,99.649427672011
88.163037,15.867771,2828.524,103.64645591737
88.029604,15.869223,6299.530,181.92580379826
88.133775,15.869470,5744.634,111.99369842018
88.198074,15.871715,49662.971,103.95944808940
88.146870,15.870285,2210.660,99.797298248719
88.141686,15.870563,2488.041,107.42093578816
88.229091,15.871745,10145.670,160.99070868212
88.117046,15.870234,1440.067,176.29070753329
88.063847,15.873754,41920.175,95.679668852628
88.220514,15.874989,71109.267,100.65989611263
88.223990,15.871389,1678.309,94.356505321382
88.232918,15.872804,9415.949,140.84242988691
88.125964,15.873286,2906.596,94.084687029811
88.029555,15.874716,28253.845,109.57819995511
88.205323,15.873858,1823.355,95.623976614124
88.078686,15.876822,13126.783,97.394736913824
88.156500,15.876425,5143.551,114.87561219325
88.104865,15.876669,5558.931,92.227066399343
88.084322,15.879929,18314.266,92.228342123883
88.137330,15.879500,1737.843,97.078772206623
88.135089,15.880439,1829.308,99.987503659759
88.034339,15.880483,2092.976,108.92673167417
88.079367,15.881207,2854.497,95.727635672663
88.111663,15.882235,14696.200,104.16191696119
88.057645,15.880607,1619.521,101.67963751414
88.019524,15.882207,4276.273,120.22659924350
88.183376,15.882589,7569.336,97.938493675374
88.046210,15.885556,30380.743,123.57866844205
88.057622,15.884585,3411.715,141.94514539938
88.231862,15.885949,11669.052,103.46386814214
88.082546,15.887070,30585.502,103.45640959791
88.174111,15.885504,5233.831,103.57134076082
88.171917,15.885598,2598.913,108.49190958640
88.018992,15.885693,2944.769,182.12875373737
88.145994,15.885284,2036.954,165.45588111594
88.076636,15.888007,39180.777,103.16430934475
88.236374,15.888177,30698.812,104.32909539248
88.127899,15.886631,1794.158,116.17599798373
88.087701,15.886966,1879.568,107.56638335868
88.142625,15.888040,7351.514,108.63209765040
88.186142,15.888508,4714.746,94.303678099049
88.229589,15.888476,3087.774,94.305819332789
88.133003,15.888832,1848.061,91.751378678973
88.130436,15.889116,1802.031,108.11919752709
88.193147,15.889738,2252.061,106.61775078925
88.148821,15.890161,1729.611,97.083696233619
88.105441,15.891993,4830.035,121.99822147441
88.066154,15.890897,2315.039,116.29838375996
88.046728,15.893069,10369.101,97.153824786642
88.229827,15.891508,1504.013,100.12843064621
88.032684,15.892161,1686.415,103.73172719946
88.194180,15.892517,1540.944,113.17042602920
88.241726,15.894304,5335.493,166.27745627831
88.162879,15.895465,14031.685,107.78081544510
88.076543,15.896567,30159.747,110.79728313083
88.132755,15.894489,1944.168,93.434158432781
88.028433,15.895421,6347.973,112.43628619049
88.190275,15.896044,4355.029,92.974071667167
88.208601,15.896652,6920.524,99.060033964340
88.010039,15.896280,2362.330,112.48427689248
88.197977,15.897173,3226.991,112.47758721990
88.106659,15.897893,4783.140,101.04863235840
88.102052,15.898620,13396.285,110.87140027154
88.043101,15.899154,2981.604,98.582327226743
88.183844,15.901089,17603.417,98.587956887625
88.241454,15.900075,5203.943,120.28711392679
88.125330,15.899351,1600.864,200.44396186859
88.020856,15.901027,8048.145,200.51177075564
88.014201,15.903823,91908.666,106.01104297197
88.013712,15.906213,5584.877,106.16818088593
88.209378,15.902162,12490.150,134.55671182180
88.229240,15.901099,2093.441,92.029531694651
88.217707,15.904100,47143.383,109.04831557938
88.219543,15.901772,2074.499,100.55073387760
88.205842,15.902074,1590.668,98.476334558677
88.246826,15.903658,5680.279,102.89727544592
88.091138,15.903309,3753.609,136.54288135365
88.198314,15.904735,9060.868,114.41453670994
88.076826,15.906007,23911.218,116.39484626403
88.233649,15.905423,14878.625,108.78499178051
88.017983,15.904706,3599.422,99.217866450343
88.142460,15.906328,13446.889,91.862414719209
88.214183,15.904710,2053.798,100.86750751755
88.136689,15.905546,2539.346,94.350461497180
88.225094,15.905569,2802.172,97.042435503979
88.207548,15.905461,2584.379,127.28465331510
88.240889,15.905449,2432.534,127.27119269552
88.117879,15.909649,37733.302,108.59604185990
88.119773,15.909239,2997.692,102.76230357178
88.202301,15.908688,9141.734,116.62524093677
88.166915,15.908001,2986.511,106.52092069983
88.096139,15.910625,16598.671,106.55185447024
88.227893,15.910293,3641.942,93.000955697836
88.227941,15.912653,3488.448,110.75558196841
88.161139,15.910794,4996.611,102.16095052452
88.148972,15.910197,2966.901,93.490101141709
88.084106,15.911911,5359.621,122.49188569719
88.066225,15.911424,2120.459,119.47504194681
88.110407,15.915309,31457.727,139.87278085250
88.028202,15.914872,10136.067,116.05356759510
88.176055,15.915933,26845.119,110.42877702371
88.153092,15.914760,5553.978,119.51158148300
88.222721,15.914865,7286.232,119.56602233562
88.216842,15.916815,28302.927,95.014682253886
88.216481,15.919496,5354.548,122.03722029196
88.079052,15.914327,1965.766,122.01762277880
88.163318,15.916902,31330.167,117.06176386211
88.165129,15.915470,1934.306,117.06676640860
88.231512,15.916403,15654.520,104.55992526708
88.229556,15.917234,6465.549,137.62154946992
88.251279,15.916535,6276.533,154.11433334351
88.190900,15.917561,25033.249,178.79670820587
88.174310,15.918532,33255.941,163.12651798190
88.126918,15.919848,52283.588,96.839095251051
88.139423,15.919671,34957.013,111.42554073694
88.064631,15.917486,1837.904,106.13812900322
88.123619,15.918899,4135.456,125.33218605819
88.114957,15.918097,1609.658,100.04443540793
88.023796,15.920260,11214.060,95.381999896955
88.087739,15.919861,3859.506,136.59140910941
88.135914,15.919957,1967.075,136.62900203138
88.192860,15.921418,4607.354,136.68375279302
88.192383,15.923741,7786.426,107.15221118542
88.191409,15.926043,74338.517,107.17859776366
88.200791,15.922116,4255.494,196.65460639192
88.201552,15.923786,3426.135,101.68008993912
88.204586,15.927249,54742.353,108.25304236540
88.137653,15.923472,1917.180,106.97457646927
88.255193,15.923140,1799.868,133.40806526501
88.126793,15.924780,9045.544,100.47479233189
88.083609,15.927170,22121.725,115.06992596695
88.248253,15.924919,6219.245,111.82270908891
88.017133,15.925251,6496.687,98.108871424000
88.185332,15.925250,4524.181,97.468953546528
88.243785,15.925261,3796.932,82.460733136723
88.156682,15.925754,2639.525,112.26098941826
88.220704,15.925671,3751.313,140.58018352012
88.034905,15.926659,3977.300,100.16123422654
88.063663,15.928405,28739.927,167.41219338838
88.212783,15.926687,2675.910,123.46192681249
88.115811,15.929487,40529.468,135.22720894673
88.028763,15.927330,4890.289,98.691110164446
88.211825,15.929955,32582.654,98.708097368931
88.241392,15.927481,1818.322,92.457546439549
88.240530,15.929144,1757.777,147.56543511091
88.218756,15.928140,2399.566,101.81625215818
88.232857,15.930790,37190.093,97.013185749825
88.151702,15.930502,4170.754,143.53204394345
88.093863,15.930013,1745.231,143.58292490824
88.180017,15.933567,43932.669,116.79235386678
88.181104,15.936036,2577.232,128.85557825129
88.025700,15.933125,4881.903,89.990155681569
88.116100,15.934806,25440.003,105.64457919869
88.063454,15.934221,3531.387,100.32612346327
88.154615,15.934687,2928.094,90.896455497422
88.077409,15.936673,2252.847,280.32273157791
88.071458,15.937693,3523.212,89.540203566825
88.256845,15.943867,nan,152.86652129227
88.046370,15.942405,107538.945,101.06139662525
88.246470,15.938421,1793.610,119.87299757672
88.117890,15.942142,30743.927,104.74931233244
88.186901,15.941561,3471.214,105.17923297178
88.062098,15.943830,14176.832,95.268607718184
88.136385,15.945827,8120.391,108.54293780117
88.239323,15.945268,6138.152,97.089527071187
88.006714,15.944146,1901.587,172.40037698517
88.181078,15.944352,2636.562,108.08256256813
88.042850,15.944649,1873.302,103.23024859957
88.057839,15.947055,34577.903,188.42769688451
88.072877,15.946017,4434.656,101.16823819172
88.094491,15.946848,3554.714,130.34141767648
88.244712,15.950463,57082.896,103.52480177580
88.067750,15.948165,2344.779,170.85628988304
88.141685,15.949995,11667.134,109.34052827299
88.225835,15.948818,1976.215,115.29652229958
88.148445,15.951188,37299.702,105.50461152314
88.179624,15.949243,3416.003,109.33027103052
88.151899,15.950749,10912.065,105.07749420089
88.048273,15.949635,2851.922,118.52488269077
88.006700,15.950522,4730.511,105.33184046062
88.063285,15.951560,4642.321,103.59812829700
88.177608,15.954239,17468.753,105.42100527601
88.003965,15.951967,3453.883,110.47232049341
88.098161,15.953633,5067.739,102.71918029646
88.153787,15.953943,3798.201,128.59694596006
88.195525,15.954501,6107.694,103.67934957493
88.043495,15.955000,4158.546,94.583545797902
88.032817,15.956884,16658.558,102.20345372638
88.022289,15.958537,4912.358,116.46641529570
88.190638,15.958540,3151.061,108.29875499757
88.230644,15.958675,3701.989,102.08786244288
88.050314,15.959377,8301.150,111.24818455158
88.104398,15.961169,5683.769,101.74516497170
88.064877,15.961675,10570.459,102.52197569005
88.109238,15.962547,11933.352,97.888137221458
88.230854,15.961482,3339.176,109.46219932089
88.096757,15.962112,5388.262,110.97448908675
88.032769,15.963136,8218.439,110.88087542118
88.170253,15.961690,1693.591,103.32720904931
88.086136,15.963405,7859.548,113.81411002946
88.218779,15.964541,29292.715,139.49725363509
88.256847,15.963335,nan,105.70311982158
88.134382,15.964719,2603.811,108.69138155790
88.198117,15.965016,8002.720,132.07342591732
88.194859,15.966806,35213.562,118.19357958123
88.179589,15.965569,6172.508,141.85078239725
88.081468,15.964820,1509.572,98.456085607047
88.034649,15.968360,43600.786,154.81391389493
88.090499,15.966877,14529.068,152.37826523361
88.044544,15.968758,23592.827,108.01767625976
88.248194,15.967189,2117.816,111.09144537817
88.179097,15.969505,38681.007,141.89355363215
88.163307,15.969642,33658.417,146.52051449975
88.184755,15.969175,7168.516,142.14165794785
88.140820,15.968414,2165.610,104.02914181147
88.172369,15.970841,17943.713,119.87535683664
88.246834,15.972009,34400.706,106.95664239276
88.253263,15.971353,18791.279,153.62077108448
88.057443,15.970008,2801.703,153.61823368816
88.197495,15.970734,5431.536,153.59339880663
88.026992,15.971014,1791.281,117.21253911915
88.079295,15.974695,61919.371,103.61941322263
88.077710,15.973324,9870.265,120.57641551107
88.078822,15.976604,17340.882,183.88652346148
88.119225,15.972860,9967.380,206.27721415707
88.216721,15.972091,3056.478,206.28717019949
88.166949,15.972786,9143.161,104.14782497003
88.038488,15.975051,48509.807,113.68541017593
88.145481,15.976102,86685.999,109.52057199997
88.147563,15.976671,1981.956,106.25093560763
88.008236,15.971771,1796.993,155.77345065564
88.240434,15.973924,15803.710,112.46858508306
88.170446,15.973117,2837.994,238.96459883193
88.201342,15.972674,1857.256,238.92904277148
88.088579,15.974855,26183.806,108.10027979380
88.107934,15.973578,2901.093,108.06096087709
88.062007,15.977768,133032.944,108.07982863263
88.061778,15.979875,1858.216,106.76573293675
88.031850,15.974374,2110.714,162.34450070428
88.031301,15.976133,5880.308,99.972399228045
88.028731,15.976364,3075.442,101.55694134587
88.016321,15.974552,3704.021,118.15908413004
88.126946,15.978010,43961.491,139.19446492478
88.249511,15.976156,1890.016,100.77537682706
88.242890,15.977163,4142.960,102.42506202092
88.203183,15.978491,15932.119,101.14059094779
88.169424,15.978835,24826.910,157.58644506783
88.011047,15.977138,1600.501,113.29221322293
88.188739,15.977799,2131.295,113.27392183733
88.239476,15.978572,3022.133,126.52044646807
88.201871,15.981422,48563.084,108.48391326533
88.016314,15.978469,2627.780,111.13813451301
88.018966,15.979340,2799.856,99.216188468892
88.229459,15.981607,15495.030,101.07581101920
88.068494,15.981109,5910.069,104.96552525207
88.173521,15.982056,10615.486,119.68388385226
88.092174,15.981487,1753.326,120.40959491550
88.155465,15.983379,11570.907,122.17880998112
88.195557,15.981750,1727.268,86.984183014280
88.068601,15.984137,18913.845,102.59438919507
88.081340,15.984232,11507.191,125.47496476747
88.037198,15.985116,24152.615,194.92324426293
88.214645,15.983676,1664.827,89.040924543908
88.236013,15.983893,2031.748,83.909458122903
88.170292,15.985303,4202.575,117.76381651117
88.118226,15.987814,76645.165,103.08885092092
88.221249,15.987056,2786.793,169.00514319228
88.216203,15.987435,2301.086,97.754622416185
88.182413,15.989481,21885.339,100.41575007425
88.187573,15.990232,16654.984,113.71383442884
88.198798,15.991555,40947.781,113.71560057663
88.166638,15.989990,6275.531,228.80131752501
88.081686,15.989243,1971.071,132.57746911261
88.232121,15.991727,20643.999,92.363849958354
88.229443,15.991638,10479.885,101.86152953806
88.248337,15.992932,71351.510,108.72649924909
88.143663,15.991657,18777.478,94.651339445522
88.126998,15.990835,4386.650,100.77159924842
88.201651,15.990794,4044.075,112.82978093599
88.056936,15.992491,7646.582,95.619784260042
88.092190,15.990800,2241.938,94.853178569988
88.066483,15.992674,8221.536,94.148607768783
88.165487,15.992897,8317.138,116.57729032095
88.157128,15.992274,2038.681,109.43882973883
88.014238,15.993332,8986.324,176.98208368154
88.005677,15.992859,3196.047,112.09413979678
88.210561,15.995572,9398.260,134.27529585193
88.220634,15.995582,2291.098,109.66692986117
88.231987,15.998411,62074.024,110.22375675288
88.042784,15.998855,14321.918,103.73178666041
88.165260,15.999451,15647.487,107.93334834048
88.053344,15.997473,2026.127,317.16786197076
88.252892,15.998186,4572.246,118.89150367971
88.239434,15.997221,1814.996,116.15504490121
88.214108,16.000283,8193.965,104.59169549100
88.225191,16.002842,89339.362,99.408941192414
88.050493,16.001071,2602.643,103.12230750862
88.141990,16.002138,7109.636,105.49203302948
88.026760,16.000892,2061.638,105.99000007003
88.122930,16.001575,2119.160,145.59093554055
88.254912,16.001259,2431.081,157.04122905565
88.246108,16.003165,7572.190,157.03670323373
88.208296,16.002850,3536.958,135.99461569890
88.043418,16.004505,17694.416,113.68190014392
88.196115,16.006343,70349.518,115.86674401573
88.198366,16.007315,2250.773,103.86063707369
88.020853,16.004389,12948.221,149.80602826891
88.084058,16.003631,2408.690,117.14641544390
88.049750,16.004032,2883.681,107.47713969360
88.069042,16.003985,3982.155,161.55201303158
88.224504,16.006183,35651.473,161.56590982508
88.133197,16.005970,9787.177,110.23905521470
88.216304,16.006794,19751.293,106.53531249654
88.062621,16.007945,21359.402,99.921988003753
88.060614,16.008943,40028.996,100.66931700839
88.253098,16.005942,1838.162,122.81582717826
88.239287,16.007330,4238.620,105.73971572815
88.034420,16.006924,2555.098,144.69735335355
88.065858,16.007897,5095.041,102.77651314306
88.024261,16.008741,8710.308,111.83060237777
88.037546,16.007177,1774.411,97.322307444974
88.187143,16.010567,44005.425,107.46667111643
88.160426,16.008826,2432.572,107.45971864559
88.078389,16.009756,5562.638,99.012820367777
88.154769,16.008804,1608.599,100.84227844756
88.047408,16.009597,2843.878,107.57061254059
88.045726,16.011626,6419.944,95.304945805709
88.236827,16.009625,2739.534,96.926128007646
88.172215,16.009405,1541.165,102.80247208089
88.028543,16.011325,6802.467,99.654899188838
88.118486,16.010699,2279.505,93.565440537357
88.075192,16.010494,1912.828,199.21635754737
88.154218,16.012705,7545.421,108.06057537734
88.162662,16.012900,9610.557,104.94605580903
88.248986,16.011083,1494.743,93.485893595025
88.053670,16.014252,44625.115,101.19355695037
88.172142,16.012370,3055.806,101.19455141531
88.024205,16.013435,10329.039,93.080972203903
88.210171,16.012510,1911.376,121.38562662431
88.143392,16.013798,7177.715,110.12148699323
88.141134,16.015100,3562.413,111.25120493458
88.238141,16.012590,2464.315,111.24802634676
88.012366,16.015160,14293.938,102.47194530961
88.150484,16.015123,10409.660,114.57804128842
88.105494,16.014020,3427.892,97.538427459219
88.105247,16.015926,19777.295,101.15712332884
88.112391,16.015700,6107.302,""
88.071976,16.016479,14615.800,""
88.033238,16.017732,3204.589,""
88.187432,16.018224,2058.229,""
