#mjd: 60183.98297
#filter: g
#airmass: 1.182
#seeing: 1.4112444
#m5sigma: 21.1843
#exptime: 270.0
#night: ut230827
#ra dec flux fluxerror
244.626784,-0.139748,25086.358,331.73297000747
244.642521,-0.134527,434374.225,1614.6417374587
244.513626,-0.139797,15416.170,362.97312886148
244.649071,-0.132698,23816.351,323.27414996437
244.638762,-0.132111,53280.303,357.85716230347
244.614251,-0.132068,31620.565,343.09599947247
244.507800,-0.129681,193524.209,760.49442474433
244.490597,-0.131252,12234.008,358.63726686486
244.596699,-0.130660,34532.530,340.08853355434
244.616422,-0.127072,nan,301.47579492752
244.515711,-0.129141,15512.272,364.53582478810
244.628005,-0.128284,45630.645,359.69625006733
244.531874,-0.127919,31861.403,369.35218947487
244.467672,-0.126786,40035.691,337.95829015990
244.653163,-0.125582,8791.355,291.10424460995
244.513975,-0.125108,12524.902,332.92079398071
244.547661,-0.121709,19323.090,477.61025077945
244.485041,-0.120992,97119.858,1108.2371056871
244.630030,-0.118931,301356.316,351.35775989329
244.426855,-0.117977,50810.810,333.37124211623
244.538284,-0.118030,14969.562,317.79351445257
244.557523,-0.118416,9179.708,323.33209335794
244.619360,-0.116471,7803.773,366.95161667451
244.477126,-0.115967,6762.617,351.33373073308
244.593806,-0.113934,31003.934,306.19174458153
244.588552,-0.112605,6642.768,347.76692695955
244.490959,-0.112004,5660.649,1833.7817078170
244.421847,-0.108522,439150.017,571.41812416727
244.495628,-0.109583,80800.700,368.11588950319
244.620925,-0.108504,29919.941,302.69767949877
244.563034,-0.109439,8142.081,349.50558773921
244.539786,-0.106830,52434.356,376.13589749725
244.478516,-0.106624,36673.841,370.01418867543
244.513351,-0.105606,43556.524,334.55722380046
244.529476,-0.105987,6814.349,342.72936971745
244.644530,-0.105378,6616.998,415.42338016572
244.619849,-0.104840,44327.041,343.06263283192
244.617741,-0.103445,14909.046,333.03960528104
244.433178,-0.102789,17867.886,313.15369324745
244.482873,-0.103410,10294.331,384.00010566900
244.644544,-0.102368,52282.314,326.44421672645
244.564217,-0.100974,16653.066,338.97877922531
244.461210,-0.100854,12479.075,346.07693203712
244.492157,-0.100436,13544.297,316.60770764791
244.547596,-0.100114,10589.641,434.65667570067
244.549052,-0.098804,67817.471,339.35062311322
244.618427,-0.099456,7058.946,324.17638509007
244.520180,-0.097448,29020.850,345.42439744292
244.513067,-0.097332,26429.102,344.15728103048
244.502518,-0.098016,6749.034,656.86845664913
244.451139,-0.095243,200346.904,384.42839648692
244.613327,-0.095203,36113.558,1336.7954906342
244.438298,-0.093388,348844.130,1058.8761586593
244.646066,-0.091971,218117.057,314.65017663209
244.502372,-0.092663,7841.051,331.38080023573
244.571249,-0.092691,5646.361,442.71845698089
244.510274,-0.090706,57071.720,331.85839901265
244.639660,-0.091450,11998.740,1591.1156721307
244.551328,-0.088792,295285.114,314.49482346537
244.472169,-0.090278,10645.173,858.09824562782
244.636753,-0.088786,146242.510,1423.7757144741
244.599813,-0.088050,312005.034,339.64992082552
244.418499,-0.090020,12669.655,322.49362895368
244.557728,-0.088987,12505.173,289.90283678615
244.521700,-0.088912,9513.025,340.53536420779
244.615483,-0.089043,6403.746,1927.6163672681
244.510366,-0.085485,515072.196,641.50582466084
244.436640,-0.085286,157916.427,777.95226205216
244.624221,-0.083882,181208.103,332.92094392514
244.558364,-0.084457,11608.444,412.20098016238
244.551286,-0.083363,75411.709,360.06253945977
244.630703,-0.084068,11319.551,326.73637784152
244.548642,-0.083229,18775.916,356.73372097143
244.435132,-0.081807,35885.664,376.50636371909
244.425730,-0.080647,74521.750,314.58989305610
244.479031,-0.081655,8214.088,353.91364651402
244.458141,-0.081208,22703.771,710.23253115815
244.465298,-0.079149,121442.311,686.47185669117
244.553224,-0.078122,171556.965,339.03980226282
244.608975,-0.077695,10562.552,341.80789718544
244.558008,-0.077130,8365.946,343.05198132033
244.551147,-0.076548,15219.287,321.93619251270
244.474902,-0.076750,6394.038,319.76253445964
244.509092,-0.076374,11659.078,365.18201079577
244.442088,-0.075663,6939.316,1253.9264674148
244.595467,-0.073564,271056.235,318.27109723531
244.505939,-0.073966,12534.575,350.52474017333
244.562639,-0.073647,20130.703,302.44719390153
244.514651,-0.072272,20960.590,484.33637823872
244.503768,-0.071157,99449.391,402.48116558589
244.658930,-0.071905,71877.618,352.68029478622
244.461718,-0.071829,8673.289,381.38183270643
244.439759,-0.070456,14750.414,315.28542187486
244.635579,-0.067006,nan,334.42564637844
244.582807,-0.070036,11067.455,346.07402962840
244.635348,-0.069431,12935.855,337.99115023676
244.617074,-0.068780,25046.297,866.50480543102
244.421528,-0.068222,7854.658,379.67975774068
244.564378,-0.067781,9928.026,309.49789633247
244.628676,-0.066358,43191.989,317.45706673136
244.548421,-0.065825,8945.592,367.39285218440
244.476228,-0.065113,14394.068,361.70159184039
244.454456,-0.065570,7065.932,357.13889470486
244.533138,-0.064142,29422.625,353.78648191974
244.616028,-0.063106,17903.302,362.95696059212
244.427187,-0.063989,5282.868,326.99762216728
244.588412,-0.062370,29375.596,606.01482145576
244.535124,-0.062302,8513.188,739.37761820109
244.649925,-0.060760,86254.857,1300.3243375568
244.528236,-0.060103,131199.516,332.87057683434
244.612490,-0.059036,242186.969,578.75712612750
244.513069,-0.061480,5343.488,323.16963146747
244.445011,-0.059423,97043.321,338.65493028334
244.622309,-0.060736,7171.166,330.46295753236
244.636190,-0.059856,14773.231,308.33053472288
244.471722,-0.059213,19718.905,355.91868899339
244.540178,-0.059424,9330.914,323.06387817558
244.452971,-0.059782,5677.765,314.27501983554
244.638405,-0.059400,6591.664,950.06661131652
244.504015,-0.058099,13660.151,330.68592783353
244.489617,-0.054549,317227.186,623.35497699776
244.546625,-0.056233,7671.675,313.99629584220
244.547701,-0.054617,102360.700,338.55866686522
244.512216,-0.054371,13991.247,336.99814119270
244.486976,-0.054703,13097.864,344.56435553885
244.637622,-0.054214,12439.437,374.92222395758
244.426871,-0.053456,18977.661,673.34711922088
244.602326,-0.053206,30480.894,334.25677784397
244.424623,-0.051233,156681.941,340.12972805879
244.537940,-0.052492,6361.339,363.88437881775
244.509815,-0.051698,18794.102,670.57881849088
244.605443,-0.052062,8818.702,341.55574803310
244.440598,-0.049093,208622.422,622.47788878233
244.578816,-0.050218,23057.381,351.84586709347
244.567811,-0.048772,118032.385,323.34359236943
244.639431,-0.047946,17361.517,336.51115021427
244.534418,-0.047451,21409.310,326.29966732238
244.482612,-0.047369,16291.367,319.36592243165
244.487791,-0.046407,17368.604,336.39450851488
244.618427,-0.046559,17609.970,334.86071983838
244.538684,-0.046656,3990.866,339.48115497074
244.456404,-0.044756,18514.440,336.31235107024
244.432054,-0.044264,18088.496,315.89061964495
244.446012,-0.045070,7626.293,666.93687849977
244.525305,-0.044968,7938.407,1541.2386249033
244.570177,-0.043430,122845.741,345.07517570305
244.436508,-0.041881,519935.906,357.83320394665
244.537554,-0.044486,5042.902,341.62838435848
244.634873,-0.043267,19206.331,309.53205644723
244.613964,-0.039547,nan,344.81918587934
244.456846,-0.042884,9915.252,492.94256929235
244.622807,-0.043117,7209.538,307.99074268472
244.527907,-0.041049,26219.869,329.43152991714
244.604270,-0.040685,74807.331,308.01632668648
244.506471,-0.040596,29859.779,436.55778882318
244.558675,-0.040973,4931.411,380.74670654547
244.444622,-0.040416,12455.217,334.33024477034
244.420226,-0.040043,60557.374,353.12541903962
244.432950,-0.039166,26049.683,574.57719710192
244.582356,-0.039414,13198.556,375.86895489505
244.462311,-0.038788,39499.842,353.31240712421
244.501363,-0.037541,117544.289,330.60348499613
244.488543,-0.038208,43951.004,342.71711005894
244.606166,-0.038685,13798.981,317.41863702097
244.536124,-0.038349,7837.348,322.41582370018
244.644667,-0.038255,7284.849,688.22537603570
244.510716,-0.037750,12404.054,411.01820811456
244.629778,-0.036603,8193.597,518.12061890019
244.630330,-0.034337,162493.394,319.18366557095
244.569832,-0.034934,48703.935,322.57383469247
244.601436,-0.034303,93418.617,383.37127340873
244.530880,-0.033957,25745.834,1388.3783918819
244.516053,-0.032686,6539.327,324.50818496449
244.505746,-0.030560,61181.561,395.35230233360
244.554369,-0.029553,273942.943,338.67807305321
244.641103,-0.030955,9269.806,350.82498013084
244.567329,-0.030107,43875.273,328.70799636919
244.519847,-0.029445,17768.906,363.19748387570
244.445081,-0.029560,6255.304,340.49008388888
244.633060,-0.028671,10357.514,340.23420395387
244.420080,-0.029220,13891.697,362.92257306643
244.472419,-0.027825,8777.933,346.93163408674
244.452088,-0.026969,10489.692,407.38762429682
244.557779,-0.026696,25067.614,375.45230303449
244.651167,-0.025860,18588.464,363.09019225844
244.491383,-0.025157,46840.029,920.48607028115
244.504016,-0.023642,41253.236,332.16337400212
244.442582,-0.023196,27921.390,363.72128769872
244.577761,-0.021794,218213.734,349.58553779905
244.461782,-0.023840,5389.138,323.49480623605
244.652076,-0.022484,42838.954,375.09505290118
244.546845,-0.022833,6472.353,359.86079165717
244.639887,-0.022323,10561.195,333.94376431739
244.587035,-0.021380,37403.804,753.15292285401
244.623628,-0.020352,32231.104,341.74402682679
244.451422,-0.020865,5491.492,547.75421877366
244.466130,-0.018593,110751.980,340.62936918839
244.437367,-0.020281,6245.670,320.77942875928
244.522497,-0.018373,112992.350,489.67184183444
244.594057,-0.019442,20872.097,355.48258838687
244.568598,-0.017634,5428.211,383.35302075354
244.525789,-0.014638,94579.873,391.67423590308
244.594992,-0.012064,21237.352,382.21282183795
244.462544,-0.011447,36937.948,682.03891573108
244.469700,-0.010462,51184.661,316.59962761079
244.494024,-0.008078,66731.636,356.31788445161
244.445751,-0.006212,164919.293,324.49079488910
244.573195,-0.008148,5572.058,364.84741613651
244.520616,-0.007439,12704.638,355.08219153541
244.509009,-0.006397,5804.801,458.19620042886
244.540481,-0.001019,nan,356.45939510557
244.427188,-0.003896,8204.069,426.50643446485
244.651838,-0.003337,22094.231,335.00615334402
244.514749,-0.002653,67831.396,2052.0445692467
244.635432,-0.003232,11250.547,367.94761002021
244.619810,-0.002150,50439.786,343.70408370352
244.473371,-0.002006,35163.049,1068.7440504239
244.597226,-0.000202,452742.187,1066.6705032095
244.528081,-0.002243,39836.282,346.89652096446
244.563447,-0.001358,17568.400,371.04328642863
244.583642,0.001094,280722.458,649.60273654098
244.581888,0.001624,59302.708,426.48841116857
244.477804,0.000627,15266.343,419.03066998441
244.588590,0.001179,34121.493,315.41553816857
244.559366,0.002350,116392.304,893.61920592086
244.609190,0.003517,68065.174,323.97227628483
244.478335,0.003695,53498.895,324.27739499817
244.469222,0.003595,37404.546,333.27588417494
244.501071,0.005218,165294.850,351.34940673445
244.653068,0.004641,11122.481,372.38686241011
244.539925,0.005449,27139.400,308.47777379924
244.505632,0.007399,39638.030,310.13404783738
244.528859,0.006706,6147.899,599.01008883167
244.581873,0.008056,25725.201,370.01159500283
244.520863,0.007911,16525.991,1908.6349420231
244.460694,0.011712,4914.255,355.18752497497
244.630682,0.013858,122640.688,764.77427688955
244.538836,0.015259,34773.464,348.47535106501
244.612578,0.017459,292519.481,334.86263397740
244.595108,0.016129,29474.070,350.14430112648
244.451981,0.017638,245310.203,347.14143767761
244.488825,0.015917,14966.042,357.84443102735
244.455321,0.016442,7386.142,336.26758848786
244.562223,0.017130,9104.163,336.42796887798
244.527012,0.017704,6535.223,333.62159381042
244.483575,0.018666,40781.080,319.93623124034
244.658246,0.018232,9842.207,311.33296957437
244.512968,0.019791,10171.595,333.11290913886
244.454521,0.019938,10508.866,1503.9479010524
244.613211,0.020518,6719.694,352.40159523717
244.468470,0.021684,12868.400,685.38762054129
244.541489,0.022005,17987.161,381.36107830333
244.585834,0.024711,396631.413,338.70811734987
244.426377,0.022949,7539.803,333.98416444645
244.515288,0.023631,nan,318.75971125760
244.617050,0.025626,94355.495,328.84492897097
244.639776,0.025104,23826.379,349.73790006735
244.507669,0.024446,10424.403,352.07916156153
244.505252,0.024676,10888.430,332.74865852440
244.538368,0.024739,5920.696,521.42706971819
244.626676,0.025431,7808.363,331.92258312752
244.493905,0.026456,19417.527,338.42713930798
244.432858,0.025985,6603.980,335.69991106152
244.578780,0.025897,4745.946,1761.9854540849
244.590189,0.027924,77942.873,627.25163306553
244.490845,0.027720,12657.702,298.31294971387
244.471573,0.029002,27445.311,1278.7346613528
244.520845,0.028496,17978.511,360.25847566662
244.560436,0.030722,400852.310,330.52603610211
244.431141,0.030090,131170.325,332.15278506880
244.467870,0.028714,6518.784,981.41755541963
244.431699,0.032595,240301.076,336.74487606630
244.507471,0.031629,27350.904,365.55092430921
244.626997,0.030502,5960.792,322.05510504128
244.429929,0.031860,5531.125,355.57420780820
244.560045,0.034496,171561.601,475.01293812472
244.534256,0.033856,6239.426,307.91922790293
244.556729,0.034790,8881.039,325.46860825200
244.425043,0.035240,22034.611,644.83630455912
244.642142,0.035520,15731.856,764.33171091739
244.426132,0.037565,58667.890,1380.6061050815
244.476801,0.037370,16838.876,319.22679372281
244.549691,0.037694,6789.215,379.15033975004
244.574811,0.042169,104133.080,388.38898434807
244.427132,0.043373,141217.372,359.19094851865
244.519419,0.044423,291581.697,474.85499398669
244.497340,0.042686,9363.281,344.87969766018
244.437539,0.044029,21045.209,1498.6258528037
244.618503,0.044653,34057.054,858.43373810754
244.612089,0.045648,30733.525,334.58986949149
244.450952,0.050022,nan,348.76035352626
244.486317,0.047434,87747.133,384.36907893029
244.607557,0.046504,10481.440,345.63010661884
244.498717,0.050138,432822.121,384.22780477661
244.625368,0.049850,289693.771,338.35640292342
244.434603,0.047563,12160.765,1166.7260387792
244.585445,0.048098,19831.636,590.06993892342
244.564206,0.048230,14495.965,337.75793036020
244.529377,0.048555,11898.763,337.29966152639
244.610044,0.049177,17494.733,348.11792418385
244.627400,0.048994,16483.193,379.62101128267
244.631581,0.051915,289778.177,313.11185809987
244.481005,0.051713,96652.025,374.08320986121
244.442259,0.053365,23612.813,367.38139115915
244.623250,0.053997,26494.260,542.45749391353
244.469705,0.054912,7338.682,332.37673707392
244.604573,0.056655,29230.772,1099.7975449234
244.452737,0.056145,7446.415,430.39617233450
244.587816,0.056902,17547.264,311.46695846687
244.535429,0.057743,28915.347,364.57063946830
244.531121,0.059741,108974.438,357.29971949932
244.484414,0.062618,nan,319.71192837162
244.556209,0.061550,7772.169,323.27022721264
244.512048,0.063681,183492.441,348.75153611848
244.459072,0.062703,51680.175,346.36714420686
244.502265,0.063071,6957.301,365.62218597548
244.650796,0.064857,14936.976,343.41682073725
244.491610,0.065553,55023.899,373.69772145751
244.448038,0.064622,5160.196,344.39045707488
244.453944,0.065355,11734.817,1307.1390944693
244.560058,0.066670,22853.816,574.72783482841
244.435443,0.067222,11524.572,315.93266951588
244.421644,0.067573,12848.525,602.57592859173
244.522246,0.066735,5679.403,381.90915325706
244.541108,0.067970,41681.777,345.42272929315
244.429894,0.068071,14036.124,349.67117462626
244.479365,0.070913,380145.713,341.53704024189
244.640840,0.070749,132846.668,376.99701969176
244.493346,0.071031,6360.233,341.94419319719
244.446066,0.073921,157021.948,1334.5902778343
244.583933,0.073289,35056.061,339.85938645106
244.543202,0.073307,22529.393,352.22087555739
244.633936,0.075360,49327.300,378.21011283395
244.594337,0.076316,14415.368,484.72384423938
244.580573,0.077719,5946.786,781.87397221336
244.476662,0.083039,nan,361.50850102174
244.511648,0.080648,12241.172,369.99516865960
244.611447,0.083440,415718.595,300.78551881924
244.571782,0.081683,28774.745,370.16464009978
244.457095,0.084418,40953.154,954.96503220891
244.615869,0.084137,23164.911,461.38267651041
244.624853,0.085008,80884.229,957.57972004299
244.453060,0.085932,189798.649,2320.4041773123
244.482482,0.087822,50432.356,326.18535137635
244.541934,0.087938,36691.991,477.59711617387
244.501206,0.086932,6072.915,483.53434950276
244.427011,0.087518,5298.498,395.84203782076
244.489250,0.091231,213122.595,364.91278224577
244.461205,0.090656,58961.291,436.18771970732
244.591622,0.092028,302551.769,730.96796457251
244.455666,0.093201,527178.179,1165.9176379814
244.540237,0.090177,11048.216,339.24767316268
244.513332,0.094217,99499.251,368.54654405921
244.640930,0.094479,84170.780,683.34540432702
244.508104,0.094503,41426.988,349.20991824877
244.652964,0.094469,23031.496,""
244.570462,0.096463,51841.034,""
244.611340,0.097788,180805.406,""
244.633244,0.099207,191316.504,""
244.652290,0.097692,13154.475,""
244.589888,0.097833,5637.613,""
244.628920,0.101398,114229.657,""
244.472617,0.101804,46469.171,""
