#mjd: 58011.35131
#filter: g
#airmass: 1.903
#seeing: 2.49736632
#m5sigma: 19.1962
#exptime: 10.0
#night: ut170914
#ra dec flux fluxerror
88.024684,15.763998,nan,76.483917561456
88.001095,15.764120,nan,77.159438527334
88.020071,15.764759,1489.015,67.542677242113
88.048547,15.765446,2336.767,67.513691963190
88.130040,15.765550,nan,67.521699040807
88.013273,15.768419,7966.997,68.607171053315
88.011032,15.770367,1914.871,64.843947221498
88.013754,15.771922,955.922,73.860596078580
88.091251,15.766084,1164.648,68.042258568704
88.078727,15.766978,1814.081,61.677022774514
88.197478,15.768236,5458.553,55.387746363082
88.185667,15.767114,1250.577,66.530423160642
88.038248,15.768926,2620.102,67.536508418795
88.099369,15.767518,753.553,70.358055374585
88.168402,15.768877,3035.013,58.560625538820
88.106997,15.770098,1235.794,157.62881058870
88.149411,15.771463,2645.050,56.426874707681
88.235619,15.771358,2530.899,76.387756807130
88.036854,15.774809,24115.052,68.400847609988
87.994620,15.770754,1130.903,62.383627889968
88.072888,15.773324,5301.792,67.544914787486
88.168279,15.772735,3134.998,75.308751268849
88.008072,15.772871,3078.673,75.268418441605
88.146120,15.773950,2500.234,74.447359059837
88.049041,15.776489,7759.129,64.753102489453
88.045745,15.776678,2316.933,80.255479694009
88.216898,15.776708,4062.282,64.917561563437
87.994341,15.775063,1487.012,81.452524500189
88.020102,15.778298,7505.849,61.934245881687
88.206195,15.776871,2272.973,134.04042190434
88.007208,15.778984,8662.702,69.299604622204
88.227867,15.776932,1215.782,62.557577326313
88.164316,15.781883,24177.397,56.547639501253
88.012004,15.780148,2307.494,143.82600946403
88.000561,15.780964,1435.583,111.32643291981
88.233643,15.781209,1114.707,111.29494183757
88.222267,15.784009,23626.299,55.176407910968
88.068481,15.784235,19547.348,164.03337351649
88.071527,15.785808,1510.979,72.181137561664
88.200616,15.782070,957.244,65.035962555743
88.012853,15.785820,25973.471,118.80322281748
88.122653,15.784388,3717.453,76.067758028960
88.179686,15.785176,2557.901,72.994192232785
88.017974,15.787117,13349.048,72.987443072579
88.104768,15.785767,2176.977,75.340115011641
88.145253,15.786987,6674.989,96.634317616258
88.141585,15.786950,1205.877,96.635897217925
88.162673,15.786548,4028.314,73.397825289949
88.004246,15.786852,2561.831,74.75252230106
88.004066,15.790441,18556.120,71.115470963420
88.112993,15.787625,3613.161,62.636582853802
88.128452,15.786722,1446.877,153.96065893974
88.192946,15.788420,5493.146,65.018393033164
88.057764,15.787275,1491.866,65.578438295577
88.141156,15.790735,30902.920,65.588869412306
88.221212,15.789117,2227.387,57.656349079216
88.021108,15.789500,2176.786,62.430882758874
88.019123,15.792544,1313.851,68.563725604909
88.133875,15.789460,2031.151,110.73763998333
88.147398,15.790331,959.730,76.443661368116
88.123566,15.792300,4843.124,60.552325487675
88.000693,15.794383,14422.099,93.725170856542
88.218716,15.793533,7119.246,93.676417129142
88.161561,15.792284,1048.274,66.039814119034
88.192532,15.796139,15954.463,86.556496826271
88.189488,15.798374,1582.362,66.469980153441
88.188887,15.794679,4754.112,63.410617687556
88.083270,15.796827,6834.123,68.131816486974
88.175249,15.795731,2578.576,59.342333605982
88.118475,15.795057,1589.909,67.432627866931
88.006758,15.796296,2581.373,94.838495556221
88.169145,15.797221,1009.788,62.986011326324
88.206330,15.798485,1882.119,57.799422972501
88.151639,15.799291,6411.324,78.646114832454
88.120837,15.798406,2245.542,85.795426358474
88.071705,15.798101,957.662,75.924623246009
87.994623,15.799854,6909.998,71.976320656530
88.129930,15.799739,4396.678,95.685892557103
88.096879,15.800628,5719.859,95.692493444407
88.043897,15.800796,3976.116,95.735455873894
88.102151,15.802683,5946.494,95.632851809937
88.103051,15.805309,31081.675,95.682458965121
88.097844,15.808533,7255.031,63.497016842840
88.099955,15.807253,1417.327,60.273386379447
88.102155,15.810099,3757.515,67.124963196018
88.040218,15.803047,2902.898,187.55944857104
88.158612,15.801922,1177.263,149.23813831158
88.171490,15.802993,2775.487,63.779909138100
88.024900,15.805874,31258.469,56.802375520384
87.992043,15.805522,24887.672,60.113030685072
88.238863,15.802954,2617.088,134.03245027550
88.226062,15.803959,2717.220,66.142273128560
88.031262,15.803646,1193.972,88.818888756848
88.187069,15.806451,24933.238,59.064729408488
88.136629,15.804837,5000.631,106.51883902252
88.177133,15.805906,10566.742,63.575813589993
88.165105,15.804599,1168.403,226.13122070756
88.129626,15.808189,16760.469,226.22219451414
88.208194,15.806780,2473.752,226.08784606143
88.227750,15.811747,98370.232,85.266058923013
88.227574,15.814502,20759.703,85.292928931685
88.229957,15.815411,1032.054,73.079267181685
88.008117,15.808783,8245.099,73.045354068320
88.006254,15.807520,1171.799,67.359268923786
88.157621,15.808228,1331.611,69.082313074733
88.160875,15.809843,7810.304,74.535718415729
88.016483,15.808863,2803.429,97.004433942225
88.067387,15.808533,1126.010,69.019731671993
88.121781,15.810698,5706.391,80.390383994169
88.142658,15.813501,11026.659,60.214005745278
88.024438,15.813029,4437.248,64.294860099420
88.010959,15.813428,7586.752,64.256564643686
88.212832,15.812318,1163.984,66.275216140496
88.162331,15.814373,7114.005,67.141997610793
88.166126,15.814674,4953.774,67.156041917436
88.180593,15.814195,3827.394,67.131523806495
88.175246,15.814575,6337.420,69.229144867866
88.171793,15.814810,3153.410,68.170924822885
88.170819,15.816603,1389.651,247.93114211099
88.050793,15.814735,4068.080,113.58800088333
87.995943,15.814920,3984.298,91.707817614917
88.046318,15.817261,43367.437,89.840375961267
88.079902,15.816969,19800.792,57.218205686438
88.104916,15.816477,8851.694,59.749077609210
88.160940,15.818554,10352.517,89.012267265607
88.093369,15.816302,1312.148,88.930397541651
88.157262,15.817290,2101.905,89.003955409034
88.074239,15.818050,1867.665,81.572188611516
88.070791,15.819430,2601.595,81.606046797819
88.073016,15.821933,17613.173,81.563371740890
88.007495,15.819901,10581.605,64.991983787619
88.004975,15.820675,5014.318,59.412642196471
88.010317,15.821083,2947.780,63.741037103732
88.183071,15.819469,4313.119,61.883948389063
88.196864,15.818475,1025.680,61.844789592143
88.050734,15.819479,1895.419,61.184947527646
88.123759,15.821570,1575.260,58.825941971835
88.110762,15.821608,1488.195,74.546095299820
88.034828,15.822699,1552.503,68.675576741081
88.018350,15.823597,1657.957,57.989829172754
88.229201,15.824467,2492.236,67.887935982705
88.139948,15.824333,1585.324,67.874235451768
88.089227,15.827733,1985.215,67.866138235636
88.181710,15.829349,8396.026,67.875554730173
88.178192,15.830303,1553.795,78.226888546210
88.183288,15.830553,884.691,76.765080603345
88.175086,15.832215,4512.166,60.947314817550
88.068582,15.830251,5852.527,69.067181534447
88.187421,15.829944,4668.599,71.910743006635
88.050165,15.827939,808.633,68.336326092601
88.217022,15.831512,5376.741,62.992102573295
88.036128,15.831315,1866.472,84.076008690041
88.166303,15.831230,1165.887,72.224418255177
88.201546,15.832576,3356.336,98.747239116060
88.105673,15.836064,9181.939,63.402937515290
88.023407,15.835218,2436.773,99.360877771778
87.992530,15.836475,14411.130,65.143507500644
88.036331,15.835335,1632.238,61.281683121589
88.195029,15.838193,16068.823,58.859091669106
88.223773,15.836475,2245.290,58.295658112093
88.210817,15.836906,2781.475,122.40953279815
88.238775,15.835820,1295.783,69.871945025426
88.101269,15.837436,2799.260,75.425012423400
88.079460,15.839573,17741.163,75.519297623679
88.012131,15.838198,5313.323,75.476961857220
88.046166,15.839763,4229.328,168.83515014228
88.075301,15.841174,10991.611,53.023033692782
88.076545,15.842559,1304.737,95.474957934053
88.001705,15.842686,32514.835,95.486069701672
88.203400,15.840276,1299.692,92.849672270307
88.122458,15.843332,24694.902,72.560522641300
88.119191,15.843658,892.188,72.624853717266
88.068069,15.843790,9967.032,67.006430282880
88.057692,15.841339,1373.000,103.67533893422
88.059396,15.842207,1981.651,63.059617905748
88.024793,15.842615,2903.794,67.770337507334
88.036118,15.844366,11283.231,65.285756554850
88.234974,15.843198,1268.963,57.334604005838
88.132830,15.844024,3630.051,62.480881244646
88.143418,15.843010,1332.558,72.519595973521
88.181209,15.844161,1762.546,66.760429480950
88.051059,15.845233,3276.494,66.152502873589
88.104141,15.845802,2529.196,64.773653402752
88.226631,15.845546,2550.339,74.627339582043
88.169893,15.846708,2911.121,62.406559320976
88.047102,15.846588,1131.239,200.73853469480
88.132012,15.848866,5597.785,69.154074846519
88.147925,15.848630,2793.542,60.341028392608
88.129941,15.852053,47524.064,58.963284597532
88.012422,15.848939,2579.303,68.362203676528
88.158937,15.848745,1105.179,59.835429575430
88.152051,15.848984,1020.077,65.305774640410
88.027497,15.850990,5663.067,127.64551344276
88.098073,15.850257,1138.232,62.844800131844
88.001727,15.850215,1188.798,105.38631501844
88.225715,15.853742,24391.761,63.743312486770
88.174246,15.851215,1131.332,77.779291265798
88.071753,15.855340,12579.857,62.370966004685
88.017568,15.853136,1162.033,64.878009447971
88.086335,15.854519,3712.799,63.945730081692
88.147157,15.853094,1074.453,67.861689146123
88.183334,15.853536,1665.008,67.890670482027
88.140448,15.855226,1496.160,75.691173882496
88.175680,15.856011,3629.065,75.618441970525
88.177799,15.856548,3073.966,58.477930341916
88.166481,15.857407,7227.393,59.723037589250
88.167701,15.855951,2236.788,64.013448819223
88.207538,15.855694,1338.772,85.170336668322
88.096628,15.856257,1926.600,62.951824722540
88.003600,15.857042,3232.389,58.734900272068
88.080492,15.858934,8878.472,68.456744590114
88.100751,15.856761,1389.088,67.328186223693
88.026268,15.857083,1532.586,67.311251871954
88.108424,15.859334,5480.001,67.321958324324
88.034394,15.859351,9199.642,67.307331042111
88.032099,15.859320,4254.710,102.82363725406
88.030481,15.860766,1885.911,81.132735777561
88.031963,15.864149,1333.301,93.330397243612
88.196346,15.860350,14212.204,55.948608532904
88.040911,15.859724,9814.842,67.728071481473
88.151739,15.862239,12861.210,60.633231851622
87.992957,15.859134,1468.605,61.692677221184
88.232137,15.860653,1745.490,58.428201239374
88.099357,15.861335,1837.253,56.640506207961
88.126888,15.861413,1580.774,65.593765437706
88.141134,15.861029,1225.030,85.999477412352
88.220434,15.861640,1224.583,57.411621600868
88.050370,15.863604,1944.169,60.582799840105
88.179507,15.866290,11581.510,66.730348414504
88.198160,15.865156,1076.428,61.298356637293
88.230258,15.865289,923.571,64.395602457861
88.175935,15.867640,1850.618,66.901485823810
88.018729,15.866546,1071.143,62.759369538408
88.029577,15.869196,3435.698,132.80618821835
88.163025,15.867747,1377.912,65.113006341109
88.133783,15.869452,2868.116,65.095383438240
88.198076,15.871659,24759.464,85.115518536839
87.995957,15.870185,3866.328,60.984698150458
87.994024,15.871018,1610.865,156.26246886110
88.229094,15.871668,4930.497,115.13695239899
88.141725,15.870508,1262.332,74.728980069170
88.220489,15.874925,34551.731,61.596549027820
88.063840,15.873680,20683.017,104.96963742012
88.232938,15.872753,4831.896,61.688300768164
88.149585,15.871672,936.934,76.126959112016
88.029536,15.874660,14685.413,63.617022982105
88.125965,15.873236,1549.493,70.165886203030
88.078680,15.876775,6805.695,78.251662006849
88.156562,15.876327,2464.105,62.965918968414
88.104867,15.876622,2679.732,62.997870177891
88.084299,15.879892,9497.585,79.313328696976
88.137223,15.879432,950.906,71.960152002038
88.135041,15.880358,1055.512,61.331009696090
88.111645,15.882167,6884.570,62.752995985281
88.212732,15.881318,2628.112,115.50922113951
88.034272,15.880399,1275.235,71.592072178243
88.079330,15.881165,1388.869,67.118372730508
87.992365,15.883649,19542.298,67.113532941320
88.183401,15.882536,3699.239,110.68438564508
88.019498,15.882193,2156.704,70.555012307875
88.018993,15.885607,1293.832,64.740799400312
88.046199,15.885510,15731.620,64.735473045862
88.057610,15.884532,1832.283,61.603689735388
88.231867,15.885904,5574.983,61.631196020961
88.229573,15.888443,1620.314,98.129692940431
88.174121,15.885427,2313.250,117.28273973625
88.171914,15.885536,1430.320,105.99340694354
88.082552,15.887033,15620.719,63.820914970266
88.076651,15.887969,19713.653,57.968637528671
88.236362,15.888140,14753.502,63.309163084697
88.142590,15.887944,3568.654,60.262669657137
88.087669,15.886941,922.930,61.606263718308
88.186134,15.888427,2248.306,65.508593073704
88.133002,15.888666,1010.493,68.544006880438
88.193166,15.889644,1202.336,61.424873364353
88.148813,15.890118,908.857,78.383120332416
88.105400,15.891922,2393.669,62.685950213515
88.066102,15.890866,1228.490,76.805831284002
88.046731,15.893009,5126.606,102.53691631194
88.032708,15.892092,981.605,66.323543127022
88.162879,15.895411,7036.188,56.909267685489
88.076545,15.896539,14769.679,60.794571685089
88.028401,15.895390,3267.980,66.228284470756
87.992313,15.893486,943.210,62.817718067537
88.190310,15.895981,2219.190,58.533406044303
88.208634,15.896613,3323.539,85.162571247431
88.009964,15.896191,1364.699,58.961062990995
88.197996,15.897134,1687.435,87.123753250643
88.102054,15.898525,6629.824,63.829108977653
88.106657,15.897780,2315.373,117.62412026576
88.183862,15.901058,8679.069,117.67801130714
88.043058,15.899126,1672.108,75.028727782293
88.014161,15.903775,45631.910,80.073174656621
88.013702,15.906134,2836.778,69.946460298324
88.020808,15.900986,3941.283,94.179145435033
88.209367,15.902090,6009.387,94.169205022648
87.994832,15.901301,1989.957,94.195849744921
88.217710,15.904060,22152.102,55.899177673657
88.219616,15.901644,967.852,65.849204276937
88.214270,15.904668,934.074,74.507863602170
88.229247,15.901062,953.469,79.288624669018
88.091139,15.903207,1810.855,93.271229480178
88.198301,15.904691,4349.119,70.408455767700
88.233642,15.905386,7547.027,69.404519017896
88.076796,15.905915,12313.305,67.606717812066
88.017934,15.904640,1730.042,68.343471769734
88.142457,15.906285,6907.617,63.051492677956
88.225066,15.905568,1463.919,89.408650518584
88.207571,15.905402,1389.024,89.431957774537
88.136667,15.905529,1146.188,72.649848973211
88.117855,15.909574,18240.259,57.487931681247
88.119759,15.909224,1405.689,81.452100724306
88.202307,15.908689,4545.189,66.602716093189
88.166936,15.907949,1579.388,65.912922868519
88.096109,15.910531,8264.521,65.915644923531
88.161130,15.910746,2384.212,66.538665463960
88.227911,15.910282,1772.678,64.687591011844
88.227996,15.912640,1559.731,67.601084554063
88.149053,15.910157,1300.236,109.23623030131
88.084074,15.911817,2780.458,96.463441302684
88.066218,15.911370,1125.449,97.587316498720
87.998441,15.915138,18949.887,97.608742364513
88.110386,15.915253,15817.371,65.781747627263
88.176040,15.915900,13136.407,74.482033424733
88.174322,15.918513,15857.868,65.417794227038
88.222728,15.914846,3600.706,90.008902515006
88.028191,15.914824,4568.727,89.989509514382
88.153089,15.914715,2526.723,104.89628214052
88.216837,15.916790,13868.258,75.082720195506
88.216471,15.919437,2595.315,75.098317746194
88.163315,15.916883,14703.241,100.24270739884
88.231503,15.916365,7564.640,90.604894255847
88.229564,15.917210,2912.362,90.600244733131
88.190895,15.917533,11993.374,110.91742994857
88.126917,15.919812,25678.610,60.770637117761
88.123596,15.918899,2103.635,72.940308174314
88.139433,15.919645,16976.233,64.127587614030
88.064589,15.917405,960.054,111.04054559623
88.023801,15.920209,5278.730,111.10139934575
88.087681,15.919800,1823.645,111.11718236059
88.192868,15.921359,2128.425,119.80478014804
88.192378,15.923727,3976.981,76.243905524627
88.191407,15.926016,36446.176,68.634788067701
88.204567,15.927208,26229.322,64.914303755328
88.126773,15.924729,4480.210,64.919783307136
88.017086,15.925193,2887.373,62.987262308507
88.137631,15.923446,805.968,65.144734149192
88.134234,15.923939,913.146,65.148113894903
88.185329,15.925205,2304.762,97.680152391670
88.220688,15.925625,1657.012,67.778102564231
88.218757,15.928119,1113.490,65.080868900366
88.063629,15.928329,13777.443,64.181978905999
88.156671,15.925765,1160.701,96.578555324473
88.034872,15.926581,1995.902,96.543587503558
88.028726,15.927280,2287.262,112.84713466767
88.212769,15.926637,1211.889,122.41281169426
88.211814,15.929927,15497.532,60.496459550639
88.115822,15.929450,19909.607,51.328791294157
88.232873,15.930771,17405.596,101.79653812445
88.240678,15.929152,707.449,101.80782779618
88.151708,15.930475,1962.724,110.03531041184
88.180013,15.933513,21144.684,65.530344394709
88.181163,15.935935,1199.136,68.091872299678
88.116092,15.934761,12298.056,62.305719624483
88.025681,15.933024,2503.002,65.711522083928
88.063402,15.934116,1596.208,56.034558808379
88.154678,15.934618,1338.450,224.86385869975
88.077368,15.936721,1245.330,58.491212768918
88.071377,15.937588,1887.432,100.77997119464
88.046338,15.942329,52124.534,159.92632616391
88.240617,15.937480,717.317,159.90130194541
88.117894,15.942120,14573.067,57.019386897809
87.995471,15.943250,38202.509,88.531681786555
87.997003,15.944682,2130.981,58.576567697873
88.186851,15.941419,1547.574,63.828886695834
88.062083,15.943796,7065.640,107.61247824036
88.181038,15.944265,1187.085,70.008890058568
88.189303,15.944918,1850.923,85.606165875474
88.057823,15.947000,17244.344,61.912925638784
88.239375,15.945286,2813.357,60.828866186723
88.136379,15.945799,4274.695,65.930473920001
88.072853,15.945991,2350.607,88.892682264975
88.094505,15.946800,1899.609,88.869425607761
88.067729,15.948161,1358.466,88.855311641154
88.148445,15.951160,18596.455,70.418467074081
88.151881,15.950727,5460.822,69.191810644336
88.153783,15.953866,1863.824,61.903794182792
88.141699,15.949980,5920.297,59.641015280574
88.179599,15.949168,1432.998,64.772885040169
88.225924,15.948803,842.622,64.756318174543
88.048264,15.949616,1250.019,66.887011599515
88.006668,15.950441,2187.723,94.419789045752
88.003921,15.951912,1608.918,64.888632490226
88.063253,15.951542,2393.240,65.994694717759
88.177618,15.954228,8298.484,58.552602812270
88.098147,15.953585,2575.003,71.380216402392
88.195558,15.954504,2924.555,79.788885033350
88.090540,15.953513,848.828,62.388462737163
88.043445,15.954996,2083.638,67.089701216852
88.032826,15.956861,8160.684,58.131106396856
88.022255,15.958465,2292.616,58.100960876060
88.190662,15.958568,1696.896,69.574280492423
88.230652,15.958633,1745.954,64.183253218933
88.230934,15.961484,1728.848,70.602166474422
88.050293,15.959357,4214.703,75.380326370182
88.104397,15.961120,3140.053,72.601953699554
88.064856,15.961679,5264.476,66.304031495587
88.109228,15.962538,6280.074,67.841561230037
88.032733,15.963117,3961.134,118.89218379206
88.096747,15.962084,2712.152,81.950379493970
88.086150,15.963389,3775.304,81.917358005555
88.218802,15.964557,13899.476,68.114518063341
88.198168,15.965061,4067.165,65.334352828427
88.194878,15.966830,17246.476,91.024607377256
88.179606,15.965552,3014.506,56.727278125124
88.134399,15.964753,1326.042,100.42179538486
88.090491,15.966875,7265.538,97.196543624074
88.081458,15.964776,915.915,143.48319279864
88.034613,15.968333,22316.617,124.00239050769
88.044525,15.968735,12122.272,68.712604382294
88.179110,15.969509,18770.036,57.219609598210
88.163318,15.969650,16419.939,75.857528867308
88.184753,15.969174,3561.831,75.864318177935
88.140793,15.968326,1021.922,75.815545213283
88.172378,15.970834,9130.953,64.026937449873
88.166958,15.972770,4829.932,60.742758681398
88.170461,15.973081,1280.283,67.704695213848
88.197493,15.970766,2394.960,57.622079882164
88.057406,15.970064,1445.875,83.567060526759
88.119240,15.972837,5057.738,83.562907632677
88.216718,15.972052,1622.066,83.566611779054
88.077708,15.973323,5067.026,185.88306344543
88.076673,15.976755,16719.134,185.94049862775
88.076040,15.975015,1187.520,98.282254514039
88.145490,15.976089,40659.919,124.05663018132
88.147542,15.976608,1009.121,202.63212978527
88.088581,15.974840,12984.873,202.54745582776
88.038474,15.975019,24343.610,63.253828778089
88.061987,15.977762,67014.307,60.336578333661
88.061842,15.979793,1194.930,64.530192939664
88.201378,15.972630,942.081,136.23685307623
88.107965,15.973565,1474.652,67.798201562320
88.016283,15.974440,1851.765,67.789992327367
88.126973,15.978012,22185.834,73.349614858539
88.031281,15.976113,2894.291,99.038651408155
88.028724,15.976301,1464.771,110.60855471621
88.002420,15.976311,3098.648,110.56983687041
88.169434,15.978834,12724.070,60.347100993070
88.203194,15.978500,7686.510,66.840297900633
88.201897,15.981448,23428.425,58.178994059074
88.188803,15.977730,943.273,68.085390791076
87.993079,15.977809,1585.059,68.099537668761
88.239545,15.978524,1274.195,75.808725414405
88.016312,15.978429,1127.929,66.226845422578
88.018919,15.979230,1391.379,71.389053289810
88.229528,15.981642,7314.714,71.428778324704
88.173527,15.982069,5103.273,90.425991997520
88.068486,15.981120,2945.757,62.706228000711
88.068575,15.984146,9624.099,67.239646516793
88.155473,15.983357,5622.627,78.578907473697
88.195558,15.981746,916.249,106.74959899264
88.081335,15.984234,5833.624,223.49031329265
88.037211,15.985129,12256.910,73.853094253538
87.991894,15.985251,14045.695,59.314845960244
88.118219,15.987816,37929.680,61.727841146562
88.170285,15.985356,1987.355,85.215615158514
88.216229,15.987446,1171.945,75.449096911847
88.221262,15.987045,1238.718,71.588460426133
88.182430,15.989512,10910.112,71.575567349521
88.187575,15.990271,8020.839,71.581776079777
88.166634,15.990043,3222.335,71.547514076208
88.165509,15.992903,4228.515,71.576391245448
88.166025,15.995603,1923.459,90.644194474147
88.164260,15.996301,1702.670,90.646259149496
88.165282,15.999471,7852.341,90.599055668935
88.198820,15.991581,20093.560,75.876783679361
88.201630,15.990820,2086.606,75.849658612737
88.143655,15.991653,9432.168,59.391185318295
88.232156,15.991764,9853.855,64.931252354397
88.229486,15.991683,5043.798,65.287091177956
88.081557,15.989167,867.659,59.643824580571
88.126992,15.990858,2027.588,59.754760250868
88.001452,15.989602,1085.890,71.210359529144
88.056919,15.992510,3939.215,73.594614335611
88.092169,15.990863,1072.178,63.757675279367
88.066490,15.992693,3995.552,68.508106568533
88.014218,15.993358,4281.376,82.544111149234
88.157087,15.992366,990.472,178.98958944804
88.005614,15.992908,1608.196,62.397235781181
88.210626,15.995630,4503.218,83.488168277894
88.232075,15.998427,29043.751,66.681779652790
88.220614,15.995576,948.371,203.58960332120
88.042801,15.998898,7711.668,203.60622848651
88.053333,15.997484,1037.590,68.847230969149
88.225222,16.002870,41522.714,57.441124273748
88.224555,16.006225,16949.201,57.423995082384
88.214161,16.000295,3790.777,66.342450837944
88.208728,15.999871,754.705,69.019388748697
88.208286,16.002835,1693.613,68.969600040806
88.122971,16.001510,1186.955,61.326118861668
88.050498,16.001109,1290.357,67.443877712145
88.049747,16.004069,1383.310,124.58035728784
88.026739,16.000910,977.840,124.49331717434
88.142006,16.002131,3405.861,81.886767605706
88.196137,16.006363,33256.721,78.358588866332
88.198418,16.007251,1268.271,108.10121393377
88.043406,16.004552,9324.338,65.386011589086
88.020841,16.004436,7105.567,68.667129620826
87.992782,16.005237,19143.635,88.920048770002
88.069012,16.003945,1952.084,98.332372173673
88.083963,16.003719,1250.600,55.784076392469
88.133213,16.005977,5144.975,93.093428319350
88.216344,16.006826,9320.592,93.111742068034
88.054050,16.004318,977.839,93.092838656793
88.062614,16.007965,10804.172,57.569434665629
88.060602,16.008968,19928.731,68.285386021832
88.065867,16.007903,2636.782,68.329662938875
88.034376,16.007004,1339.203,62.621340097810
88.024252,16.008769,4402.077,62.594019685134
88.026662,16.010988,287.786,62.283050282874
88.078367,16.009765,2988.240,62.055463217671
88.075261,16.010653,957.430,""
88.047355,16.009664,1465.171,""
88.160473,16.008801,1168.921,""
