#mjd: 58073.33433
#filter: B
#airmass: 1.492
#seeing: 1.401119775
#m5sigma: 20.1619
#exptime: 20.0
#night: ut171115
#ra dec flux fluxerror
88.053974,15.778317,520.402,121.53184584934
88.164371,15.781942,18033.675,26.279129169137
88.233744,15.781236,741.524,26.157778829266
88.147673,15.782054,496.576,80.240743783343
88.222295,15.784004,12368.718,139.13568379457
88.068424,15.784205,12166.423,37.959797581485
88.122648,15.784409,2311.618,205.49316169129
88.012761,15.785800,16657.280,27.130644735767
88.179708,15.785215,1408.407,29.293997003062
88.071502,15.785748,878.757,30.014078988867
88.104705,15.785710,1112.854,43.715372072132
88.145283,15.787002,4281.312,92.882379804937
88.017875,15.787084,8273.294,39.863173701405
88.162728,15.786600,2594.262,30.341835600490
88.135220,15.785324,291.753,26.671380582107
88.128465,15.786670,921.500,27.875473791832
88.057653,15.787223,893.625,24.689557600672
88.089527,15.786395,402.866,37.293221458776
88.112988,15.787589,2093.261,26.692898581553
88.141593,15.786972,693.930,31.565662292650
88.192986,15.788438,3603.803,31.562867963405
88.191178,15.787645,527.254,145.44491345938
88.141175,15.790760,20381.787,25.171421323657
88.205201,15.788997,509.914,25.995636220629
88.133878,15.789465,1397.184,30.034196183107
88.221263,15.789138,1405.670,25.143637776963
88.021015,15.789445,1106.350,25.676682835673
88.147330,15.790354,723.320,24.461288667666
88.230134,15.790364,587.693,37.346088896182
88.123555,15.792314,2926.529,42.041114819009
88.218793,15.793544,4825.064,28.312592589673
88.019020,15.792468,782.115,23.925437266783
88.161607,15.792236,689.606,23.530996751870
88.258857,15.792098,387.886,26.490504902725
88.082146,15.792418,314.701,28.512512168591
88.183127,15.791869,532.895,43.914212582907
88.103253,15.793799,2045.611,33.854104456804
88.188907,15.794659,2927.170,27.478994920966
88.172683,15.793990,599.055,77.513832061939
88.192597,15.796164,11874.573,28.665875596697
88.118478,15.795066,932.770,30.879473462930
88.175303,15.795752,1930.587,52.857400579976
88.083203,15.796815,4399.923,33.028546988758
88.252998,15.797381,2013.731,26.641643444062
88.169235,15.797168,679.738,27.710104195518
88.120825,15.798415,1357.923,25.146994708058
88.189541,15.798378,957.380,38.929857073754
88.262061,15.798410,4299.525,31.040312644861
88.071603,15.798000,644.791,40.431659311947
88.151664,15.799313,4130.146,25.359767745229
88.206396,15.798486,1273.999,30.138995163963
88.129947,15.799769,3044.961,37.517251592767
88.096864,15.800610,3627.940,34.689242475760
88.043829,15.800776,2258.026,39.544637026034
88.102130,15.802688,3909.874,32.668426266237
88.263041,15.802368,2344.959,26.112089038855
88.158675,15.801935,677.367,29.268387025467
88.040127,15.803023,1710.789,31.615983927349
88.171530,15.803027,1747.115,131.62250820021
88.103020,15.805317,20654.630,29.131130488147
88.238925,15.802935,1775.783,26.522424550682
88.249682,15.803500,870.020,97.448805723284
88.187125,15.806481,19613.672,25.673440952282
88.226085,15.803985,1900.279,187.36017223169
88.024809,15.805849,20876.332,25.066683962387
88.167377,15.803483,410.090,37.820808478059
88.136649,15.804848,3370.437,25.850718488693
88.031150,15.803637,645.229,48.256529616136
88.177180,15.805941,6950.301,25.373028642404
88.165139,15.804600,846.164,23.974242822403
88.033460,15.804666,414.069,28.549392498643
88.263392,15.805692,723.022,72.120374436353
88.129631,15.808224,11207.181,33.332730313694
88.208241,15.806783,1591.616,142.61792100607
88.252744,15.809698,33115.730,26.224012552427
88.143432,15.806857,553.765,31.290887899563
88.099908,15.807216,809.070,38.049445683579
88.097815,15.808527,4664.447,24.642983903125
88.242815,15.807448,474.123,305.40565400692
88.227820,15.811767,77867.745,27.216862770789
88.016387,15.808816,1693.905,26.871148585367
88.157626,15.808191,830.205,24.343204515001
88.171787,15.807719,367.817,26.478841240381
88.067325,15.808499,691.897,42.987726763077
88.160931,15.809887,5455.778,28.938529327766
88.102127,15.810100,2249.113,33.423886067564
88.121808,15.810738,3874.869,24.403706079947
88.107396,15.809675,408.833,60.185259435383
88.010861,15.813415,nan,37.836072608447
88.142689,15.813533,7317.639,25.487694465198
88.024336,15.813015,2896.086,57.071944213425
88.212897,15.812280,796.138,26.617516131600
88.227629,15.814525,13356.241,39.715606019775
88.102311,15.812804,529.079,39.378560185190
88.162381,15.814407,5703.547,34.040435953677
88.175311,15.814606,4635.502,28.993638756603
88.180648,15.814247,2951.682,29.453546659903
88.171828,15.814857,2313.751,32.821682388933
88.050723,15.814693,2198.994,32.842566881353
88.166170,15.814700,3545.758,175.30557451075
88.168099,15.814222,317.793,40.336235546786
88.046257,15.817247,28728.906,80.401595421826
88.104896,15.816501,6500.822,25.930633530095
88.079863,15.816985,14142.177,27.124242841574
88.229999,15.815454,634.647,25.313822733865
88.093302,15.816312,726.999,50.478792657368
88.088468,15.816126,509.167,26.909948615544
88.160975,15.818586,7376.809,24.971965401598
88.153208,15.816096,522.043,26.161879592828
88.170811,15.816624,807.819,26.599915943500
88.157327,15.817320,1485.047,28.371115218509
88.074224,15.818065,1178.768,28.785335610260
88.050667,15.819453,1344.901,25.800019253209
88.183084,15.819499,2632.766,30.273356409360
88.189079,15.819118,504.423,48.549489463174
88.070682,15.819454,1635.722,63.446742174965
88.245607,15.821078,9270.425,25.506493042487
88.010545,15.821087,nan,27.780164387577
88.072975,15.821941,11873.859,27.843381654363
88.094300,15.819741,462.506,25.119390159682
88.110733,15.821612,935.375,25.335992506002
88.123780,15.821618,1242.718,35.521996600608
88.034765,15.822713,1007.629,28.980596409151
88.214285,15.822641,449.293,26.178934042673
88.248104,15.824080,2827.424,30.012934095139
88.085286,15.823272,315.020,27.370717980056
88.018257,15.823614,1144.143,25.504191977339
88.229272,15.824483,1905.556,28.642055275512
88.241444,15.824614,367.052,33.965717956019
88.039098,15.825764,500.710,33.950413564632
88.089213,15.827753,1382.750,28.597358948686
88.181747,15.829379,5782.409,28.321215839570
88.183354,15.830522,601.300,25.302056369061
88.108954,15.827874,445.234,39.502052206040
88.050117,15.827980,431.433,34.677741780206
88.103406,15.828988,708.761,26.768888983571
88.187480,15.829995,3662.440,37.335821880799
88.068537,15.830284,4031.585,27.332775245408
88.174890,15.829399,356.952,26.819794348489
88.217072,15.831561,4121.535,36.504489147851
88.178209,15.830350,960.478,26.445763816139
88.039856,15.829488,306.057,36.476395310552
88.254141,15.831462,3682.434,24.576493273697
88.036046,15.831282,1042.590,31.109261546426
88.175097,15.832262,3281.594,29.628086157375
88.166311,15.831199,782.834,44.560936916233
88.201591,15.832625,2381.471,25.427279002637
88.023322,15.835207,1754.192,26.372398830582
88.105667,15.836127,6313.502,29.272372196280
88.216518,15.834458,333.635,24.922422236473
88.036219,15.835323,970.077,31.413752749914
88.238782,15.835833,845.021,28.914027600030
88.256884,15.836051,894.422,81.888443906114
88.223802,15.836519,1678.792,30.953397011566
88.210824,15.836951,1963.530,35.737233480607
88.195087,15.838259,13452.203,59.775666966668
88.101238,15.837476,2089.472,25.893815655770
88.012070,15.838171,3385.314,33.144430545878
88.079448,15.839624,13613.236,26.771395032885
88.260608,15.838712,620.952,25.529386196991
88.046114,15.839769,2263.949,27.851407671552
88.189711,15.839896,483.008,27.848534315521
88.203374,15.840317,775.974,27.281962372506
88.057683,15.841293,942.141,23.719457702749
88.059379,15.842249,1269.209,73.427792579588
88.185429,15.841165,395.358,25.147502419094
88.165617,15.841126,515.999,27.407161641131
88.122458,15.843409,15464.794,26.324506371041
88.151930,15.841027,291.482,29.029544873913
88.013842,15.841226,468.749,45.21082820329
88.024743,15.842570,1957.757,42.788327098364
88.052887,15.841776,472.744,23.897096893926
88.068042,15.843841,7254.412,31.104382911987
88.036069,15.844371,7806.858,26.750104327948
88.143404,15.843079,776.754,24.339100883935
88.132828,15.844124,2308.988,27.712461103724
88.234915,15.843312,866.522,27.180888923417
88.240960,15.843165,446.412,28.719582327350
88.119184,15.843667,601.143,32.181819743981
88.181229,15.844209,1294.951,31.184450426647
88.051028,15.845254,2113.702,30.595529915581
88.226642,15.845617,1879.471,26.460342388310
88.104148,15.845851,1864.565,25.528445196990
88.169919,15.846772,2197.202,24.905685450912
88.093141,15.845890,337.641,25.041672963992
88.080037,15.846333,470.790,23.661140821070
88.047083,15.846526,753.428,27.234215873483
88.144474,15.847083,591.665,32.830052558598
88.053924,15.847462,514.964,27.501362553953
88.147938,15.848709,1827.171,27.036704308749
88.132014,15.848934,3036.036,28.477420253631
88.012356,15.848922,1784.829,203.28176379805
88.152073,15.848992,828.095,30.418936446992
88.158928,15.848776,808.446,46.014952693262
88.129973,15.852140,34932.870,32.778395800725
88.246244,15.849279,1256.700,41.045888581521
88.027448,15.850990,3598.445,27.801028674823
88.257061,15.850828,2506.706,23.684828302578
88.091504,15.850901,710.454,28.646367274195
88.098084,15.850277,860.308,24.894335310749
88.219344,15.850137,622.003,25.258220043053
88.250397,15.851330,1538.984,91.320707834192
88.185003,15.850132,374.228,26.317287000571
88.174258,15.851355,721.539,26.247668478951
88.225752,15.853844,17401.949,58.398621174054
88.147151,15.853167,781.080,29.748056846444
88.017534,15.853125,612.479,30.453097745538
88.071738,15.855406,8934.615,26.122494975690
88.183342,15.853573,985.529,27.163229393525
88.086317,15.854603,2549.590,27.337994087991
88.045781,15.853982,389.326,30.405941088555
88.014468,15.854177,566.804,35.099045818396
88.140460,15.855308,817.516,35.089133093967
88.136082,15.854979,562.271,32.727603451915
88.167742,15.856045,1869.632,109.29958206616
88.166516,15.857495,5604.071,26.654389544132
88.175709,15.856122,2556.556,31.681934491876
88.075586,15.857851,21665.791,24.030438593828
88.207568,15.855771,907.194,28.370476021804
88.177795,15.856656,1941.578,27.060125582691
88.124852,15.855733,527.583,27.503547287341
88.096641,15.856307,1513.571,30.389988256276
88.100744,15.856831,1044.771,101.17012635486
88.256600,15.856638,819.625,48.234137553997
88.026243,15.857111,1089.974,39.693644687345
88.020616,15.860505,25776.192,24.081672140681
88.080497,15.859008,7408.460,25.410830092704
88.034361,15.859401,6216.272,43.202633910551
88.217427,15.857509,346.227,34.959145199100
88.032049,15.859363,3135.059,64.420803362308
88.040884,15.859779,6380.666,70.838554019152
88.108435,15.859427,3717.025,29.481317434107
88.196382,15.860453,9990.863,26.621887583559
88.020868,15.862700,18190.248,50.324470618469
88.232115,15.860700,1347.065,25.118280983741
88.030410,15.860832,1282.503,29.977298240349
88.151754,15.862333,7460.994,28.663795847216
88.141116,15.861148,830.298,23.379687386672
88.099376,15.861376,1272.107,27.278778966369
88.126943,15.861466,1234.432,79.970843807970
88.217625,15.861372,338.791,31.316859091019
88.220414,15.861681,800.234,25.283514828198
88.252564,15.865130,14186.425,26.588071097057
88.050349,15.863679,1390.856,58.715455821745
88.031913,15.864248,851.689,28.636889255824
88.082272,15.864250,696.520,26.239146678917
88.179544,15.866394,8375.074,28.923723886693
88.230265,15.865358,674.754,26.020082568803
88.198152,15.865317,724.158,34.601815988207
88.248356,15.866762,1872.871,25.780702064788
88.018679,15.866583,672.730,24.998167074774
88.244911,15.868203,3745.035,26.911160673543
88.175976,15.867705,1198.715,28.190777841762
88.163072,15.867800,947.694,29.978717024853
88.165979,15.867557,366.448,89.509349940762
88.029539,15.869237,2285.947,29.149543195982
88.133781,15.869524,2121.543,24.265937861583
88.198105,15.871777,15320.868,24.110243280615
88.146877,15.870305,719.385,37.363811725163
88.116992,15.870226,520.106,30.662784698901
88.141734,15.870620,705.937,83.670561646313
88.229118,15.871787,3562.341,25.017658955786
88.263432,15.871435,1723.719,125.69974715756
88.063834,15.873785,15154.506,37.682312285200
88.224007,15.871460,564.891,25.825227556497
88.220540,15.875042,28650.853,47.867187477652
88.232940,15.872845,3235.979,28.145820281863
88.149625,15.871690,591.143,25.616788823656
88.029503,15.874744,10361.840,45.034723037078
88.125962,15.873327,1131.262,28.972589271152
88.205313,15.873874,490.326,31.572822361037
88.078669,15.876865,4592.634,27.408514526241
88.156552,15.876480,1553.813,27.367632782607
88.104893,15.876743,1938.150,45.957104628463
88.119949,15.877723,454.520,27.903752866324
88.230965,15.877703,521.475,802.96619032229
88.084315,15.879985,6710.521,28.437824820044
88.137328,15.879514,664.971,28.745769284340
88.115517,15.886217,167008.751,25.244391078329
88.135104,15.880479,711.685,29.669152372704
88.034283,15.880475,728.233,47.069877333758
88.057638,15.880560,540.571,30.815923413266
88.079349,15.881223,1012.299,27.876931902624
88.111682,15.882285,5204.364,24.802644444090
88.183421,15.882649,2639.699,67.868073838428
88.019470,15.882245,1551.893,27.747592417073
88.123789,15.882942,399.804,27.153917082705
88.046176,15.885600,9158.912,28.850855700543
88.057575,15.884632,1223.781,34.447609147268
88.154340,15.884518,538.168,68.080462011619
88.174123,15.885569,1546.385,27.997772562068
88.231882,15.886013,4391.310,27.488922063357
88.082552,15.887132,10712.653,22.751830777179
88.018963,15.885659,874.777,24.322229671262
88.171957,15.885653,914.663,77.057372002951
88.146054,15.885315,613.727,64.065456464998
88.084343,15.885766,556.800,25.385541606495
88.076640,15.888074,12026.971,27.274757664320
88.236392,15.888244,11372.025,36.874005766514
88.087682,15.887040,704.558,28.803373942847
88.127877,15.886675,647.538,26.553308005555
88.142642,15.888078,2526.191,24.512065255167
88.186159,15.888549,1782.922,29.828749619826
88.229606,15.888530,1150.858,29.427015631352
88.011080,15.887450,nan,27.599876719378
88.170814,15.888343,603.601,25.711421307854
88.133045,15.888830,676.941,27.729040622351
88.130411,15.889124,637.937,30.446402813949
88.062739,15.889312,458.177,27.276383338749
88.193135,15.889790,782.315,39.499670198612
88.148843,15.890258,532.098,24.985018134044
88.066118,15.890927,839.280,22.893750668148
88.105453,15.892026,1477.483,28.478236836036
88.046690,15.893112,3409.321,26.124783910411
88.032637,15.892149,638.100,42.623451978644
88.194226,15.892538,579.874,29.520705790551
88.241749,15.894358,1630.837,26.690214500608
88.162193,15.893552,398.953,29.814686777779
88.162909,15.895520,5145.221,69.193495463694
88.169720,15.894027,434.956,26.863310529192
88.132733,15.894583,645.727,28.527710943733
88.028385,15.895452,1950.810,30.612760399464
88.076526,15.896641,8731.968,24.566119699897
88.261948,15.895600,1296.616,33.329000102212
88.190294,15.896108,1769.646,36.094365004632
88.208625,15.896718,2549.477,29.153950593843
88.198016,15.897258,1054.237,27.871729909442
88.106658,15.897923,1814.678,27.537291623885
88.102080,15.898670,4721.133,48.170915427916
88.043037,15.899156,1098.749,30.896385114267
88.241478,15.900139,1622.126,143.46000422820
88.125332,15.899366,479.082,34.048565182899
88.183881,15.901165,6314.057,24.956111519936
88.020814,15.901051,2659.979,78.415120663510
88.014176,15.903863,33047.010,24.126171942463
88.209396,15.902211,4465.901,26.594486855121
88.229180,15.901141,774.650,25.745119864575
88.217735,15.904182,16655.337,28.679240609589
88.219583,15.901809,636.882,31.829445736229
88.205896,15.902093,494.616,27.711991441638
88.244360,15.902014,415.364,32.747265577888
88.261900,15.902676,1592.212,55.070066694367
88.246834,15.903713,2046.240,43.665422519754
88.091166,15.903353,1280.637,30.588602269937
88.198326,15.904796,2700.408,29.165860773561
88.076822,15.906061,8963.896,25.222311750953
88.233658,15.905480,5300.393,40.376972702108
88.017933,15.904714,1363.274,26.691509558921
88.214200,15.904727,616.695,24.927404658048
88.207575,15.905512,969.526,28.191243875271
88.142486,15.906410,4979.334,27.764353312357
88.136666,15.905607,931.732,30.605309652542
88.240876,15.905473,760.586,74.478952162070
88.225092,15.905615,1065.649,74.521180080966
88.139136,15.904991,376.412,27.027980339680
88.013664,15.906255,1973.711,29.237890517789
88.117904,15.909699,14840.457,27.442998807075
88.119816,15.909293,948.112,29.944422100771
88.259755,15.907904,1406.666,40.900597145365
88.202330,15.908756,2673.012,26.605626598258
88.166914,15.908035,994.915,28.420396750629
88.010516,15.908792,nan,32.460936677728
88.018343,15.908564,443.603,25.255440668905
88.096143,15.910665,5802.217,34.661216522065
88.227938,15.910362,1246.802,28.007638460343
88.149010,15.910229,992.604,27.714200418766
88.161158,15.910856,1975.873,27.326226054186
88.173338,15.910061,446.424,70.690378926199
88.084111,15.911923,1999.702,31.548276604402
88.066206,15.911481,616.623,28.780505175678
88.227980,15.912730,1416.172,33.892015690529
88.038378,15.913021,420.231,27.681788911203
88.110429,15.915369,9993.698,60.225788875348
88.153116,15.914805,1699.341,28.761965372935
88.222724,15.914928,2423.660,47.268034603199
88.028171,15.914894,3253.539,50.975295029819
88.079005,15.914320,667.265,67.263248073482
88.176084,15.916006,10256.593,26.835149664384
88.258409,15.915633,1648.736,29.820282317697
88.231519,15.916458,6266.011,56.969503506813
88.216855,15.916879,10115.845,30.348348181934
88.163350,15.916968,11489.357,72.598889869893
88.165143,15.915448,553.432,26.507309647227
88.251288,15.916591,2020.818,102.05575320018
88.190930,15.917636,8889.175,61.184769649813
88.229560,15.917293,2326.427,24.459071029955
88.174351,15.918607,12326.119,26.085747074846
88.144358,15.916655,339.339,32.460855664691
88.126953,15.919916,18674.997,24.476683494259
88.139457,15.919736,10398.876,38.634977181602
88.064647,15.917553,531.878,25.602303575258
88.114979,15.918217,590.381,28.268371310014
88.123659,15.918985,1613.496,25.904143965803
88.216499,15.919532,2074.581,28.815314698057
88.023772,15.920266,3656.962,29.891216556879
88.087715,15.919858,1371.695,29.898244056319
88.135955,15.919933,660.728,33.513253953350
88.081198,15.920608,493.254,27.030879722391
88.192867,15.921457,1600.196,98.909797100887
88.200816,15.922181,1482.825,114.30430553743
88.201592,15.923836,1324.566,30.406350348104
88.192408,15.923819,2986.081,26.344081533960
88.255184,15.923200,680.072,25.948709731868
88.204604,15.927306,21792.031,27.559789315281
88.191439,15.926119,25661.560,30.416645687510
88.126820,15.924828,3380.105,32.198138799926
88.137679,15.923569,561.612,28.872599363817
88.248232,15.924989,1640.808,26.528680131684
88.134257,15.924004,530.510,48.117646541184
88.185331,15.925298,1706.311,27.968101101933
88.017098,15.925263,2621.220,25.952632707640
88.243787,15.925299,1227.697,57.094125073110
88.220671,15.925754,1102.226,28.584168528466
88.083610,15.927223,7320.189,30.754640516825
88.156712,15.925867,904.557,26.782797921857
88.212803,15.926740,888.081,69.665942616376
88.063666,15.928436,10404.305,27.409696379438
88.034874,15.926652,1409.484,27.415105086978
88.028732,15.927349,1915.021,58.500974581634
88.101757,15.926459,439.928,27.498540911517
88.115857,15.929550,13905.732,71.979480215981
88.241415,15.927523,536.674,24.958492437449
88.240521,15.929160,468.832,27.106337638309
88.211846,15.930026,11802.321,76.433191358051
88.218798,15.928253,713.765,28.374024124021
88.232873,15.930871,13414.009,53.105318717571
88.093866,15.929999,595.398,27.130664560554
88.151737,15.930552,1419.240,24.852885439965
88.180052,15.933634,16909.428,27.426708682223
88.025689,15.933117,1724.834,29.091101627101
88.116137,15.934875,10122.087,28.290749902529
88.063439,15.934207,1186.622,23.731011144268
88.154656,15.934734,963.237,28.186175278169
88.181193,15.936113,878.848,25.598217395846
88.080046,15.935771,444.961,25.109690675906
88.077393,15.936750,860.754,174.86930986369
88.225524,15.936959,462.823,24.661302286543
88.071452,15.937720,1190.619,35.633224264418
88.240351,15.937462,448.803,50.395398226180
88.246466,15.938441,650.585,193.52288934969
88.046377,15.942436,39704.769,25.351742238580
88.038060,15.939319,560.887,27.056271351101
88.260513,15.940990,2865.093,41.001578814649
88.117923,15.942207,9418.280,26.667267953765
88.256979,15.943940,40977.913,29.716057911290
88.186898,15.941596,1093.013,26.407208050418
88.263044,15.942760,2173.282,33.464503364348
88.062124,15.943874,4957.016,27.946235180615
88.243541,15.942844,387.102,29.954734217770
88.032621,15.943165,379.560,30.736924604607
88.011013,15.944217,nan,57.502537698134
88.181049,15.944396,942.000,37.916670294076
88.082733,15.943919,354.573,27.761981640543
88.189321,15.945015,1182.707,26.639786047656
88.042805,15.944668,546.338,23.039454624249
88.239325,15.945335,2093.734,99.648518505474
88.057852,15.947102,11961.085,24.274594559152
88.136404,15.945878,3090.530,26.619779976614
88.072904,15.946073,1605.554,24.766846236663
88.094512,15.946883,1252.537,38.643204327095
88.100657,15.946403,433.662,58.276965228781
88.244711,15.950527,20006.087,24.566343761899
88.179632,15.949288,1140.902,35.495918701049
88.225837,15.948830,617.690,27.667688258082
88.221257,15.948965,289.466,27.138091456581
88.141718,15.950059,3680.476,38.216009369726
88.148486,15.951254,14535.317,36.225705315560
88.048286,15.949677,933.934,28.376110662425
88.151930,15.950821,4169.800,24.587544476959
88.063276,15.951601,1393.195,30.527081582054
88.162564,15.951858,426.584,32.237296975788
88.177650,15.954310,5943.351,31.753969831660
88.098200,15.953667,1940.619,29.712009832639
88.153827,15.953980,1393.460,24.759844718077
88.090479,15.953490,549.716,34.603545469238
88.195586,15.954582,2051.412,30.111133221486
88.043502,15.955047,1568.971,21.854085607020
88.032812,15.956913,4373.244,26.345697985500
88.022265,15.958546,1531.681,26.275812047031
88.230645,15.958706,1104.591,34.252857223541
88.050326,15.959406,3044.253,27.319512312391
88.190640,15.958614,833.510,35.172896596283
88.166816,15.958699,503.009,28.103568885318
88.053610,15.959654,400.535,35.331941958878
88.259528,15.960332,562.064,27.040010750087
88.104416,15.961216,2115.488,29.564080285038
88.253278,15.960400,402.208,27.688626844300
88.064901,15.961721,3693.403,33.353963052325
88.212542,15.960566,331.173,30.626129450915
88.109264,15.962601,4398.637,26.097919802536
88.170259,15.961726,592.355,45.195582703281
88.096790,15.962151,2124.013,30.305263922407
88.230826,15.961535,1150.553,25.136414002700
88.032785,15.963170,2748.217,29.468021365652
88.086159,15.963470,2669.557,25.561033254627
88.153633,15.962258,336.455,45.352910583010
88.218790,15.964618,9847.194,34.200674353942
88.198164,15.965086,2949.034,78.083367755260
88.134428,15.964800,908.353,35.995222541817
88.179606,15.965650,1862.876,24.751034971563
88.081490,15.964787,450.046,37.831804464721
88.010493,15.964756,nan,63.719096294062
88.194888,15.966901,11272.436,25.632029541217
88.090524,15.966928,4980.033,32.698885678158
88.034656,15.968390,16838.759,29.152515209533
88.044553,15.968779,8895.947,24.569776218828
88.248177,15.967256,655.633,40.160261864556
88.163352,15.969739,10344.788,46.075223985733
88.179134,15.969592,13208.032,27.359701587333
88.012032,15.968159,479.859,66.051620699739
88.184798,15.969253,2360.752,27.142670544065
88.140824,15.968455,783.068,27.777235731431
88.025289,15.968949,398.170,35.131651520759
88.172413,15.970938,6296.175,36.243700853454
88.253272,15.971416,6779.736,22.181658996902
88.057459,15.970054,959.845,29.903292250285
88.246818,15.972083,11523.119,66.447182018957
88.197495,15.970798,1655.261,66.424381062503
88.027009,15.970981,612.257,65.940074910619
88.167004,15.972872,3310.567,36.853581732500
88.077740,15.973359,3764.650,26.733776912756
88.216745,15.972145,1004.889,26.041160848624
88.119273,15.972910,3142.478,25.135052259955
88.079335,15.974736,20941.968,40.811801199669
88.078873,15.976642,5958.301,104.88265456255
88.038512,15.975066,18218.284,179.17642628032
88.240427,15.973989,5401.381,31.807369299763
88.201338,15.972749,664.136,27.927647260013
88.170471,15.973165,827.971,28.677158852106
88.107977,15.973646,946.869,28.681660514602
88.088608,15.974900,6908.689,25.701801929300
88.145548,15.976176,30068.488,22.836374371860
88.062044,15.977811,53864.494,60.030802613081
88.016315,15.974524,1248.856,495.30612537655
88.029635,15.974096,478.816,495.32108107772
88.031836,15.974404,791.625,30.523720093423
88.031282,15.976158,1975.073,33.315839724459
88.249495,15.976195,770.185,27.039869354952
88.066273,15.976089,516.553,47.062058392772
88.127008,15.978088,14187.553,25.996966017840
88.028733,15.976314,882.360,29.942419104663
88.027879,15.978073,8566.664,29.845284301224
88.242860,15.977196,1518.167,85.629775745348
88.203208,15.978562,5360.539,25.865174036103
88.147596,15.976723,702.962,35.009201166942
88.011037,15.977049,470.220,28.419300688373
88.169469,15.978918,8134.926,34.382069110673
88.188786,15.977825,684.102,32.976360192621
88.016330,15.978451,918.944,32.956741265366
88.239488,15.978588,1054.230,28.631437064221
88.201887,15.981498,15338.744,26.181516377052
88.018980,15.979296,1060.329,25.663441370356
88.255963,15.980247,2344.099,34.865000290296
88.061796,15.979915,769.498,44.730235091458
88.229461,15.981698,4650.959,29.580874213673
88.068513,15.981162,2078.941,25.189130013832
88.173569,15.982133,3696.547,34.648338162912
88.092163,15.981484,644.616,43.226405498478
88.195615,15.981773,457.688,24.952935660969
88.260417,15.981779,805.281,35.500897847841
88.155514,15.983446,3913.376,90.591697449907
88.068632,15.984177,7687.353,28.034261685387
88.014839,15.982735,461.317,27.836173539640
88.126301,15.982611,481.438,27.009626512186
88.081370,15.984268,4002.433,49.089030744197
88.037217,15.985138,7106.867,40.653497795099
88.214676,15.983744,530.521,33.592066155287
88.170317,15.985362,1539.804,26.576276399565
88.118296,15.987881,30278.021,63.758703840418
88.089127,15.985090,457.597,35.936206917365
88.221241,15.987124,1028.087,38.236771339261
88.216199,15.987519,958.295,24.083887980534
88.182446,15.989555,7751.295,27.836962452529
88.187594,15.990318,6707.071,36.445616089910
88.166686,15.990050,2406.742,24.833259637421
88.081691,15.989256,714.245,35.417187007507
88.198823,15.991632,12715.611,26.073795515663
88.143719,15.991721,7175.758,34.100986238449
88.232104,15.991801,7289.083,31.637982692200
88.201629,15.990882,1492.583,23.318644581736
88.127067,15.990908,1393.539,34.163868482702
88.229429,15.991720,3684.478,27.457013633572
88.092280,15.990828,709.089,31.825195057311
88.056968,15.992514,3104.481,24.657596877103
88.105528,15.991061,527.397,25.706735983753
88.066536,15.992705,2619.857,25.714560696989
88.165531,15.992949,2805.979,23.822352544322
88.157160,15.992351,736.617,120.61549524574
88.014227,15.993341,2995.544,25.584162520167
88.185319,15.992989,487.219,25.437136385812
88.210599,15.995632,3008.984,38.851031176755
88.186650,15.994667,421.159,24.017608138906
88.166058,15.995650,1390.847,37.625298594422
88.164303,15.996344,1172.048,33.206003044582
88.220635,15.995658,736.418,24.326328215825
88.231979,15.998461,21294.691,163.19885131301
88.053356,15.997486,615.308,27.248483379715
88.239414,15.997241,455.726,26.067288212102
88.042828,15.998891,5335.330,26.452259516095
88.252898,15.998244,1355.771,25.548113751391
88.165307,15.999531,5569.326,31.318773715434
88.214126,16.000350,2675.239,25.447947498331
88.208709,15.999897,443.878,24.983353817772
88.225187,16.002895,32535.918,35.023339746059
88.026765,16.000918,622.406,37.065125723763
88.050534,16.001072,778.371,26.890808220524
88.262156,16.001120,1553.442,37.891666704487
88.254859,16.001287,808.980,28.233008345671
88.142039,16.002199,2590.274,88.414220822395
88.122984,16.001595,653.860,26.710242185180
88.208286,16.002890,1163.208,25.908483466573
88.246094,16.003213,2538.604,28.293298616108
88.043449,16.004529,5387.811,61.452509515852
88.069085,16.004001,1404.211,31.851870687099
88.020867,16.004405,4798.329,46.422298984557
88.049789,16.004049,903.503,46.415601766684
88.196143,16.006406,25504.762,46.266096757915
88.084085,16.003745,774.660,22.919013381010
88.052154,16.003539,334.316,28.315007211039
88.054083,16.004304,592.320,26.539296483591
88.224515,16.006236,12194.390,60.358500757271
88.133258,16.006029,3159.332,24.769654225694
88.216318,16.006841,7924.636,24.363015705544
88.214803,16.008035,330.614,30.012190524838
88.062675,16.008000,7487.743,34.457656834753
88.253076,16.005997,551.231,55.132536993426
88.239283,16.007365,1507.390,27.219179579912
88.034446,16.006974,795.845,26.420249556560
88.060670,16.008994,14442.642,28.949961333798
88.037575,16.007171,535.508,27.632353697722
88.198382,16.007278,654.225,27.925018070807
88.065914,16.007948,1796.695,28.667879932640
88.024269,16.008767,3000.945,26.244640210177
88.187182,16.010637,15187.802,37.517893325195
88.160482,16.008898,889.978,25.214365945365
88.154807,16.008826,548.513,27.263520047928
88.047432,16.009639,889.131,28.146266538808
88.236817,16.009671,987.646,29.122748708276
88.078426,16.009769,1866.717,37.327598535620
88.172241,16.009451,467.062,56.940933964834
88.118514,16.010742,813.050,37.352463820715
88.028556,16.011366,2323.870,24.544211242965
88.075243,16.010611,680.633,25.344565815998
88.045764,16.011655,1802.773,27.944652006839
88.154272,16.012755,2650.009,24.320469185603
88.223382,16.011319,494.083,24.854554593901
88.162716,16.012963,3408.159,33.238852601352
88.053723,16.014299,16283.048,33.245606300305
88.024234,16.013440,4068.238,42.764417694223
88.210184,16.012549,646.248,75.233364841960
88.238131,16.012621,853.075,29.682966537702
88.143462,16.013861,2463.868,27.897756249618
88.057739,16.012731,469.392,42.866301264000
88.217940,16.013176,466.166,28.597337228590
88.105557,16.014030,1309.260,25.119611135251
88.105303,16.015976,6147.689,29.281867734222
88.012379,16.015187,5683.371,134.97386968730
88.159437,16.017312,18977.874,27.921501953169
88.150539,16.015197,3254.442,25.246812641543
88.141193,16.015184,1301.240,28.480626247470
88.072030,16.016515,5377.479,52.517197596908
88.112440,16.015738,2108.082,25.492245491203
88.018351,16.015661,591.595,63.187839751263
88.136852,16.015869,283.641,63.176452549509
88.155871,16.019374,25988.296,63.159436120222
88.115529,16.017002,472.904,25.100205752958
88.033260,16.017721,1112.967,26.225396839249
88.069166,16.017961,1443.220,29.119851023431
88.213556,16.019347,7505.992,24.041246243750
88.187461,16.018182,569.862,25.484899698924
88.113897,16.021787,31940.265,58.527169549229
88.114788,16.020100,842.116,164.43051517033
88.112762,16.023303,1003.565,25.105825139779
88.105598,16.018801,638.324,25.548755450674
88.132649,16.018961,466.133,33.853308816671
88.075486,16.020613,3284.008,37.652936303210
88.229537,16.019753,592.515,50.029661134497
88.033387,16.019778,360.279,58.847088792656
88.131043,16.022732,16044.801,29.358018757357
88.238013,16.024232,25390.473,26.133631360302
88.166115,16.021549,309.877,26.510402931888
88.180530,16.021995,656.406,27.111523725444
88.061490,16.023403,4867.704,""
88.050133,16.023495,5659.336,""
88.053037,16.024606,9603.977,""
88.231220,16.024534,6780.530,""
88.092361,16.023820,668.166,""
88.044833,16.025317,1301.155,""
88.190245,16.025364,928.472,""
88.141240,16.025895,1343.835,""
