#mjd: 60323.17603
#filter: B
#airmass: 1.496
#seeing: 1.840938705
#m5sigma: 20.8435
#exptime: 30.0
#night: ut240113
#ra dec flux fluxerror
88.024756,15.763870,63630.199,1
88.178283,15.762841,554.104,1
88.216952,15.762989,1230.375,1
88.009546,15.762849,673.891,1
88.001237,15.764071,2530.789,1
88.058836,15.762942,647.367,1
87.994817,15.764878,5713.486,1
88.118602,15.764303,2897.294,1
88.120141,15.765501,1656.741,1
88.048673,15.765389,4468.609,1
88.047570,15.767623,828.033,1
88.020139,15.764715,3077.359,1
88.130165,15.765534,2891.242,1
88.091284,15.766031,2339.283,1
88.013353,15.768376,17495.252,1
88.077703,15.765252,978.888,1
88.078791,15.766897,3492.647,1
88.197487,15.768231,10610.734,1
88.185740,15.767086,2408.029,1
88.099406,15.767461,1345.149,1
88.159340,15.767497,1463.495,1
88.038344,15.768859,5460.434,1
88.168455,15.768853,6289.848,1
88.105379,15.767969,1185.415,1
88.120244,15.768268,812.203,1
88.234681,15.768661,634.892,1
88.011105,15.770293,3438.182,1
88.107026,15.770065,2257.673,1
88.085996,15.769642,845.491,1
88.235589,15.771309,4815.481,1
88.149441,15.771424,4458.632,1
87.994682,15.770709,2325.631,1
87.993829,15.772839,648.344,1
87.994340,15.774976,2919.608,1
88.049994,15.770508,1263.088,1
88.036929,15.774778,53244.950,1
88.224525,15.770698,1051.918,1
88.199510,15.770969,1009.671,1
88.168309,15.772690,5360.276,1
88.035872,15.771494,789.709,1
88.008136,15.772782,6604.930,1
88.013854,15.771822,1576.593,1
88.081961,15.771273,820.311,1
88.072959,15.773273,9648.417,1
88.146174,15.773918,5401.400,1
88.203848,15.772737,957.090,1
88.206922,15.773642,1398.331,1
88.049116,15.776442,15513.859,1
88.051043,15.777938,623.786,1
88.216929,15.776655,7542.729,1
88.170221,15.774676,754.499,1
88.045832,15.776614,4481.409,1
88.206191,15.776809,4003.005,1
88.020187,15.778261,16953.079,1
88.227818,15.776837,2249.957,1
88.007255,15.778939,14656.804,1
88.157526,15.777283,1073.479,1
88.167445,15.776412,814.808,1
88.241250,15.778306,2974.066,1
88.142074,15.777643,1392.090,1
88.102845,15.778027,978.357,1
88.054160,15.778333,1594.498,1
88.164385,15.781876,54796.698,1
88.150114,15.779007,1230.594,1
88.012084,15.780097,5086.526,1
88.000614,15.780932,2983.205,1
88.203883,15.779867,732.661,1
88.233642,15.781178,2302.951,1
88.222226,15.783940,36213.029,1
88.068573,15.784213,39636.303,1
88.227745,15.781210,629.861,1
88.012947,15.785810,55634.374,1
88.147728,15.782002,1293.765,1
88.200520,15.781970,1202.759,1
88.155127,15.782051,656.549,1
88.122721,15.784378,7732.710,1
88.071616,15.785766,2980.939,1
88.179710,15.785175,4321.508,1
88.018054,15.787094,26605.264,1
88.104809,15.785672,3826.418,1
88.145323,15.786955,13412.212,1
88.001744,15.785027,1068.776,1
88.162729,15.786540,7706.417,1
88.135266,15.785330,1175.096,1
88.065446,15.785077,812.695,1
88.004314,15.786779,5323.671,1
88.128539,15.786638,2948.437,1
88.062100,15.785969,1291.519,1
88.201594,15.785680,956.705,1
88.113057,15.787582,6947.379,1
88.089624,15.786386,1425.699,1
88.192969,15.788385,10531.333,1
88.191111,15.787630,1368.315,1
88.057806,15.787245,2893.732,1
88.141222,15.790690,62184.258,1
88.165638,15.787181,865.976,1
88.043751,15.787800,1060.524,1
88.004126,15.790431,33667.555,1
88.221170,15.789090,4204.749,1
88.133918,15.789417,4489.089,1
88.021185,15.789466,3829.349,1
88.150065,15.789541,1233.455,1
88.000789,15.794362,32116.400,1
88.147388,15.790312,1949.662,1
88.230082,15.790316,1753.991,1
88.218723,15.793511,13995.408,1
88.123646,15.792286,9936.795,1
88.161613,15.792196,2082.827,1
88.019203,15.792510,2667.107,1
88.059629,15.792514,1033.006,1
88.082228,15.792519,1297.498,1
88.192568,15.796107,34104.769,1
88.188883,15.794606,8455.690,1
88.172716,15.793947,1606.660,1
88.175285,15.795711,5482.918,1
88.224492,15.794620,1030.732,1
88.083322,15.796811,13846.752,1
88.081937,15.795446,776.343,1
88.118549,15.795026,2648.402,1
88.006818,15.796320,5059.545,1
87.997167,15.795161,1079.716,1
88.244393,15.794902,nan,1
88.169232,15.797096,1971.838,1
88.120894,15.798379,4417.271,1
88.159831,15.797400,741.726,1
88.206349,15.798455,3703.696,1
88.151700,15.799270,12283.660,1
88.151667,15.797401,969.848,1
88.071769,15.798050,1986.060,1
88.189518,15.798315,2663.673,1
88.130003,15.799732,9273.665,1
88.126099,15.798047,719.267,1
88.123787,15.798432,983.110,1
87.994657,15.799864,12188.749,1
88.096971,15.800615,11213.910,1
88.043981,15.800798,7512.831,1
88.090218,15.800008,646.010,1
88.160137,15.800213,574.245,1
88.158658,15.801919,2034.146,1
88.102221,15.802674,11937.594,1
88.103116,15.805289,63509.651,1
88.238826,15.802897,5521.592,1
88.241015,15.802284,731.175,1
88.040281,15.803055,5439.433,1
88.171501,15.802968,5205.560,1
88.024979,15.805865,63858.566,1
87.992096,15.805525,40711.734,1
87.993070,15.803911,909.616,1
87.991266,15.807628,1323.428,1
88.226025,15.803938,5807.486,1
88.187114,15.806430,55921.168,1
88.207779,15.802371,695.988,1
88.136695,15.804816,9554.773,1
88.177169,15.805884,20377.110,1
88.031295,15.803678,2218.376,1
88.033634,15.804716,1443.199,1
88.167406,15.803478,1216.897,1
88.165145,15.804572,2593.184,1
88.167127,15.805927,809.438,1
88.087931,15.804694,784.893,1
88.129696,15.808178,32721.686,1
88.208188,15.806739,4726.488,1
88.143456,15.806878,1644.731,1
88.097916,15.808516,14051.821,1
88.100049,15.807205,2546.747,1
88.008174,15.808797,16963.367,1
88.006339,15.807482,2282.863,1
88.062766,15.806181,838.331,1
88.190072,15.806235,588.416,1
88.242738,15.807428,1385.127,1
88.171793,15.807696,934.301,1
88.016527,15.808864,5029.290,1
88.157632,15.808169,2401.773,1
88.155873,15.810088,1054.611,1
88.160939,15.809838,15993.137,1
88.067466,15.808516,2174.159,1
88.121878,15.810701,10997.942,1
88.102232,15.810090,6954.175,1
88.193529,15.808630,850.526,1
88.107475,15.809670,1086.222,1
88.038349,15.810290,940.217,1
88.142727,15.813503,20607.622,1
88.206887,15.810706,673.477,1
88.011016,15.813435,15263.947,1
88.087265,15.811546,982.230,1
88.195019,15.811587,616.090,1
88.024496,15.813045,8557.180,1
88.212836,15.812233,2247.038,1
88.162383,15.814361,16203.091,1
88.198719,15.811901,886.688,1
88.176675,15.812049,781.844,1
88.102427,15.812810,1620.261,1
88.180623,15.814208,8532.994,1
88.175291,15.814573,13804.222,1
88.218204,15.812650,829.640,1
88.166172,15.814656,9867.863,1
88.168054,15.814219,1005.689,1
88.171821,15.814800,6915.780,1
88.170813,15.816579,2357.224,1
88.046386,15.817254,88498.307,1
88.050888,15.814694,6493.172,1
87.996001,15.814910,7146.852,1
88.000219,15.813772,824.007,1
88.079977,15.816962,42145.081,1
88.077315,15.816424,964.363,1
88.104982,15.816486,18585.790,1
88.229922,15.815439,2198.713,1
88.204958,15.815672,1038.550,1
88.040588,15.815556,1054.923,1
88.153198,15.816035,1352.014,1
88.093396,15.816277,2351.046,1
88.002526,15.815762,825.798,1
88.088588,15.816123,1396.617,1
88.157303,15.817266,4360.550,1
88.160995,15.818538,20711.731,1
88.074324,15.818057,3715.457,1
88.007562,15.819916,21304.573,1
88.005047,15.820680,10286.204,1
88.183061,15.819455,7345.445,1
88.070806,15.819437,4628.554,1
88.050810,15.819507,4289.427,1
88.189042,15.819065,1377.674,1
88.073090,15.821942,35427.526,1
88.094405,15.819762,1455.694,1
88.010400,15.821124,5894.626,1
88.103308,15.820311,952.638,1
88.123809,15.821583,3746.456,1
88.110823,15.821600,2884.126,1
88.034938,15.822748,3125.540,1
88.198105,15.821818,791.375,1
88.214196,15.822606,1531.114,1
88.002033,15.822643,913.764,1
88.018433,15.823651,3653.922,1
88.085356,15.823348,1031.098,1
88.229193,15.824438,5682.044,1
88.241391,15.824635,1413.926,1
88.039235,15.825812,1489.653,1
88.131179,15.826013,876.953,1
88.063883,15.826230,1202.587,1
88.089312,15.827726,3868.574,1
88.181731,15.829336,16727.992,1
88.183373,15.830493,1546.220,1
88.109044,15.827876,1509.512,1
88.187444,15.829944,10373.425,1
88.050200,15.828032,1300.118,1
88.068657,15.830271,11869.603,1
88.068868,15.828429,871.608,1
88.103483,15.828955,2038.768,1
88.218102,15.828116,750.316,1
88.039962,15.829509,964.048,1
88.174870,15.829337,1110.428,1
88.178198,15.830313,2804.215,1
87.991257,15.829583,785.958,1
87.994500,15.829742,1160.183,1
88.134380,15.830051,1172.132,1
88.175105,15.832199,9227.738,1
88.036179,15.831307,2958.789,1
88.166297,15.831165,1947.685,1
88.201551,15.832594,6873.079,1
88.198474,15.832030,844.352,1
88.179508,15.832949,834.211,1
88.181152,15.834623,657.535,1
88.161570,15.833190,607.866,1
88.105738,15.836098,18196.155,1
87.992602,15.836498,26939.597,1
88.168903,15.834177,992.910,1
88.057212,15.833559,807.145,1
88.023460,15.835233,5075.989,1
88.036427,15.835320,2867.936,1
88.238716,15.835789,2725.763,1
88.195044,15.838220,37837.783,1
88.197199,15.838885,671.698,1
88.071292,15.835173,959.954,1
88.210751,15.836938,5806.092,1
88.223728,15.836491,4824.914,1
88.101321,15.837461,5698.983,1
88.012212,15.838216,10817.146,1
88.079548,15.839607,39873.001,1
88.046213,15.839757,6879.935,1
88.075382,15.841219,23301.833,1
88.076607,15.842619,2622.309,1
88.228394,15.838866,956.479,1
88.001774,15.842704,63602.788,1
88.203345,15.840282,2528.292,1
88.216007,15.839178,827.324,1
88.189665,15.839917,1560.302,1
88.122517,15.843369,43594.472,1
88.123614,15.841217,640.159,1
88.040057,15.840066,777.235,1
88.057753,15.841314,2744.582,1
88.059475,15.842267,4028.503,1
88.165621,15.841108,1474.161,1
88.185388,15.841127,1150.616,1
88.169950,15.840925,970.914,1
88.013960,15.841290,1401.308,1
88.024879,15.842605,6004.754,1
88.109525,15.840872,653.197,1
88.151937,15.841010,631.143,1
88.053008,15.841786,1337.077,1
88.068143,15.843845,20971.267,1
88.036209,15.844395,22853.999,1
88.143457,15.843053,2098.763,1
88.210985,15.842052,727.961,1
88.234832,15.843298,2188.103,1
88.132876,15.844105,6526.980,1
88.240849,15.843125,911.444,1
88.181215,15.844166,3541.282,1
88.119224,15.843655,1558.864,1
88.051135,15.845278,6009.653,1
88.104231,15.845830,5458.178,1
88.169928,15.846727,6214.642,1
88.093211,15.845933,915.172,1
88.047187,15.846573,2106.925,1
88.080071,15.846380,1387.834,1
88.144515,15.847046,1966.741,1
88.147949,15.848694,5582.156,1
88.148942,15.850569,695.686,1
88.132051,15.848912,8741.964,1
88.053991,15.847506,1395.596,1
88.130003,15.852102,98598.561,1
88.158918,15.848745,2404.991,1
88.012495,15.848958,4918.228,1
88.152071,15.848991,2305.576,1
88.027578,15.851022,10436.411,1
88.098142,15.850276,2399.629,1
88.219243,15.850109,1827.754,1
88.001689,15.850300,1881.323,1
88.225691,15.853794,50545.360,1
88.184950,15.850122,1077.452,1
88.199627,15.850312,899.288,1
88.174247,15.851317,2225.060,1
88.147180,15.853179,2281.668,1
88.183304,15.853568,3048.445,1
88.017650,15.853156,2060.051,1
88.086387,15.854601,7682.041,1
88.071823,15.855404,25831.105,1
88.162994,15.853847,995.666,1
88.045854,15.853998,1139.298,1
88.014596,15.854244,1621.165,1
88.179088,15.854181,923.869,1
88.175693,15.856080,7408.645,1
88.177784,15.856620,5181.852,1
88.177640,15.859045,866.610,1
88.136119,15.854963,1642.361,1
88.140509,15.855250,2426.384,1
88.207509,15.855723,3031.360,1
88.166515,15.857459,16029.419,1
88.244573,15.854941,nan,1
88.096708,15.856305,4347.102,1
88.124892,15.855692,1391.487,1
88.003641,15.857117,6484.129,1
88.196380,15.860469,28552.154,1
88.127712,15.855815,898.507,1
88.026349,15.857147,3264.207,1
88.100784,15.856846,2845.684,1
88.080583,15.859010,21485.623,1
88.034479,15.859417,18260.988,1
88.032167,15.859393,8833.543,1
88.030536,15.860864,3437.143,1
88.108482,15.859400,10621.436,1
88.040997,15.859790,18826.420,1
88.037651,15.857756,860.136,1
88.009913,15.858303,606.985,1
87.993056,15.859217,3196.760,1
88.232036,15.860684,3977.203,1
88.151774,15.862300,20980.601,1
88.139197,15.860055,1106.404,1
88.141115,15.861127,2369.702,1
88.099423,15.861366,3793.836,1
88.126970,15.861461,3658.944,1
88.220375,15.861674,2262.720,1
88.217579,15.861307,848.806,1
88.136677,15.861568,532.453,1
88.050444,15.863699,3918.493,1
88.179532,15.866365,22945.618,1
88.082320,15.864250,1789.669,1
88.032025,15.864258,2456.425,1
88.239029,15.863264,775.882,1
88.230194,15.865366,1767.534,1
88.198115,15.865276,1994.029,1
88.244788,15.868190,nan,1
88.013968,15.865091,780.066,1
88.018805,15.866635,2181.747,1
88.175952,15.867719,3602.608,1
88.174048,15.868646,851.047,1
88.163054,15.867806,2929.980,1
88.165947,15.867547,1023.435,1
88.029648,15.869270,6296.437,1
88.105682,15.866705,468.240,1
87.990245,15.867910,171.961,1
88.133828,15.869494,5810.414,1
88.198074,15.871751,43477.429,1
87.996006,15.870256,6980.849,1
87.994060,15.871102,2964.659,1
88.146866,15.870326,2183.887,1
88.229047,15.871774,9574.397,1
88.117081,15.870168,1373.877,1
88.141758,15.870646,1903.053,1
88.063938,15.873779,42744.163,1
88.238695,15.870472,677.453,1
88.220491,15.875022,83118.182,1
88.223970,15.871446,1785.786,1
88.232879,15.872829,9649.802,1
88.149633,15.871691,1744.709,1
88.029619,15.874768,30318.542,1
88.034364,15.871824,691.120,1
88.126014,15.873292,3372.108,1
88.205308,15.873854,1491.902,1
88.166536,15.873865,1007.526,1
88.003364,15.874086,1120.583,1
88.078747,15.876840,12821.693,1
88.214028,15.874891,974.497,1
88.104928,15.876736,5259.641,1
88.156556,15.876437,4444.565,1
88.217005,15.875794,690.566,1
88.212759,15.881107,5181.939,1
88.211010,15.882716,734.168,1
88.230901,15.877698,1512.803,1
88.084394,15.879971,19276.134,1
88.119974,15.877718,1189.065,1
88.137361,15.879531,1690.078,1
88.135134,15.880466,2042.321,1
88.111718,15.882272,14930.241,1
88.034382,15.880516,1995.095,1
88.057735,15.880612,1637.698,1
88.124304,15.880229,918.123,1
88.079419,15.881246,2744.806,1
88.194087,15.880615,1092.556,1
88.019585,15.882257,4573.241,1
87.992440,15.883726,38654.793,1
88.183398,15.882640,7603.418,1
88.229958,15.881516,713.057,1
88.046277,15.885616,25643.444,1
88.123813,15.882898,1134.160,1
88.123003,15.884807,985.642,1
88.016612,15.883483,1024.639,1
88.004391,15.883232,660.043,1
88.004368,15.885812,903.449,1
88.057673,15.884622,3482.412,1
87.996868,15.883623,729.766,1
88.102420,15.883987,1164.126,1
88.231830,15.885994,12696.465,1
88.154335,15.884524,1722.052,1
88.082618,15.887110,30827.636,1
88.084428,15.885790,1516.308,1
88.034267,15.884386,881.832,1
88.174110,15.885545,4323.593,1
88.171933,15.885662,2330.636,1
88.170015,15.885770,569.959,1
88.214505,15.884357,814.690,1
88.073835,15.884414,794.817,1
88.031255,15.884184,645.378,1
88.076710,15.888073,33575.628,1
88.146041,15.885274,1953.537,1
88.019080,15.885702,2496.424,1
88.241896,15.885300,748.600,1
88.236341,15.888231,33710.351,1
88.238299,15.889067,811.001,1
88.089975,15.885798,866.784,1
88.087768,15.887059,1845.788,1
88.127909,15.886671,1791.039,1
88.142641,15.888064,7357.171,1
88.229553,15.888533,3365.013,1
88.186166,15.888526,4671.188,1
88.133035,15.888839,1980.198,1
88.130429,15.889179,1804.084,1
88.135019,15.889363,800.103,1
88.170808,15.888354,1515.406,1
88.069598,15.888308,1058.187,1
88.062788,15.889360,1316.622,1
88.193109,15.889790,2104.166,1
88.148817,15.890221,1594.670,1
88.066216,15.890937,2643.878,1
87.991513,15.890075,1201.920,1
88.105500,15.892023,4255.907,1
88.229812,15.891507,1246.166,1
88.046778,15.893114,9738.479,1
88.109696,15.891995,1113.313,1
88.032748,15.892198,1775.503,1
88.194199,15.892534,1525.601,1
88.244048,15.892603,579.856,1
88.162912,15.895512,14649.907,1
88.162218,15.893572,1027.289,1
87.992399,15.893529,1783.240,1
88.209368,15.892993,1061.422,1
88.241706,15.894358,4810.816,1
87.998368,15.893330,1162.039,1
88.131373,15.893242,843.889,1
88.132783,15.894588,2062.419,1
88.076597,15.896578,24322.490,1
88.169696,15.894041,1177.843,1
88.028487,15.895500,6006.186,1
88.190261,15.896078,4564.058,1
88.208582,15.896710,7723.403,1
88.010055,15.896335,2593.539,1
88.106701,15.897920,4786.187,1
88.197980,15.897247,2864.953,1
88.102130,15.898660,13990.468,1
88.233617,15.897627,1330.239,1
88.043151,15.899196,3353.334,1
88.183853,15.901132,17490.739,1
88.241416,15.900138,4731.299,1
88.095941,15.898651,819.735,1
88.203441,15.899059,1201.008,1
88.125349,15.899372,1287.944,1
88.014250,15.903884,95190.403,1
88.013767,15.906281,5599.096,1
88.020898,15.901086,7716.732,1
88.217698,15.904155,48717.388,1
88.209355,15.902196,13008.895,1
87.994879,15.901377,4023.104,1
88.229146,15.901162,2093.730,1
88.219524,15.901779,2025.434,1
88.244370,15.902061,1238.631,1
88.205808,15.902044,1583.472,1
88.154724,15.901839,1159.416,1
88.035268,15.902062,1360.011,1
88.081260,15.902139,658.361,1
88.091226,15.903347,3779.054,1
88.233593,15.905478,15452.221,1
88.235216,15.906499,659.438,1
88.198299,15.904776,7487.094,1
88.018007,15.904749,3776.835,1
88.076889,15.906057,27055.671,1
88.142500,15.906398,13632.927,1
88.225038,15.905630,3191.906,1
88.214113,15.904717,1785.891,1
88.240826,15.905467,2483.432,1
88.207543,15.905514,2709.857,1
88.136681,15.905593,2656.439,1
88.139137,15.905032,1090.947,1
87.992382,15.906057,2268.019,1
88.159433,15.905415,791.569,1
88.021011,15.905350,712.562,1
88.117933,15.909688,41511.391,1
88.119831,15.909294,2774.220,1
88.202291,15.908752,7704.775,1
88.166914,15.908013,2836.692,1
88.096196,15.910655,17392.112,1
88.018410,15.908594,1486.547,1
88.227865,15.910339,3812.141,1
88.227917,15.912719,3829.787,1
88.010591,15.908822,874.863,1
88.148992,15.910229,2564.738,1
88.173331,15.910040,1504.958,1
88.161143,15.910851,5274.593,1
88.084173,15.911927,5594.647,1
88.233211,15.911208,1461.061,1
88.066270,15.911447,1927.486,1
87.998551,15.915268,45721.035,1
88.050685,15.912191,887.906,1
88.110461,15.915363,28581.734,1
87.998656,15.912493,760.901,1
88.038434,15.913057,1209.451,1
88.176064,15.915995,28260.948,1
88.028241,15.914921,9408.530,1
88.153102,15.914808,4933.872,1
88.079053,15.914332,1822.032,1
88.222686,15.914928,7259.986,1
88.231476,15.916453,18306.624,1
88.229521,15.917299,6748.619,1
88.216817,15.916864,29087.040,1
88.163343,15.916950,31858.864,1
88.165129,15.915436,1668.375,1
88.190915,15.917613,25162.012,1
88.174336,15.918589,34145.210,1
88.126963,15.919883,53203.623,1
88.142077,15.915948,588.984,1
88.144385,15.916680,876.021,1
88.064679,15.917543,1743.655,1
88.139464,15.919721,29579.533,1
88.123674,15.918959,4545.681,1
88.115035,15.918205,1685.545,1
88.216456,15.919533,6315.360,1
88.023852,15.920296,10458.106,1
88.087778,15.919859,3854.911,1
88.239995,15.918679,615.765,1
88.135946,15.919949,1746.140,1
88.192840,15.921448,4543.582,1
88.191439,15.926096,73094.114,1
88.192385,15.923795,8125.906,1
88.081268,15.920580,1503.620,1
88.026219,15.923462,15523.018,1
88.200773,15.922150,3837.816,1
88.201557,15.923836,3761.393,1
88.204580,15.927299,64177.194,1
88.035094,15.922613,720.110,1
88.137677,15.923524,1713.087,1
88.126838,15.924804,9579.303,1
88.185307,15.925274,4766.412,1
88.016679,15.923029,706.248,1
88.017183,15.925311,7120.237,1
88.134279,15.924014,1409.471,1
88.243773,15.925282,3559.295,1
87.991720,15.923993,1125.572,1
88.045084,15.924621,650.785,1
87.998151,15.924992,1091.885,1
88.220682,15.925723,3207.787,1
88.034936,15.926687,3855.969,1
88.156703,15.925832,2273.167,1
88.063718,15.928429,30348.939,1
88.101787,15.926456,1150.346,1
88.028792,15.927400,5114.097,1
88.115891,15.929516,39122.125,1
88.212755,15.926726,2516.540,1
88.241369,15.927526,1477.766,1
88.240480,15.929175,1506.890,1
88.211808,15.930011,34399.264,1
88.232831,15.930843,39380.456,1
88.218786,15.928231,2282.279,1
88.151730,15.930541,4137.282,1
88.093917,15.930022,1841.594,1
88.180031,15.933624,48675.791,1
88.116168,15.934845,28527.331,1
88.025730,15.933162,4902.124,1
88.176817,15.932774,1159.185,1
88.118332,15.932790,780.160,1
88.063484,15.934232,3700.564,1
88.154683,15.934715,2875.067,1
88.181179,15.936099,2649.146,1
88.195663,15.940085,15242.807,1
88.196785,15.941611,7185.534,1
88.080060,15.935746,975.280,1
88.077465,15.936749,2359.010,1
88.225460,15.936970,1576.186,1
88.071506,15.937711,3415.504,1
88.046423,15.942449,117581.481,1
88.240313,15.937456,1515.997,1
87.995618,15.943453,72994.452,1
88.038156,15.939343,1541.647,1
88.117946,15.942193,25985.310,1
88.186862,15.941591,3503.592,1
88.030548,15.940024,719.572,1
88.176334,15.941509,1065.092,1
88.062164,15.943874,14900.635,1
88.230153,15.942998,1350.877,1
88.243522,15.942874,1211.206,1
88.032696,15.943217,1104.556,1
88.181055,15.944374,2731.140,1
88.048993,15.943416,1100.004,1
88.239289,15.945322,6677.099,1
88.006694,15.944166,1506.264,1
88.057897,15.947097,36365.558,1
88.189296,15.944993,3752.324,1
88.136428,15.945843,8495.300,1
88.138631,15.946888,813.745,1
88.011080,15.944270,889.096,1
88.042904,15.944699,1604.612,1
88.072960,15.946079,4758.366,1
88.141538,15.945374,855.405,1
88.094559,15.946886,3779.698,1
88.100690,15.946355,1170.355,1
88.099451,15.948203,776.319,1
88.244650,15.950507,nan,1
88.089194,15.947026,691.676,1
88.225822,15.948865,1993.022,1
88.112707,15.947329,683.035,1
88.141753,15.950027,10407.501,1
88.143773,15.951766,916.166,1
88.148505,15.951217,40285.448,1
88.179630,15.949265,3308.338,1
88.151955,15.950781,11531.121,1
88.019228,15.948074,751.800,1
88.221266,15.948948,1289.154,1
88.048354,15.949686,2812.160,1
88.006692,15.950555,4013.951,1
87.991473,15.950076,1225.520,1
88.200429,15.950104,811.325,1
88.063347,15.951593,4033.475,1
88.063994,15.953765,679.540,1
88.090148,15.950657,600.791,1
88.003987,15.951991,3216.973,1
88.040514,15.951531,812.008,1
88.177630,15.954281,17469.826,1
88.162535,15.951815,1349.918,1
88.098227,15.953660,5727.740,1
88.181223,15.951906,670.022,1
88.153865,15.953954,3848.859,1
88.090545,15.953510,1499.174,1
88.195543,15.954573,6264.062,1
88.043539,15.955045,4625.068,1
88.157927,15.954521,814.547,1
88.032862,15.956944,12205.830,1
88.165861,15.954180,624.601,1
88.050366,15.959423,8812.921,1
88.005498,15.958098,1377.476,1
88.022314,15.958572,4141.598,1
88.190620,15.958547,2422.300,1
88.230601,15.958714,3388.015,1
88.164338,15.958318,822.675,1
88.166770,15.958675,1310.830,1
88.144585,15.958705,606.068,1
88.064932,15.961721,10943.827,1
88.053626,15.959677,1265.600,1
88.104466,15.961204,5911.166,1
88.067162,15.959873,1206.556,1
88.242577,15.959435,644.690,1
88.109295,15.962582,12322.632,1
88.212457,15.960517,1212.859,1
88.230809,15.961534,3242.420,1
88.096800,15.962143,5922.785,1
88.170285,15.961735,1642.270,1
88.032807,15.963179,7970.696,1
88.218759,15.964571,28668.882,1
88.086185,15.963452,8043.725,1
88.153647,15.962228,1106.323,1
88.204716,15.962767,737.464,1
88.143973,15.963196,775.461,1
88.198139,15.965069,8586.319,1
88.194877,15.966863,33017.665,1
88.179606,15.965612,5662.080,1
88.060148,15.964350,1297.452,1
88.134471,15.964783,2583.955,1
88.081522,15.964833,1491.005,1
88.090554,15.966900,14281.721,1
88.034692,15.968400,47591.001,1
88.032543,15.968506,949.872,1
88.035501,15.964268,831.337,1
88.044592,15.968786,26189.814,1
88.179119,15.969549,39911.746,1
88.163351,15.969700,30528.561,1
88.021400,15.966893,1012.404,1
88.140838,15.968405,2095.756,1
88.027505,15.967620,1146.850,1
88.025281,15.968997,1090.600,1
88.184788,15.969226,6944.473,1
88.057746,15.967087,687.424,1
88.170760,15.967377,646.094,1
88.012046,15.968203,1197.293,1
88.172409,15.970884,18611.103,1
88.057490,15.970060,2963.020,1
88.197490,15.970752,5111.735,1
88.027049,15.971048,1765.731,1
88.216733,15.972122,3076.712,1
88.166995,15.972825,10127.403,1
88.119286,15.972898,9057.695,1
88.038539,15.975077,52972.278,1
88.240394,15.973956,16127.907,1
88.145565,15.976158,86980.814,1
88.170485,15.973159,2675.478,1
88.137872,15.971906,775.790,1
88.201324,15.972691,2048.258,1
88.088631,15.974898,20046.292,1
88.116345,15.972305,654.349,1
88.107997,15.973605,2627.295,1
88.062068,15.977808,154946.740,1
88.061824,15.979879,1905.398,1
88.016347,15.974564,3654.472,1
88.031870,15.974432,2018.561,1
88.029682,15.974098,1532.299,1
88.031322,15.976172,5670.403,1
88.028769,15.976349,2550.997,1
88.094751,15.974686,809.278,1
88.002467,15.976423,6849.663,1
88.128568,15.975111,882.236,1
88.066292,15.976094,1472.531,1
88.194820,15.975889,941.586,1
88.203186,15.978516,16604.049,1
88.169465,15.978854,24609.876,1
88.242856,15.977185,4312.406,1
88.011048,15.977092,1438.383,1
88.230659,15.976391,856.028,1
88.188773,15.977800,2013.056,1
87.993168,15.977909,2838.643,1
88.239443,15.978563,3213.458,1
88.016341,15.978481,2541.483,1
88.098282,15.977445,956.391,1
88.080383,15.976967,595.968,1
88.201883,15.981440,44637.953,1
88.216227,15.978125,1390.468,1
88.018992,15.979345,2901.578,1
88.068543,15.981138,5776.139,1
88.229432,15.981661,13241.565,1
88.173550,15.982100,11191.897,1
88.092174,15.981467,1732.736,1
88.244928,15.981500,nan,1
88.155515,15.983397,12019.216,1
88.195584,15.981763,1428.416,1
88.068655,15.984176,21936.962,1
88.081392,15.984259,11812.285,1
88.079069,15.983027,992.388,1
88.126330,15.982622,1339.341,1
88.037239,15.985154,20578.676,1
88.014814,15.982760,1385.794,1
87.991957,15.985307,27509.724,1
88.118291,15.987860,86500.509,1
88.214635,15.983686,1666.049,1
88.189958,15.983154,662.432,1
88.170300,15.985340,4427.235,1
88.006805,15.983825,651.107,1
88.224087,15.983998,712.649,1
88.089130,15.985117,1401.063,1
88.221221,15.987092,2773.194,1
88.050102,15.986445,713.856,1
88.182435,15.989497,22858.087,1
88.187580,15.990265,19333.636,1
88.166681,15.990007,7328.186,1
88.198802,15.991580,36052.572,1
88.081735,15.989248,2055.199,1
88.232083,15.991755,21451.460,1
88.229401,15.991667,10576.603,1
88.001432,15.989605,1744.308,1
88.143713,15.991673,19999.153,1
88.015537,15.989045,714.586,1
88.201604,15.990832,3782.530,1
88.127058,15.990894,3704.429,1
88.092270,15.990836,2126.517,1
88.105555,15.991056,1619.444,1
88.057000,15.992531,8986.133,1
88.066541,15.992702,7966.457,1
88.165529,15.992894,8520.135,1
88.171590,15.991561,789.377,1
88.014262,15.993359,8572.837,1
88.005667,15.992891,2888.753,1
88.157175,15.992312,2120.114,1
88.185324,15.992947,1599.116,1
88.186645,15.994567,1375.619,1
88.210569,15.995584,8118.085,1
88.038380,15.993927,771.676,1
88.232009,15.998401,60392.999,1
88.220650,15.995603,2090.864,1
88.166048,15.995611,4255.615,1
88.164299,15.996317,3666.450,1
88.193494,15.994736,809.637,1
88.244673,15.994535,nan,1
88.024634,15.995317,843.868,1
88.153957,15.996546,985.827,1
88.215765,15.996150,629.121,1
88.217788,15.997104,747.821,1
88.042846,15.998904,14576.904,1
88.053397,15.997486,1965.374,1
88.165303,15.999468,16884.025,1
88.239379,15.997190,1176.401,1
88.065008,15.997291,672.424,1
88.225176,16.002835,92105.503,1
88.080216,15.998597,740.850,1
88.214085,16.000280,7441.728,1
88.208720,15.999830,1345.874,1
88.142038,16.002151,7882.207,1
88.026810,16.000961,1784.522,1
88.050545,16.001107,2351.849,1
88.122998,16.001552,2116.046,1
88.196199,16.006399,75553.437,1
88.224512,16.006208,34693.713,1
88.208266,16.002811,3370.797,1
88.043450,16.004539,14886.642,1
88.020869,16.004424,13278.384,1
88.069113,16.003993,4055.944,1
88.084076,16.003716,2293.484,1
88.117179,16.002836,776.631,1
88.049787,16.004052,2536.258,1
88.052215,16.003532,918.150,1
88.054076,16.004322,1903.392,1
88.216268,16.006829,nan,1
88.004285,16.004775,729.015,1
88.168583,16.005363,1006.316,1
88.104710,16.005785,835.204,1
88.239267,16.007308,nan,1
88.037595,16.007259,nan,1
88.203877,16.007355,nan,1
