#mjd: 58408.27198
#filter: B
#airmass: 1.842
#seeing: 2.18874861
#m5sigma: 20.4434
#exptime: 30.0
#night: ut181016
#ra dec flux fluxerror
88.201884,15.751358,3190.616,48.013346613546
88.044503,15.753379,20876.559,105.40747380013
88.089608,15.751870,1381.216,49.801831683388
88.003225,15.753209,8683.173,51.178084861293
88.002581,15.755932,926.728,51.188046640948
88.015539,15.754730,14445.064,80.775642579988
88.194562,15.753227,3180.171,52.451548148522
88.171055,15.752623,758.648,51.427192831293
88.035159,15.755414,6637.404,69.674685388804
88.147074,15.755435,4637.604,56.460215572115
88.063561,15.756681,11112.195,66.371093222328
88.066164,15.758268,3908.267,66.356264531697
88.070666,15.756881,5829.147,71.938218473268
88.089311,15.756255,3310.667,56.244374798655
88.052691,15.756660,4183.239,62.709515488748
88.041610,15.758260,6517.580,59.970758280264
88.099183,15.758639,14546.478,81.373472315407
88.074570,15.758949,8408.024,73.636358481331
88.212079,15.757049,657.315,43.435765279529
88.246058,15.758081,2271.476,49.384081414919
88.107451,15.757931,1027.024,44.411106255642
88.016479,15.761445,25481.963,114.21354478419
88.027173,15.758721,862.758,44.457999714214
88.175171,15.762735,25437.436,82.301582927009
88.085169,15.759862,1721.598,46.579721426509
88.082668,15.761579,678.933,46.563493905293
88.065454,15.761945,8282.613,61.563121404736
88.024573,15.763859,52378.341,155.00684721756
88.117483,15.760955,1065.002,45.622208140801
88.230581,15.761547,1142.810,43.854199111324
88.169495,15.761757,1042.037,46.259017017758
88.246744,15.762190,1573.664,49.001710229406
88.217033,15.763138,1115.314,49.479463368653
88.001087,15.764093,2077.613,46.265661277898
88.118557,15.764327,2343.121,48.975261867742
88.120098,15.765510,1215.595,48.965379656672
88.019953,15.764695,2485.866,49.477237245507
88.048515,15.765404,3476.307,56.680399199129
88.130104,15.765553,2294.909,50.752671607074
88.091197,15.766063,1780.008,50.097422060574
88.077688,15.765308,777.595,52.237127037359
88.078683,15.766916,2703.830,52.221956225444
88.197534,15.768310,8874.639,61.243668582546
88.185779,15.767125,1930.694,44.964067988661
88.099313,15.767485,1188.304,47.918980193971
88.159320,15.767576,1167.990,51.989782511686
88.038193,15.768881,4369.083,56.234497158977
88.168459,15.768914,4880.191,60.929656596655
88.105403,15.768042,1054.696,50.812801566928
88.106932,15.770104,1886.807,50.824093635222
88.010922,15.770288,2776.402,50.933651500132
88.013691,15.771849,1196.695,50.906771080444
88.036774,15.774785,42519.081,159.89430200921
88.235670,15.771383,3826.068,57.738020621478
88.149391,15.771495,3588.428,53.224885794468
88.049868,15.770539,986.600,49.166284787478
88.072848,15.773340,7641.634,74.760512480191
88.168327,15.772761,4389.924,59.821592763779
88.007954,15.772771,5288.301,65.342675891864
88.199446,15.771021,879.857,44.355479761035
88.081858,15.771394,726.451,222.65552372071
88.146143,15.773980,4341.424,57.437382142843
88.203896,15.772819,812.646,45.030102710676
88.207000,15.773722,1148.488,45.035722276955
88.048986,15.776471,12518.676,81.776155467633
88.216954,15.776734,6244.666,65.224237442034
88.206248,15.776903,3263.791,52.975940563173
88.045682,15.776624,3581.783,54.506671273838
88.020016,15.778259,13672.905,71.967469711191
88.227846,15.776903,1707.675,46.813280053409
88.007104,15.778942,12698.329,79.037280295157
88.241332,15.778379,2404.982,52.976345792413
88.142063,15.777746,1057.017,48.972710126811
88.157506,15.777361,1001.140,45.506847002043
88.053985,15.778375,1300.787,49.833862884274
88.164361,15.781942,43782.794,130.71659537990
88.011892,15.780090,4003.973,53.364844729330
88.150095,15.779024,891.165,42.287076645533
88.000408,15.780881,2252.673,49.653483012914
88.222305,15.784002,30049.499,99.861841379191
88.233700,15.781231,1720.710,54.293959928057
88.068446,15.784244,32369.354,129.94633930558
88.012775,15.785800,45079.751,134.99286211591
88.147699,15.782113,1007.420,45.323221139357
88.200608,15.782143,855.239,44.797044248830
88.122660,15.784426,6094.846,65.683996556548
88.017897,15.787091,21643.706,101.47602610869
88.179730,15.785236,3472.195,57.123740769028
88.145293,15.787017,10571.882,74.330743629704
88.071518,15.785789,2350.311,59.149895983523
88.104748,15.785738,3052.559,49.908955707550
88.162720,15.786595,6222.796,62.590742232409
88.001586,15.784947,889.533,53.245707105331
88.004168,15.786767,4489.871,53.232641010286
88.135267,15.785383,899.702,53.028324821986
88.201579,15.785713,847.095,52.018750734785
88.113008,15.787622,5511.059,53.891811469277
88.128504,15.786698,2511.489,48.734398011156
88.089533,15.786453,1101.690,48.134509522057
88.192982,15.788440,8559.494,54.510766845188
88.191166,15.787703,1065.752,54.520649121264
88.062009,15.786010,854.001,52.527488550448
88.057693,15.787267,2284.923,50.736732520231
88.141187,15.790768,49167.497,135.70036083993
88.003977,15.790412,27825.984,98.469057151809
88.043688,15.787836,901.333,49.910750534007
88.221240,15.789169,3337.884,54.157353128372
88.133891,15.789473,3627.565,48.700044743379
88.021067,15.789477,3123.103,54.602943697468
88.130544,15.795276,17549.538,76.17779735141
88.150043,15.789599,1113.928,50.066304762733
88.147372,15.790364,1641.367,50.080311806960
88.230134,15.790402,1392.450,46.944573766691
88.000616,15.794335,25797.029,106.92430911211
88.123587,15.792330,7749.057,66.263065950239
88.218767,15.793562,11393.023,86.089665550162
88.161663,15.792293,1717.151,48.839417417510
88.019066,15.792485,2112.614,53.429780230553
88.082154,15.792492,1036.679,51.053911872664
88.188923,15.794681,6720.694,56.733016615483
88.172703,15.794034,1250.036,52.280442771924
88.175319,15.795767,4143.603,52.260842243045
88.192594,15.796159,26033.586,97.236233242626
88.118511,15.795102,2244.867,54.148141927695
88.083222,15.796841,11111.317,78.421621422387
88.006663,15.796277,4121.717,64.599084589412
88.224600,15.794654,793.078,44.538320300117
87.997027,15.795167,1011.504,45.438527840388
88.169231,15.797150,1446.910,46.043428586852
88.151673,15.799341,9791.255,53.737333555371
88.151687,15.797490,802.944,53.742145238499
88.071705,15.798079,1642.073,40.617581486612
88.120846,15.798439,3418.906,49.590831887382
88.123766,15.798473,839.554,49.570161005867
88.206373,15.798507,2985.599,49.409485618569
88.189579,15.798408,2143.490,46.168392321133
88.129956,15.799782,7264.984,56.097322495666
88.096886,15.800634,9075.414,76.011416638551
88.043874,15.800807,6061.242,68.108872010232
88.102138,15.802709,9670.101,115.84760388922
88.103044,15.805338,50919.936,115.83154683485
88.158669,15.801956,1609.324,46.389325350157
88.040173,15.803049,4400.307,59.437290317753
88.024834,15.805860,52712.261,159.83656455127
88.238862,15.802920,4441.716,61.570702898085
88.171516,15.803028,4205.605,55.115994097548
88.226055,15.803960,4696.608,56.674033598737
88.187120,15.806491,44291.917,151.01645751298
88.177175,15.805952,16172.740,97.878154267714
88.136667,15.804873,7624.825,71.637699380138
88.031181,15.803671,1886.670,47.413386787292
88.033537,15.804714,1086.300,47.392555611152
88.167441,15.803491,993.220,46.403099385620
88.165137,15.804609,2067.349,46.414175124175
88.129653,15.808237,25796.690,101.23731562454
88.208232,15.806787,3746.320,53.473306325062
88.099967,15.807244,2187.260,56.257821119002
88.097846,15.808551,11306.211,56.255229871494
88.143451,15.806929,1322.504,46.957762945291
88.006244,15.807450,2019.759,66.465065953763
88.008029,15.808773,13855.235,66.451752831229
88.242820,15.807390,1090.400,50.986221587329
88.016388,15.808839,4344.039,55.421214660334
88.160938,15.809891,12879.664,72.298277796529
88.171805,15.807801,787.027,44.921898154936
88.157639,15.808258,1913.536,45.662818779071
88.155856,15.810131,879.368,45.695785733282
88.067341,15.808497,1747.989,49.958843703336
88.102170,15.810141,5575.903,51.151468958063
88.102368,15.812826,1298.506,51.157312525440
88.121808,15.810767,8947.821,70.654191704532
88.107450,15.809754,1156.510,44.423505045709
88.142708,15.813560,16434.986,96.425882104302
88.024365,15.813026,6884.024,71.997231904163
88.010878,15.813412,12532.610,80.036935672456
88.087211,15.811579,850.605,47.125744207230
88.212865,15.812276,1803.806,46.907286867009
88.162374,15.814412,12857.126,79.578172665371
88.175291,15.814632,10821.676,73.752226228780
88.198690,15.811959,651.909,46.784376337845
88.180640,15.814249,6987.293,52.893062462733
88.166183,15.814693,8035.994,51.109932732402
88.168065,15.814282,710.211,51.092180831018
88.046278,15.817255,70677.246,191.11811882806
88.171865,15.814866,5404.775,51.884851401204
88.170843,15.816613,1904.870,51.898603020401
87.995834,15.814881,nan,55.298554838798
88.050763,15.814722,5219.899,91.514476169700
88.079873,15.816989,33191.959,91.453440642140
88.077275,15.816444,894.555,48.752642981426
88.146197,15.813526,742.972,75.670841542188
88.104920,15.816507,14976.808,49.254356552029
88.229937,15.815477,1576.883,49.175390120167
88.040454,15.815624,826.406,45.619011243621
88.205013,15.815698,897.479,54.408534401549
88.093353,15.816324,1976.770,89.323395480052
88.160982,15.818608,16406.655,55.740878630137
88.157317,15.817313,3387.289,50.066768874488
88.153252,15.816096,1145.472,50.637333348425
88.088515,15.816179,1326.387,52.013557205997
88.002399,15.815721,670.264,76.233254904841
88.007431,15.819883,17472.388,76.293845807427
88.004903,15.820643,8109.355,76.208806983748
88.010294,15.821113,4854.042,56.100955080457
88.074238,15.818089,3014.150,92.443677106390
88.245540,15.821064,21618.333,55.323958204063
88.183089,15.819499,5994.723,52.582801692089
88.050698,15.819484,3338.801,52.624621058444
88.070715,15.819464,3909.045,46.002381349849
88.189077,15.819131,1201.822,107.09627115103
88.072992,15.821945,28122.357,56.194986995234
88.094351,15.819792,1253.101,44.069743497218
88.103292,15.820326,957.035,54.184606714482
88.110791,15.821632,2189.431,47.877777863086
88.123777,15.821645,2972.414,54.291088614323
88.034802,15.822730,2426.672,46.103272530238
88.214245,15.822644,1223.320,63.688537234923
88.248112,15.824064,6563.621,59.296988878423
88.018306,15.823622,3019.076,58.838158207382
88.229241,15.824465,4446.489,44.908840126261
88.085289,15.823365,706.431,50.495937314119
88.241425,15.824624,1185.006,55.728457251580
88.039147,15.825811,1329.980,47.366879963814
88.131179,15.826123,662.754,45.734818941452
88.063863,15.826222,995.454,54.305141168632
88.089245,15.827764,3077.807,64.041430178664
88.181739,15.829356,12941.234,64.044461820231
88.183368,15.830504,1184.318,53.511782678414
88.109039,15.827963,970.882,46.082928141033
88.103398,15.828994,1570.410,68.426991907811
88.187445,15.829966,8162.465,54.940407630694
88.050179,15.828014,1077.144,70.346303672157
88.068566,15.830295,9416.876,44.129854117948
88.039924,15.829527,655.611,52.674001954092
88.178195,15.830339,2108.866,53.081511480064
88.174904,15.829400,872.586,53.135071881096
88.175099,15.832245,7171.112,48.068121922488
88.134373,15.830133,753.711,51.735196759777
88.036083,15.831339,2679.173,51.508515777608
88.201573,15.832619,5630.413,51.469825361390
88.198572,15.832084,687.806,48.564094747891
88.166340,15.831228,1591.062,78.484270452821
88.105696,15.836139,14158.362,53.955366783275
88.023333,15.835235,4319.763,46.292182549178
88.057064,15.833488,742.482,46.190343479831
88.168911,15.834187,797.806,101.87962311748
88.195050,15.838234,29506.915,51.007513196039
88.036313,15.835339,2240.839,53.757779928756
88.223771,15.836505,3782.722,57.739062567849
88.238755,15.835779,2106.931,48.479428051905
88.071188,15.835234,795.443,52.319913512378
88.210780,15.836954,4398.157,84.071279611546
88.012075,15.838197,8564.381,51.802155141372
88.101273,15.837485,4745.510,118.70361177565
88.079472,15.839631,31002.067,59.355139247458
88.046145,15.839763,5533.647,74.356633275797
88.075310,15.841238,18224.482,74.410795665942
88.076560,15.842603,2316.052,40.510183848803
88.228373,15.838826,834.739,160.29420139887
88.001646,15.842672,52337.972,47.740940924230
88.203373,15.840269,1904.228,45.549403503106
88.189691,15.839951,1007.735,117.79774547594
88.122492,15.843407,34939.913,47.665399691792
88.057671,15.841308,2139.411,47.702764818082
88.059399,15.842251,3126.988,43.021280112466
88.039948,15.840067,597.966,50.111152480534
88.165641,15.841165,1076.113,84.341625351702
88.068070,15.843845,16792.771,55.246533463836
88.013871,15.841263,1029.217,69.381123106411
88.024777,15.842570,4926.986,45.135077658388
88.185364,15.841150,1004.582,85.570060870768
88.036095,15.844380,18431.637,49.167318218706
88.052900,15.841782,1227.116,55.733332439707
88.132861,15.844130,5032.262,50.237609537721
88.234890,15.843308,1819.652,51.109676319022
88.143432,15.843096,1733.720,52.055056669431
88.181213,15.844205,2807.102,39.690770745580
88.240929,15.843123,776.149,46.674278890409
88.119181,15.843674,1177.433,66.235784893709
88.051069,15.845274,5118.571,62.405459491878
88.104166,15.845855,4492.280,61.341454550347
88.169909,15.846755,5112.991,52.074496923632
88.047132,15.846545,1572.383,46.700566052760
88.080069,15.846354,1204.470,50.387978553328
88.144451,15.847088,1488.374,55.195379185414
88.147943,15.848720,4511.842,59.687996464048
88.132038,15.848931,7241.120,46.312389974184
88.053927,15.847509,1071.138,67.248472125581
88.012408,15.848932,4164.391,55.361042702042
88.158899,15.848773,1757.891,194.53269195600
88.129975,15.852129,80233.163,50.121446929342
88.246190,15.849261,2772.302,49.063623482329
88.152071,15.849052,1822.475,70.920829582207
88.027466,15.851001,8402.283,52.216680749111
88.219272,15.850125,1308.217,47.368779695072
88.185016,15.850143,935.234,48.284709390393
88.098121,15.850283,1705.334,49.935524494947
88.001619,15.850259,1583.456,155.74647868143
88.225714,15.853822,39604.213,47.329744600159
88.174266,15.851346,1846.549,46.761866290621
88.017569,15.853095,1581.572,46.770725342002
88.014531,15.854202,1314.500,45.339438620374
88.147160,15.853175,1828.192,82.342675527043
88.071767,15.855414,20137.580,56.824043734983
88.183354,15.853584,2356.315,63.984102211510
88.086340,15.854620,6023.573,73.736335491457
88.167725,15.856056,4276.726,73.826788716829
88.166497,15.857491,12243.067,58.879711312022
88.175700,15.856109,6030.906,58.879436196072
88.177772,15.856639,4041.192,59.005783080158
88.177613,15.859118,741.269,54.981908749863
88.045769,15.854012,877.423,47.718153965908
88.162970,15.853849,758.938,50.019729835212
88.136126,15.855011,1397.559,44.584808552878
88.207544,15.855726,2247.271,53.220418247551
88.140503,15.855271,1833.970,65.729571165234
88.003540,15.857060,5355.068,50.197958959538
88.124852,15.855712,1093.541,50.197724985809
88.127704,15.855804,828.112,53.042289732915
88.096661,15.856309,3450.918,105.95422611538
88.196379,15.860493,22443.778,55.408838462320
88.026230,15.857142,2532.087,92.156044683932
88.080512,15.859012,16474.853,50.125514688310
88.100750,15.856841,2138.972,64.744558216975
88.034381,15.859410,14438.079,64.805316006665
88.032063,15.859381,7247.440,64.849770101147
88.030450,15.860829,2899.385,88.549156107325
88.040911,15.859793,15167.527,65.533502969682
88.108453,15.859422,8621.082,45.515858801572
88.217320,15.857500,806.115,42.743277412972
88.037503,15.857748,785.791,88.394570601509
88.151760,15.862302,17009.472,49.247029658783
88.232073,15.860699,2816.012,50.612819029398
88.141122,15.861140,1984.239,50.566946043498
88.139207,15.860004,938.921,49.408444239012
88.099361,15.861391,3073.282,52.013484705443
88.126909,15.861478,3023.738,44.589659244396
88.220391,15.861721,1809.686,45.196616709858
88.050380,15.863672,3071.277,90.353296895747
88.179535,15.866377,18451.667,46.787036068334
88.031981,15.864266,1980.235,52.266799935566
88.082330,15.864288,1552.649,46.767657781598
88.230245,15.865376,1314.196,50.812589099874
88.198128,15.865313,1498.258,54.776245840596
88.018750,15.866615,1700.072,68.226897382863
88.244853,15.868209,8315.140,48.326293757730
88.175950,15.867726,2818.046,51.120585349331
88.163060,15.867825,2278.638,51.127881967090
88.165911,15.867595,1067.774,60.144482689787
88.029570,15.869253,5367.734,54.950107341399
88.133792,15.869509,4908.563,142.37965404280
88.198079,15.871765,35591.948,62.161610286852
87.995902,15.870217,6197.512,69.290037109023
88.229081,15.871775,7998.160,52.363934045047
88.146855,15.870318,1651.778,52.394784181461
88.149631,15.871697,1240.424,48.756256037963
88.117007,15.870214,1165.131,52.097022818184
88.141734,15.870624,1656.441,261.83436266060
88.220496,15.875034,65220.282,142.27328101515
88.063844,15.873779,33077.587,67.670013528058
88.232915,15.872841,7703.037,51.484617623558
88.223992,15.871449,1369.017,105.43537772389
88.029534,15.874740,24365.357,44.585419357262
88.125939,15.873302,2622.483,52.837079004695
88.205361,15.873880,1158.524,49.457940225126
88.166563,15.873853,832.035,48.528820336593
88.003243,15.874039,857.639,70.571035347901
88.078695,15.876865,10133.886,48.610031106026
88.214060,15.874857,793.796,56.889754096750
88.104901,15.876745,4393.024,82.737336535144
88.084337,15.879971,15483.687,47.513541184408
88.119967,15.877711,965.893,49.914562140437
88.230938,15.877714,1072.679,45.763245722350
88.137337,15.879544,1510.785,45.812032819103
88.135106,15.880476,1483.526,79.569862585263
88.111671,15.882275,11795.395,56.587823858873
88.034365,15.880510,1547.338,52.756797973682
88.079377,15.881265,2188.109,53.831089401221
88.057685,15.880594,1255.047,43.351027361783
88.194136,15.880674,909.946,70.025086493391
88.183404,15.882645,6044.195,54.740714907568
88.019483,15.882253,3770.047,54.819603167349
88.016504,15.883414,760.178,84.810479363718
88.046210,15.885600,20913.040,47.438836250780
88.123842,15.882934,909.797,47.493866210002
88.122930,15.884784,744.234,60.337681551423
88.057614,15.884607,2793.842,47.494759839171
88.102338,15.883919,841.896,76.204071201202
88.231833,15.885986,9612.257,56.560890003967
87.996829,15.883548,754.278,46.729761741561
88.154300,15.884549,1506.886,51.831620793855
88.174133,15.885567,3420.900,51.854445312119
88.171982,15.885651,2000.494,51.982733602851
88.170804,15.888367,1380.294,50.723396260880
88.034205,15.884402,828.648,92.010427584739
88.082588,15.887131,24313.946,91.994887284746
88.084385,15.885794,1317.675,48.836637182238
88.146030,15.885290,1400.669,118.25454456597
88.076669,15.888076,27317.098,55.450015909223
88.018991,15.885649,1928.570,112.80857216691
88.236347,15.888221,26404.386,63.385642428791
88.142615,15.888069,5900.177,52.311881168399
88.127869,15.886695,1646.803,49.659351086986
88.087732,15.887065,1521.044,61.898165106610
88.186152,15.888539,3942.104,45.974692329425
88.229575,15.888516,2743.884,46.057527225498
88.229844,15.891454,873.273,49.701873896241
88.069565,15.888315,893.637,52.456782494642
88.133017,15.888825,1658.631,52.412108792294
88.130417,15.889183,1605.685,49.740249461985
88.193148,15.889749,1817.263,49.730375979100
88.194236,15.892559,1287.342,46.252876787933
88.062747,15.889335,1007.643,52.829157429179
88.148803,15.890189,1374.867,50.997404335334
88.066154,15.890937,2005.438,54.248690039356
88.105484,15.892038,3339.260,67.552970297961
88.046726,15.893095,7643.763,47.076527901153
88.109666,15.891991,863.349,56.821949928347
88.032686,15.892156,1376.663,48.300145117066
88.241720,15.894328,3837.194,75.462198663676
88.162884,15.895518,11893.194,75.248483802040
88.162189,15.893554,1049.490,50.159032681302
87.998339,15.893283,1011.300,49.204795412861
88.169746,15.894048,1098.840,65.718913005423
88.028437,15.895457,4651.650,85.413039118925
88.076564,15.896635,20044.778,51.211894080092
88.132757,15.894579,1811.842,60.669312203768
88.208595,15.896704,6410.694,47.866584193363
88.190277,15.896101,3789.325,54.602784586178
88.009989,15.896296,2259.455,51.106208614161
88.198008,15.897226,2560.709,91.678441999178
88.102082,15.898657,10754.379,65.043508091285
88.106675,15.897927,3702.356,46.842079953558
88.233680,15.897602,1004.293,53.213708628356
88.043109,15.899185,2576.300,87.178824774196
88.183865,15.901155,14484.546,54.858422498815
88.241443,15.900132,3999.115,49.402647999231
88.203497,15.899037,885.854,48.541882772649
87.995211,15.897704,nan,218.06504902005
88.125350,15.899430,1340.613,217.80976012313
87.994878,15.901320,nan,140.38976165210
88.217873,15.903980,39502.831,140.49047266619
88.219513,15.901767,1616.031,78.974534437376
88.014179,15.903851,74350.639,53.987530019743
88.013691,15.906230,4479.686,48.344820605179
88.209355,15.902189,10719.076,51.133250006443
88.229164,15.901146,1765.126,52.393545052961
88.154722,15.901899,979.045,53.306691336407
88.035201,15.902048,942.280,53.281457226981
88.163291,15.901425,791.669,46.211544948765
88.244292,15.902026,992.652,60.140947511914
88.246820,15.903694,4952.921,64.265346497409
88.205865,15.902092,1245.593,90.865560220645
88.091178,15.903346,3019.031,49.833384319866
88.233610,15.905451,12541.233,76.182616562321
88.235260,15.906530,518.184,50.075526520768
88.198303,15.904791,6302.187,52.299807621400
88.076830,15.906040,21406.592,53.664002540394
88.017965,15.904694,2964.685,51.031694580572
88.142487,15.906399,11156.229,51.084808489275
88.214169,15.904735,1445.952,47.125018719234
88.225038,15.905621,2582.477,136.77681151469
88.240887,15.905460,2106.708,64.180828435315
88.136683,15.905597,2176.000,51.278982649090
88.139137,15.905092,926.315,69.438880004261
88.207567,15.905517,2250.800,46.035512647251
88.117988,15.909671,32568.927,51.818206890878
88.202303,15.908743,6229.510,51.867848067983
88.166954,15.908058,2231.452,50.667174112795
88.096150,15.910658,13986.916,52.041643966099
88.018336,15.908565,1126.265,52.859145907915
88.227857,15.910318,3117.123,49.103163734573
88.227944,15.912704,3237.945,60.915876540101
88.010464,15.908748,835.716,52.766210215017
88.149010,15.910232,2046.879,49.297280973189
88.161143,15.910831,4227.619,132.39478176090
88.173361,15.910071,1032.610,89.195651583097
88.084122,15.911932,4374.777,103.87075094208
88.066264,15.911428,1556.528,46.338532792511
88.233279,15.911204,1115.180,61.243454988673
87.998468,15.915206,37476.058,132.95083678330
88.050524,15.912110,1090.250,132.99568660175
88.110432,15.915357,22988.589,60.831324757275
88.038379,15.913087,1017.365,74.731324408677
88.153091,15.914815,3959.214,80.085077357902
88.176047,15.916000,22804.611,80.014766246578
88.174327,15.918584,27537.715,92.244347789596
88.222685,15.914915,6126.593,92.258772778505
88.028202,15.914887,7429.242,58.082540882557
88.231473,15.916448,14612.366,117.38548320401
88.229534,15.917290,5650.401,117.44935573759
88.163325,15.916966,25600.686,108.55165840137
88.165141,15.915514,1365.979,164.10227122175
88.079040,15.914361,1531.394,107.91109164830
88.216817,15.916862,24217.332,49.265968475488
88.216449,15.919523,5127.116,45.915981770238
88.190903,15.917608,20258.514,56.929551448405
88.126935,15.919894,42109.696,76.796240116501
88.139453,15.919730,23987.862,58.209155785203
88.064673,15.917602,1143.443,48.709742462969
88.114958,15.918204,1282.221,51.581806485538
88.123647,15.918961,3650.993,191.78716506636
88.023804,15.920260,8333.040,192.09850562202
88.087753,15.919848,3121.259,192.13684595190
88.135954,15.919954,1459.324,53.911608505379
88.081243,15.920576,1066.346,53.920923207591
88.192846,15.921472,3689.001,76.468265637653
88.192376,15.923795,6794.365,192.11995821732
88.191420,15.926107,60628.782,62.186567925680
88.200789,15.922158,3308.761,50.025255843953
88.201548,15.923843,3014.308,53.770406852415
88.026174,15.923419,12067.784,64.807452829924
88.204560,15.927292,53083.637,65.776719644195
88.126817,15.924807,7776.333,54.329995974231
88.137661,15.923568,1417.652,53.834674542954
88.248283,15.924984,4181.572,85.287362485584
88.185304,15.925279,4157.751,50.791974133179
88.017130,15.925248,5658.800,50.853481421306
88.243772,15.925286,3072.191,48.170720951854
88.134295,15.924031,1011.346,59.143255504977
88.083618,15.927201,16553.790,47.967588989627
88.220675,15.925724,2768.513,106.23578542411
88.218750,15.928223,1933.046,57.335560245709
87.998136,15.924937,802.292,50.216437416855
88.034875,15.926648,3067.326,49.322450999448
88.156667,15.925865,1769.168,133.29967677614
88.063684,15.928415,23585.077,229.50218781706
88.028758,15.927347,4175.223,52.077982456288
88.212758,15.926731,2172.681,52.117991927970
88.101750,15.926462,969.564,125.43652091472
88.115856,15.929527,31823.378,62.342838618721
88.211811,15.930012,28489.122,49.409397871157
88.241388,15.927528,1364.633,236.67131780310
88.240505,15.929152,1385.443,236.32703926000
88.232834,15.930845,32771.239,47.649375363528
88.151732,15.930538,3360.229,83.413992233932
88.093863,15.929976,1409.846,83.345234752249
88.180018,15.933619,38414.779,50.968100215538
88.181172,15.936099,2144.951,54.233946405327
88.025694,15.933105,3934.792,49.851843145731
88.116134,15.934841,22753.654,54.166209161342
88.118347,15.932842,783.325,54.183027504485
88.176801,15.932745,968.100,62.128407534454
88.063468,15.934203,2740.911,48.920209415526
88.154641,15.934694,2537.640,168.73218855363
88.080075,15.935792,849.245,168.34158943106
88.077443,15.936726,2049.852,52.800789049843
88.071471,15.937670,2570.616,50.252397853935
88.225522,15.936941,1308.365,53.909136171948
88.046380,15.942413,94436.829,88.592477725315
88.048994,15.943421,856.319,55.533074147260
87.995560,15.943386,nan,47.716526072700
88.240287,15.937494,1188.966,68.091809909654
88.246415,15.938447,1471.435,46.165866778245
88.038097,15.939289,1156.405,43.928835562714
88.117937,15.942192,21071.344,53.260066048732
88.186857,15.941579,2780.472,66.332666324625
88.176358,15.941554,918.372,66.492987236262
88.062125,15.943830,12033.988,45.130399436199
88.243485,15.942872,1153.406,53.140873695947
88.230151,15.943048,1120.200,140.95317641621
88.032693,15.943128,914.391,51.132964524361
88.239282,15.945311,5300.671,65.067952197959
88.072945,15.946052,3820.773,49.232950649646
88.006673,15.944149,1204.187,58.331711135167
88.181027,15.944376,2169.813,49.768266154584
88.057861,15.947068,29202.922,180.47670397025
88.189301,15.944986,2952.112,215.23221589318
88.136406,15.945842,6715.283,62.691881800002
88.042864,15.944638,1206.641,62.647328103695
88.094513,15.946868,3078.299,50.085099270149
88.100672,15.946368,906.579,60.909834363877
88.244663,15.950494,49226.528,54.282443344504
88.148465,15.951220,31465.660,50.668225956064
88.141724,15.950037,8382.470,67.078830115613
88.143694,15.951817,802.588,56.609695790819
88.019258,15.948022,827.341,53.482357091779
88.179597,15.949295,2828.495,53.459752063931
88.225819,15.948855,1968.805,58.078165284973
88.221261,15.949008,943.594,139.09943777600
88.151931,15.950797,9222.554,55.490727846675
88.048333,15.949651,2274.866,56.271084712580
88.006675,15.950484,3484.746,49.724748788412
88.003969,15.951932,2960.245,57.743818178671
88.063331,15.951572,3397.005,52.342178974518
88.177620,15.954277,14469.372,61.551722842794
88.162561,15.951849,1091.783,71.658009812452
88.098209,15.953654,4399.913,59.972578968233
88.153829,15.953935,3063.604,58.160983260128
88.195557,15.954550,5350.821,58.172700712613
88.090494,15.953501,1274.867,58.735050581047
88.043499,15.955025,3621.672,53.637543259134
88.032849,15.956904,10263.437,60.278175214843
88.022303,15.958530,3702.574,60.299931022574
88.230611,15.958677,2837.145,48.307076740378
88.230795,15.961527,2934.602,54.527861529591
88.005524,15.958011,1276.859,66.903345821339
88.190641,15.958592,2238.698,66.808371468930
88.050343,15.959378,7025.314,63.151042929665
88.053607,15.959604,926.835,46.857916631866
88.166759,15.958661,1070.280,60.577380358039
88.104436,15.961195,4488.578,104.86612178133
88.064917,15.961705,8581.690,63.562064241429
88.067165,15.959887,881.343,47.938041022575
88.109277,15.962581,9439.466,69.887572575184
88.212518,15.960547,946.574,51.467169797369
88.096792,15.962131,4511.846,61.647009111975
88.218749,15.964576,25023.935,47.469254973307
88.032792,15.963144,6538.691,128.80961176340
88.170290,15.961733,1496.001,55.586000074040
88.086167,15.963420,6530.028,52.503971066900
88.153753,15.962292,872.578,55.584141979757
88.198138,15.965073,7451.184,81.178191165039
88.204706,15.962835,691.981,55.437444569225
88.194867,15.966872,29143.832,103.66416521119
88.179603,15.965620,4819.888,103.63631198944
88.060094,15.964323,1019.981,107.80690443164
88.134430,15.964780,1962.919,213.90445790097
88.090541,15.966900,11148.633,115.89836117425
88.081523,15.964849,1276.362,54.183545339063
88.034667,15.968361,39024.343,52.268946131215
88.032561,15.968469,700.480,57.830172117880
88.044566,15.968761,21904.252,55.084263585115
88.179116,15.969560,33674.259,62.515913029370
88.163336,15.969706,25622.280,48.266169841393
88.248186,15.967200,1633.088,74.947823986141
88.021397,15.966850,968.501,74.803200253340
88.140802,15.968453,1703.235,109.11448568658
88.027505,15.967603,1049.067,53.518000002980
88.184760,15.969232,6077.725,64.787123610875
88.012020,15.968132,985.438,393.44031021880
88.172389,15.970886,16085.978,50.325927939147
88.170473,15.973180,2168.054,50.321073984893
88.246794,15.972046,28820.614,62.692433675890
88.057481,15.970038,2448.709,76.173181977539
88.197502,15.970772,4451.060,53.881835182898
88.062029,15.977797,123785.064,66.394377172083
88.008991,15.970050,777.071,89.599965154888
88.008238,15.971729,1353.638,158.38376320526
88.027053,15.970996,1490.644,197.71883785766
88.166959,15.972827,8609.898,197.82171528959
88.216708,15.972091,2608.066,50.557668951718
88.119281,15.972885,7488.736,52.111273909318
88.240392,15.973950,13519.905,93.935324745914
88.038504,15.975042,43514.397,50.734542314482
88.145522,15.976145,70062.279,50.746506374814
88.147549,15.976648,1764.477,50.735871844034
88.201342,15.972698,1769.991,50.729849098583
88.107973,15.973593,1898.602,50.157428782213
88.088650,15.974874,16318.500,61.555062748446
88.029670,15.974075,1346.249,138.79753148156
88.031858,15.974384,1837.770,54.303192505944
88.031314,15.976126,4722.715,172.98565364017
88.028761,15.976343,2214.034,91.515849587562
88.016351,15.974519,3216.767,44.628420638864
88.002431,15.976345,5787.043,44.097659767540
88.127006,15.978046,32812.661,45.632398590890
88.242847,15.977176,3704.976,47.045301851322
88.169453,15.978871,21297.942,56.432686833874
88.203164,15.978517,14279.866,84.908856729395
88.066312,15.976108,1128.770,45.515593334535
88.194803,15.975905,771.038,50.000523002232
88.230693,15.976312,741.416,54.397755325971
88.011082,15.977024,1168.115,47.634778458487
88.188753,15.977791,1713.219,52.126788261341
88.080476,15.976935,734.955,52.090550619913
88.247833,15.976981,1108.512,243.98446686775
88.216214,15.978150,1105.655,88.039973759807
88.239430,15.978555,2550.328,88.008752360110
88.098341,15.977391,667.063,75.758275999020
88.016334,15.978391,2135.019,85.167511883338
88.018975,15.979284,2449.156,49.328699003237
88.201865,15.981443,38486.779,50.549171024795
88.068545,15.981127,4747.118,81.196738233611
88.068640,15.984142,17597.466,47.239617687446
88.229438,15.981660,11446.596,59.808046495526
88.173538,15.982103,9748.198,59.774930675842
88.182188,15.979989,654.543,49.553760278508
88.092206,15.981442,1397.716,104.85363922732
88.155500,15.983402,9757.912,50.683192208687
88.195579,15.981746,1269.879,299.67992551161
88.081373,15.984233,9506.605,44.702229263395
88.079081,15.982961,814.653,66.411390387653
88.014809,15.982699,1046.213,53.502332276410
88.037232,15.985108,17713.420,58.471447415691
88.126330,15.982615,967.653,51.887886716345
88.118270,15.987843,67950.282,94.529673053113
88.214661,15.983679,1429.598,134.27043758984
88.170291,15.985330,3744.056,71.693491172509
88.089136,15.985110,1196.247,71.683383505832
88.221223,15.987074,2332.426,111.50257426216
88.216174,15.987446,2198.477,111.38416703660
88.182412,15.989505,19398.868,103.34326216229
88.187556,15.990260,16167.164,46.678724584720
88.166653,15.990023,6125.112,82.727868619902
88.165507,15.992898,7115.467,82.626143970931
88.198793,15.991572,31306.595,53.233261242341
88.201604,15.990828,3379.234,49.022170620073
88.143694,15.991659,16377.519,58.708363637369
88.081727,15.989222,1808.165,57.765167449139
88.232062,15.991730,17597.103,69.534236856583
88.229400,15.991655,8920.883,48.731143416512
88.015475,15.989088,648.270,64.530383088408
88.001442,15.989521,1569.489,74.249146386124
88.127080,15.990862,3196.987,49.615224901095
88.092285,15.990788,1782.068,49.997744627849
88.056978,15.992485,7336.034,48.774301051235
88.105518,15.991022,1155.956,48.772830407133
88.066533,15.992667,6518.765,""
88.014245,15.993298,7119.555,""
88.157169,15.992306,1716.641,""
88.005670,15.992840,2583.101,""
88.185280,15.992927,1412.301,""
88.186673,15.994599,1055.381,""
