#mjd: 58697.06769
#filter: B
#airmass: 1.218
#seeing: 2.34009903
#m5sigma: 22.748
#exptime: 600.0
#night: ut190801
#ra dec flux fluxerror
244.630174,-0.118904,344205.626,2686.3238301711
244.538267,-0.117987,18801.830,273.93167618405
244.464138,-0.120612,2641.940,133.68255950060
244.557496,-0.118413,9844.907,167.84656665885
244.596533,-0.118702,4940.628,158.52218642578
244.619353,-0.116460,8499.478,152.61168208727
244.477004,-0.116019,8346.772,180.28027578234
244.639080,-0.117228,1492.339,124.66909684896
244.593852,-0.113953,33180.571,357.48518344089
244.577188,-0.114961,4608.697,130.51756787736
244.654128,-0.115128,4000.313,139.86870308690
244.446919,-0.113821,2798.268,124.69394812816
244.571761,-0.113479,2760.320,127.75667933512
244.490922,-0.112035,5677.517,155.73763004722
244.495591,-0.109634,73665.582,1012.2295016745
244.588528,-0.112590,4999.446,119.49013351099
244.663171,-0.107097,130117.436,1162.1720173988
244.620986,-0.108499,36958.984,361.11932214197
244.671928,-0.109970,12366.745,163.09410722404
244.440721,-0.110967,3553.671,131.26948199307
244.563026,-0.109440,6668.359,157.60171699678
244.539787,-0.106860,58134.180,674.10472344063
244.478448,-0.106664,36827.467,509.62203113177
244.596217,-0.108738,5473.023,125.87766692730
244.513322,-0.105642,48978.379,610.58576779073
244.619913,-0.104847,51284.821,379.57241148291
244.617792,-0.103437,18008.066,379.49943516179
244.586135,-0.107617,3590.420,132.09385039785
244.529432,-0.105986,7244.116,146.36728960064
244.644577,-0.105354,7384.331,432.18819230552
244.644616,-0.102378,66082.291,432.10102922699
244.548930,-0.098918,79844.465,875.61362596145
244.482825,-0.103458,11013.530,196.10137079630
244.569278,-0.104977,2519.220,127.98530011188
244.564241,-0.101004,19443.867,256.29293187189
244.492106,-0.100480,17161.373,272.31293286867
244.461148,-0.100929,10210.765,198.11178133413
244.666165,-0.098078,111674.487,989.74868366857
244.541745,-0.102112,2623.265,131.85926125999
244.586122,-0.100888,3014.584,152.05587518715
244.618442,-0.099496,7108.938,129.82563534430
244.451052,-0.095278,201781.871,2437.6642617309
244.485140,-0.100026,2903.655,121.49701025445
244.520162,-0.097444,28002.014,381.56923036031
244.513037,-0.097342,27382.270,345.55834549799
244.502380,-0.097979,5725.767,178.39367936596
244.654068,-0.096355,14337.248,178.80772917238
244.613371,-0.095193,42170.446,281.27811536091
244.611258,-0.096593,3390.910,281.32125373430
244.646136,-0.091959,231131.144,1738.0758500014
244.640105,-0.095496,2684.250,125.68475824938
244.599508,-0.095284,4091.500,141.15098257983
244.629154,-0.095661,1542.607,131.26054746786
244.510257,-0.090722,61896.354,708.52922711685
244.551350,-0.088775,308839.953,2970.6574967802
244.599858,-0.088034,362344.031,2887.3678727296
244.571241,-0.092674,5734.260,134.57412115863
244.618233,-0.092523,4682.466,128.53595630625
244.636831,-0.088770,171160.360,1273.6630323996
244.639736,-0.091439,15484.609,149.49964484879
244.642797,-0.092349,3407.304,149.43037830046
244.510339,-0.085486,546472.799,6231.4149336251
244.498376,-0.092532,1852.170,136.62898825810
244.472105,-0.090316,12498.415,216.15586875599
244.557747,-0.088975,14951.047,199.73986019232
244.453980,-0.089645,3896.163,151.42883478650
244.615517,-0.089017,6951.154,143.47145232860
244.521667,-0.088903,8798.656,164.45258385618
244.659487,-0.088573,8691.309,136.25403854061
244.446286,-0.088568,3046.164,137.00934467780
244.588343,-0.088091,5389.385,156.68416735239
244.624280,-0.083870,194581.093,1351.7950739985
244.490196,-0.087912,2737.987,142.77046597293
244.650201,-0.088719,1880.192,122.95501815121
244.478203,-0.086440,3820.858,169.50833508160
244.551284,-0.083341,86201.284,577.44193399135
244.548655,-0.083195,18618.480,577.54286205156
244.498335,-0.086132,3265.152,143.61837491591
244.558391,-0.084491,11953.889,223.69181284037
244.630755,-0.084049,14097.979,188.14400826728
244.484891,-0.084868,3047.994,137.25992069540
244.637742,-0.084228,5556.920,128.52352035304
244.458071,-0.081234,21578.052,303.83053412488
244.465252,-0.079162,118033.966,1223.2495154238
244.553243,-0.078097,195173.527,1132.6619001932
244.551155,-0.076531,17110.269,1133.3188382408
244.478994,-0.081674,8324.383,184.75341352703
244.561348,-0.082585,2955.185,145.64583818302
244.643657,-0.082854,2551.546,137.00066342458
244.673305,-0.082035,4192.802,122.75928571709
244.525401,-0.080964,2840.054,132.94050105468
244.609032,-0.077701,12119.715,155.20455792760
244.493283,-0.078377,3035.404,147.33863571763
244.595516,-0.073538,294973.246,1864.3660056787
244.557968,-0.077099,10922.605,161.20946415691
244.635627,-0.067024,826376.531,5220.1798733384
244.600808,-0.078079,3206.499,128.09507221674
244.474824,-0.076790,6716.716,153.85034225920
244.509067,-0.076357,9979.393,176.20408809416
244.513565,-0.077333,3148.146,133.62388517372
244.442009,-0.075702,8108.370,149.24688334573
244.444802,-0.076521,3263.854,149.22555655855
244.625274,-0.076863,2858.267,134.06331712319
244.562655,-0.073632,23900.184,229.98299482491
244.505903,-0.073946,10578.863,186.27864285206
244.658996,-0.071872,86185.239,590.43629098092
244.503745,-0.071148,111231.137,1108.3045120449
244.676710,-0.075116,4302.852,115.44342957480
244.514635,-0.072273,23153.958,262.67599315751
244.501011,-0.074558,2439.392,139.38849433866
244.439695,-0.070501,13974.583,195.78084437413
244.582841,-0.069979,11851.142,159.09077932726
244.617122,-0.068744,24683.417,207.27540304757
244.567966,-0.070405,3478.884,113.41822794041
244.666268,-0.068918,8913.532,157.05961945268
244.469252,-0.070300,2055.423,141.41081206448
244.455346,-0.068977,3547.259,137.52203631765
244.628716,-0.066313,52194.680,336.96068807206
244.564244,-0.067430,2755.083,120.14042886373
244.548441,-0.065816,11005.684,149.43142706509
244.476200,-0.065096,15807.911,209.29092117086
244.533137,-0.064124,32485.415,233.52067181579
244.535181,-0.062263,7107.016,233.39864327913
244.454376,-0.065515,7651.555,164.58766318371
244.528210,-0.060019,128191.460,672.87122717194
244.530028,-0.058166,5368.926,673.08460328614
244.612541,-0.059020,261813.821,1310.5362691380
244.569527,-0.064985,5034.522,116.81407301207
244.616077,-0.063085,19039.832,193.69832790664
244.612532,-0.065430,2724.737,134.32441401383
244.588442,-0.062331,33773.130,224.48157204710
244.649976,-0.060743,95018.651,598.43815723025
244.669554,-0.061545,25492.734,230.99235882242
244.444964,-0.059427,104051.077,723.70697917632
244.447251,-0.059824,2097.822,723.98347727797
244.525514,-0.062660,2906.272,136.71145502840
244.547649,-0.054646,121815.065,725.57129241904
244.513039,-0.061478,5141.595,131.07659479873
244.548904,-0.061875,3065.685,133.90736638760
244.636227,-0.059870,13334.542,173.73485291824
244.622333,-0.060697,8425.775,147.76471814827
244.471687,-0.059218,18288.422,221.93414244118
244.540151,-0.059360,9531.591,137.67750147140
244.452923,-0.059763,5699.990,147.02150294420
244.489592,-0.054526,319777.606,1902.4777056139
244.486976,-0.054700,15331.813,1902.4481047145
244.504024,-0.058080,16069.078,201.52749831492
244.602359,-0.053092,36900.164,219.26837126536
244.605482,-0.052039,11528.133,219.22397693750
244.495872,-0.055936,2274.794,127.58060891570
244.512225,-0.054335,15400.058,200.24749712481
244.500776,-0.055218,2927.536,126.24271584408
244.637664,-0.054166,14573.148,158.30899223007
244.658541,-0.054793,3900.408,127.87694128263
244.525435,-0.055010,1972.632,121.18837345355
244.537905,-0.052475,5619.525,126.72200048224
244.463335,-0.052250,4694.131,143.50878618766
244.567842,-0.048731,129473.350,597.66001169583
244.578860,-0.050149,29184.874,196.96119316254
244.504503,-0.050735,1816.142,149.53477049756
244.446916,-0.050566,2132.195,184.11549988224
244.534429,-0.047415,23051.255,177.26934274514
244.482596,-0.047357,13717.596,162.64445613997
244.487765,-0.046403,21688.880,216.82342948346
244.618467,-0.046514,16349.874,158.41443713110
244.570215,-0.043383,151714.626,628.14887502000
244.523129,-0.047048,5657.203,133.16802653327
244.525317,-0.044960,7535.838,133.11125216274
244.541736,-0.048064,2208.544,125.56473592567
244.456378,-0.044762,22211.607,219.36844447591
244.456821,-0.042889,11339.102,219.28891491031
244.538692,-0.046646,4808.579,130.06824229856
244.537566,-0.044432,5880.922,130.12503925663
244.614001,-0.039486,1008595.753,4300.1253277839
244.445947,-0.045074,8192.843,164.63107914321
244.634919,-0.043229,22098.536,219.34460718146
244.444560,-0.040472,14229.640,215.36147918047
244.604321,-0.040605,77159.886,280.28598641363
244.606234,-0.038639,16095.133,280.37219070931
244.622827,-0.043037,8344.485,141.74167650184
244.527912,-0.041019,29576.264,193.62345861303
244.527349,-0.039282,2434.709,193.60064084850
244.678487,-0.042609,11832.453,155.22600050626
244.506480,-0.040551,32996.859,239.30634637137
244.599969,-0.042146,4410.849,137.13367410277
244.462302,-0.038777,47176.147,414.93756458439
244.558666,-0.040896,4496.484,118.07760221403
244.557950,-0.038834,3593.006,118.10926333889
244.545394,-0.042097,2204.520,131.68763128612
244.501346,-0.037518,125906.077,786.98579041851
244.488542,-0.038162,54879.211,407.32827291716
244.582391,-0.039336,16129.992,148.60427244522
244.567431,-0.040430,3121.881,126.59854413658
244.510357,-0.040032,3249.541,138.57591453593
244.510702,-0.037690,14225.335,138.54193575374
244.644712,-0.038201,9195.539,141.01197202164
244.630376,-0.034295,201362.088,639.17242187061
244.629826,-0.036554,10322.856,639.16397425083
244.536143,-0.038315,9027.285,139.67198704182
244.677111,-0.032465,393038.108,2086.2634662998
244.601482,-0.034233,115264.163,477.69062116538
244.569870,-0.034873,55426.031,249.03872438427
244.653760,-0.036371,5105.997,138.38710052603
244.554394,-0.029488,287509.760,782.80151333981
244.464041,-0.034383,3782.896,138.40162371592
244.516004,-0.032627,6338.302,134.64637124742
244.581628,-0.033307,2261.263,119.67203512311
244.505729,-0.030507,61488.619,334.90829854789
244.527632,-0.032797,3210.469,129.43909516622
244.567356,-0.029997,52668.510,247.93158784368
244.641128,-0.030926,9873.378,125.98911891993
244.519864,-0.029404,22069.028,177.77466940342
244.445034,-0.029547,6433.749,129.59704196098
244.633104,-0.028638,13417.660,140.14319057733
244.472351,-0.027804,9709.482,145.31468550617
244.557805,-0.026643,31030.926,168.51544587819
244.547905,-0.028455,2443.648,139.43318678375
244.547454,-0.025206,2748.024,139.39770297358
244.546824,-0.022778,6561.875,139.42997892218
244.491375,-0.025118,54301.414,334.06430014045
244.452013,-0.027087,13402.027,1168.5770768024
244.651198,-0.025830,21582.938,169.49246489630
244.649307,-0.025661,2215.303,169.52000901123
244.672760,-0.026921,5676.679,135.01739305104
244.577784,-0.021743,216296.836,600.67789395947
244.505533,-0.026551,3018.593,131.14438404897
244.503998,-0.023591,44553.724,285.04219292330
244.586996,-0.021408,43152.821,255.32452406085
244.460245,-0.025691,2678.010,129.56870622059
244.461766,-0.023803,4472.947,129.56087866012
244.442532,-0.023188,32701.000,308.71525438156
244.652096,-0.022432,48453.175,291.56394558768
244.551503,-0.024769,2520.013,126.83493688860
244.677646,-0.023820,6360.508,131.40330589223
244.639929,-0.022265,12982.152,167.37343645412
244.558567,-0.022530,4418.971,134.43488013304
244.623660,-0.020306,39654.065,207.07113097728
244.511200,-0.023010,3025.867,131.25531840914
244.466111,-0.018572,102424.329,647.88625191712
244.522518,-0.018318,131159.967,455.22379957723
244.451359,-0.020752,4875.118,143.01082958656
244.594096,-0.019376,24393.265,180.10799585449
244.437333,-0.020307,6438.308,175.01941362655
244.671390,-0.019994,4402.770,147.63580178222
244.479299,-0.018362,4564.639,136.58257341998
244.525823,-0.014555,116707.000,452.88926743946
244.483125,-0.017924,2680.131,112.83297646522
244.568619,-0.017559,4599.907,137.80680366050
244.665275,-0.017141,4639.036,135.08194373822
244.574949,-0.016126,3168.987,124.48918395021
244.553654,-0.014766,4422.212,127.25840087940
244.475175,-0.014540,4043.189,137.44632482140
244.638463,-0.015702,2115.691,126.85958571964
244.595045,-0.012003,23861.054,179.18139353714
244.462525,-0.011428,41681.248,287.50714388794
244.627858,-0.014004,2274.048,126.62271447656
244.469699,-0.010439,56939.360,404.86687374629
244.665191,-0.012983,4231.284,150.60304579764
244.494044,-0.008037,75014.298,403.78120081485
244.445739,-0.006194,170294.641,1096.8211880056
244.540501,-0.000967,900770.173,1762.4559143137
244.520621,-0.007385,12927.882,134.31671818724
244.573238,-0.008095,6092.311,113.62062168954
244.535346,-0.007848,3317.400,132.15256704133
244.597268,-0.000144,540246.946,1485.9473150693
244.598234,0.001961,2369.996,1486.6444242504
244.508977,-0.006370,5176.643,116.03142731585
244.441433,-0.006249,3879.003,116.09534171600
244.502442,-0.006180,2499.613,128.63656741392
244.514776,-0.002607,78838.499,326.07741024309
244.619855,-0.002098,62566.314,306.95292620922
244.651865,-0.003308,21947.358,162.61452895103
244.528092,-0.002192,44654.291,165.49486145304
244.473348,-0.001957,31857.921,244.15341995991
244.563477,-0.001303,16664.398,166.25690774301
244.457381,-0.001961,4231.603,126.77240771071
244.559387,0.002417,144171.262,386.52035306632
244.588633,0.001240,43177.969,198.35006327392
244.477806,0.000659,19642.081,258.04123009617
244.478352,0.003731,58409.446,257.92081602584
244.609217,0.003579,88632.341,387.09277824662
244.571316,0.005583,137458.198,2025.0370124230
244.501085,0.005271,190663.496,491.93639171761
244.501826,0.008191,2096.669,491.83546936733
244.663790,0.004632,189656.076,924.73381498005
244.532968,0.000397,3205.168,117.74233812607
244.469210,0.003621,37339.366,239.52065838107
244.539948,0.005527,34917.098,198.46864979591
244.653050,0.004679,10401.399,136.26531767664
244.505657,0.007452,47656.746,247.82387955443
244.526261,0.005913,3393.714,128.65906232946
244.528872,0.006743,7049.159,128.72754366259
244.520872,0.007962,20017.127,166.24062097805
244.513966,0.005896,3000.481,139.86709494093
244.581911,0.008121,24636.005,162.32898732630
244.674867,0.011201,110311.096,539.35700525939
244.578129,0.009747,3830.850,132.85384134241
244.630696,0.013906,146144.076,647.78276957049
244.460671,0.011740,6099.802,136.21736732512
244.612602,0.017509,355185.742,1023.0265979967
244.613258,0.020562,7994.899,1023.1161878841
244.538849,0.015300,39289.481,187.09214479358
244.451970,0.017662,292081.955,1637.2221049139
244.595135,0.016213,36576.501,204.01314290507
244.660895,0.015947,19777.079,193.71597194215
244.488849,0.015956,14985.680,147.97916334427
244.484296,0.015905,6013.997,194.53286632764
244.483569,0.018697,41364.041,194.50619973773
244.562194,0.017197,11902.645,159.51715672388
244.455323,0.016481,8765.144,140.30498674456
244.632885,0.016444,2704.596,128.39090445195
244.527058,0.017758,7358.585,147.07799820005
244.658293,0.018258,10030.595,155.42004197001
244.568538,0.017657,3317.767,119.44380669348
244.454506,0.019971,11030.400,149.76497782098
244.440291,0.018178,2325.737,132.17669442246
244.512963,0.019857,10463.276,131.56737602223
244.510791,0.019790,6598.833,131.50650078925
244.468505,0.021710,15190.605,164.56216029077
244.670773,0.024316,84229.981,432.09208136437
244.677662,0.020521,3108.783,149.46677341546
244.617053,0.025673,104578.612,524.37218429787
244.515322,0.023689,21153.683,148.26415539244
244.663032,0.025857,108737.328,529.81456441129
244.639791,0.025131,26664.140,195.33699018474
244.507709,0.024490,12706.332,157.78957673944
244.505273,0.024701,12113.954,157.80713858100
244.560508,0.030808,526168.659,1644.6687170973
244.538376,0.024812,7251.545,129.25480142716
244.626709,0.025463,6818.750,131.06142379181
244.441503,0.024592,2924.639,142.09118012309
244.443506,0.024592,2234.319,142.13385891450
244.590219,0.027993,94170.814,388.31801722236
244.493906,0.026468,17659.093,154.66137981106
244.490856,0.027733,16197.008,154.72526840738
244.492221,0.029625,5167.945,154.69429315070
244.578801,0.025925,4393.313,130.52872303739
244.557287,0.026034,2794.532,141.77377864453
244.471596,0.029008,34397.421,222.70436056931
244.520843,0.028533,16427.528,161.58510073866
244.467870,0.028734,7101.977,131.56679018773
244.507502,0.031684,35119.641,215.23557275745
244.666281,0.029960,4718.873,137.18728223211
244.560088,0.034544,215403.922,729.14297050713
244.626987,0.030545,7399.613,149.23843351931
244.603675,0.031699,3419.367,116.41707661365
244.584114,0.032118,3040.302,127.43911370144
244.534272,0.033897,6057.138,122.35606449116
244.642137,0.035576,19295.448,168.29717571350
244.556710,0.034864,9276.789,133.58200261038
244.464386,0.035169,3803.453,126.53612625084
244.476815,0.037379,18641.318,157.55555579618
244.670084,0.039026,45993.361,282.96578992452
244.549695,0.037763,8020.402,132.87457581398
244.635971,0.037419,2693.756,120.39599953515
244.487080,0.038376,6715.043,133.45399129466
244.450951,0.050057,nan,493.21754849742
244.574836,0.042231,121275.923,121.61825561659
244.655259,0.038014,3159.855,1470.3081920837
244.519444,0.044480,372681.597,142.54233456282
244.440213,0.039185,2953.439,136.56122623470
244.568980,0.041730,4029.115,147.68970383538
244.497338,0.042720,12800.886,2180.0283755730
244.498743,0.050155,523089.235,217.96390440215
244.618503,0.044696,36414.660,205.28436890199
244.612110,0.045672,33495.070,427.87788545965
244.486344,0.047458,97956.540,1383.0354990335
244.625507,0.049840,325478.587,144.75314364174
244.607569,0.046552,12115.819,1224.3202925800
244.631584,0.051957,314369.181,177.19238373319
244.564246,0.048277,20058.493,141.79933681769
244.529423,0.048601,12450.538,141.83715766244
244.531603,0.047455,4060.717,176.63235412631
244.610053,0.049225,17394.793,494.16969010709
244.481007,0.051728,93867.190,453.52831592316
244.674191,0.054197,96149.739,216.04034891040
244.442283,0.053384,29884.396,199.22180680291
244.623273,0.054035,33318.563,140.98466633535
244.670152,0.055009,15142.255,155.66258548219
244.490048,0.053786,6199.012,158.24955463489
244.659569,0.055943,15200.088,125.71221710082
244.469706,0.054902,5930.457,216.38805157399
244.604586,0.056704,33409.425,3057.0874285827
244.484448,0.062650,690657.109,160.89537009073
244.587847,0.056923,21052.398,153.10434645495
244.452762,0.056164,7220.129,207.94569166097
244.535453,0.057774,35573.714,573.34605200483
244.531156,0.059773,134685.195,160.66942054579
244.664122,0.057032,10487.182,138.44188141670
244.642784,0.059793,5353.946,138.40783475723
244.640223,0.059553,1973.354,143.90967168291
244.442915,0.058823,3146.981,143.93247163933
244.444874,0.061209,4466.971,928.23258382582
244.512089,0.063701,207657.413,370.65990138484
244.459085,0.062711,62899.901,131.92870018530
244.564997,0.060659,3145.249,154.48823844013
244.556242,0.061589,6871.315,131.10403531924
244.628447,0.062018,2131.165,124.86909793036
244.502330,0.063087,7563.006,327.68919136784
244.491659,0.065573,63055.690,135.23435696832
244.674954,0.066144,18062.932,135.25555118629
244.676967,0.065576,2378.982,162.53753177707
244.650783,0.064903,15879.747,173.43841685194
244.453952,0.065370,12658.134,147.10808611143
244.448029,0.064625,5765.100,168.98536324984
244.560082,0.066705,27434.413,131.74068927721
244.551640,0.064536,3748.970,1962.6055320989
244.479406,0.070922,407810.305,274.74355086598
244.541136,0.068017,45007.147,141.85287108971
244.639158,0.065844,4055.166,130.98253166993
244.522287,0.066754,6827.708,506.35679934809
244.640833,0.070786,154150.418,506.27076296291
244.638858,0.069756,2347.991,131.67286360347
244.552945,0.068248,5265.106,924.05229587727
244.446086,0.073927,173804.339,142.57983152756
244.589904,0.070455,5436.121,129.93072081582
244.520910,0.070796,4663.383,123.21228666437
244.493409,0.071045,5988.334,238.98741937453
244.583973,0.073325,41464.533,187.74284296997
244.543245,0.073339,27755.565,122.94291139561
244.579653,0.071238,2356.385,220.16082368212
244.633954,0.075391,48979.941,220.19480418565
244.631262,0.076131,5699.131,137.96821642999
244.482283,0.073205,5793.706,163.34121625080
244.594387,0.076396,16478.927,128.24870165878
244.504711,0.074379,2722.899,3688.6135196777
244.476699,0.083050,859950.031,1929.3319334477
244.611461,0.083485,442376.091,131.85364381331
244.636052,0.077985,5709.315,135.92445792937
244.564363,0.077325,3604.650,124.64184696493
244.580585,0.077742,6042.014,139.57832102398
244.591366,0.078356,6066.220,139.58978915373
244.591734,0.081397,2762.904,126.73299778566
244.575712,0.078275,2430.514,128.67968836477
244.495434,0.078552,2431.414,216.63073018732
244.571822,0.081702,29730.420,150.42141443279
244.511721,0.080664,11313.068,1093.9455077990
244.453078,0.085939,196995.241,482.66692604608
244.624850,0.085043,91640.245,287.81000161906
244.457117,0.084423,47819.900,131.08333270268
244.660235,0.082544,5257.314,169.93025066654
244.615874,0.084177,21350.955,135.55759701122
244.668078,0.083081,2540.085,121.75397704408
244.633622,0.083652,3281.896,126.15933390253
244.639490,0.085205,5268.101,1096.5747286093
244.591649,0.092070,348859.867,1096.8973023441
244.593066,0.093796,2262.332,290.08431957796
244.482519,0.087828,53266.149,203.54419404707
244.541978,0.087958,43514.644,203.64331820804
244.540279,0.090197,13904.398,132.17983071109
244.569819,0.085394,3873.684,3036.6842100289
244.455705,0.093200,619852.310,122.27036150461
244.602033,0.085851,5019.847,140.68856561032
244.501203,0.086923,5300.996,1139.0809513973
244.489297,0.091239,257992.954,124.47174517210
244.526874,0.085842,1891.200,378.52498742608
244.461228,0.090663,69376.510,119.33294174374
244.491218,0.087903,2888.034,126.66916378916
244.532749,0.089139,5070.707,459.26478898424
244.640908,0.094548,106462.595,135.01437089760
244.586654,0.089416,2310.099,570.07925576370
244.513376,0.094227,113788.249,127.85587181768
244.464874,0.091006,4202.137,133.51474247946
244.608424,0.091343,4439.727,256.63038323801
244.508147,0.094511,41930.638,165.72577441725
244.652934,0.094554,25402.112,165.68960538206
244.652290,0.097720,16719.338,134.46722046778
244.496344,0.093518,6980.378,134.46570154347
244.494345,0.095459,4545.448,969.53156674918
244.611352,0.097818,215325.413,341.16225778178
244.570497,0.096493,56190.901,1028.8663722352
244.633248,0.099253,232806.795,122.09713079209
244.599170,0.094450,1926.571,174.98400196653
244.666784,0.098176,30058.234,124.47331500945
244.555358,0.096345,3557.654,6301.7823083658
244.466660,0.107154,1413363.381,1469.1588181392
244.513124,0.102415,328533.113,605.31238452480
244.628936,0.101422,134813.061,141.73592789522
244.589915,0.097887,6988.896,143.82419398370
244.670616,0.099397,15574.467,128.20215718829
244.679425,0.098386,7367.162,132.77283705936
244.468458,0.098196,2736.884,136.29324078985
244.455629,0.098159,2281.164,309.02057985176
244.472660,0.101780,56423.481,171.60428934378
244.545988,0.099376,1968.523,171.53994369725
244.546887,0.102236,21749.557,142.59872763988
244.595489,0.101038,13280.361,140.33048237810
244.577942,0.101336,11825.667,139.39461609578
244.639830,0.102198,2114.008,126.19083969321
244.675010,0.103596,1298.025,1410.8584175169
244.640920,0.111584,363997.879,6817.4401776024
244.579500,0.110375,167656.187,176.70927981612
244.564549,0.108035,19692.392,137.80016511911
244.662090,0.106565,3279.150,146.19291219441
244.609052,0.108278,5737.593,1968.5434287877
244.589291,0.110534,32623.241,128.86202170784
244.503706,0.108174,2188.586,592.46107830988
244.608893,0.114737,116232.519,203.65980420735
244.632036,0.112142,27298.679,129.64273383154
244.489209,0.110173,2221.879,272.34448373376
244.488081,0.114066,45153.790,250.69110995519
244.678388,0.114222,60235.509,3118.6966859552
244.475900,0.120397,704971.211,167.06867848461
244.454036,0.114494,11755.893,249.58111393299
244.445921,0.115780,35070.319,160.24283554707
244.515987,0.115610,8562.744,287.73893372308
244.448821,0.117776,42972.287,589.31445580409
244.492452,0.119415,127394.815,161.67844644922
244.526140,0.117670,19179.963,1154.5073079093
244.441537,0.120715,211954.596,123.93795527507
244.541270,0.118762,5019.208,132.04481263031
244.488306,0.119404,3772.525,122.38608274685
244.545636,0.119976,3348.601,186.57574403030
244.589148,0.122635,20797.386,127.01408195783
244.458867,0.121176,4191.746,409.30021767005
244.450183,0.124753,63891.799,121.06709568201
244.645592,0.121302,2389.085,143.99287993067
244.607504,0.124990,nan,133.34298156191
244.577118,0.121760,1618.146,133.34895631884
244.495875,0.123035,5549.220,119.53729210628
244.498644,0.124009,8253.767,""
244.667715,0.123193,4541.131,""
