#mjd: 60185.1453
#filter: r
#airmass: 1.155
#seeing: 1.9279147799999998
#m5sigma: 19.4754
#exptime: 60.0
#night: ut230828
#ra dec flux fluxerror
323.029065,0.124468,159999.505,571.69359088313
323.060214,0.127833,232992.122,891.59826570995
322.979779,0.125366,62933.648,373.10341163045
323.167263,0.126335,32952.761,280.42343725302
323.121952,0.125603,24066.058,246.19638453783
322.998299,0.127722,2171.561,268.62393898078
322.966603,0.128877,2872.950,266.92623395963
323.129810,0.130775,4147.771,245.22082128386
323.035702,0.135389,390905.392,1461.5377804703
323.080331,0.136752,16597.119,245.53949768841
322.991751,0.137291,35562.615,288.67603409874
322.983191,0.136446,6831.264,283.80059807823
323.125441,0.135978,5464.463,261.85544409693
322.957204,0.139818,52153.835,368.26408109782
323.058520,0.139556,7855.177,275.87390813289
323.115265,0.140632,8648.063,263.63776384148
323.041229,0.140888,14718.466,257.63724275196
323.018691,0.140605,6023.868,277.25788185668
323.016401,0.141214,5079.169,277.28449234410
323.126527,0.146666,11423.327,272.46320562850
323.051975,0.147016,9790.217,257.35836301479
323.178371,0.146610,6324.109,261.91710485537
323.011331,0.151329,46901.566,418.19454794268
323.052875,0.152339,14441.345,287.90302385941
323.100063,0.154164,4992.142,249.56115805147
323.132772,0.154681,5152.926,255.29470775534
322.988589,0.155626,7545.523,272.10899593445
322.976170,0.162204,211052.796,907.65746984366
323.014395,0.160496,11685.714,278.53910302309
322.993608,0.161238,33904.309,294.48694725907
323.027007,0.160214,5972.283,283.03708787217
323.122892,0.162692,26130.449,308.23336745256
322.953282,0.163438,19703.985,297.46503419669
323.116126,0.164350,10650.487,271.73105342516
323.025482,0.165394,44969.367,316.49201575657
323.010527,0.166329,10375.627,269.60634055383
323.160785,0.169437,6682.758,278.49720671412
323.163942,0.169797,11499.987,279.16560559162
323.030412,0.171592,6626.474,255.93504286607
323.183086,0.176296,34068.302,316.02532735501
322.997674,0.177850,64779.506,355.62484183720
322.969872,0.178475,116974.825,544.29891074865
322.961618,0.187254,145361.500,646.41357749396
323.041596,0.187136,5128.548,280.72950412506
322.987952,0.190269,74964.719,362.17268125614
323.102077,0.188864,20877.884,276.16892638046
323.013566,0.191139,45997.953,292.94960798684
323.157106,0.189462,6806.504,275.20199238590
322.947664,0.189405,16078.424,271.22173867528
323.053248,0.189426,8250.258,258.81137668192
322.958390,0.190597,4612.148,290.90741205734
322.980582,0.193608,30893.113,283.34065159502
323.127037,0.193170,8533.678,267.50432328933
323.092590,0.195116,9296.218,272.64010450218
322.954944,0.197539,35111.697,286.26495270513
323.036272,0.201076,95512.101,371.52043716222
323.184425,0.199009,2849.884,248.89653377187
323.151135,0.199914,6527.619,273.87402811981
323.147874,0.201797,14609.129,289.12174863835
323.155952,0.202275,15281.192,249.25776640630
323.133807,0.204627,131594.881,403.32801771431
322.973618,0.203099,7995.777,266.71699703859
323.029563,0.208004,20000.055,292.07123741178
323.014025,0.208337,9905.966,279.30230846121
323.149123,0.208390,6790.716,272.59995417817
322.949877,0.208923,7235.688,271.46772909589
323.117927,0.209730,10431.301,263.31739434628
323.159172,0.211327,73438.646,355.24539085370
323.097136,0.210927,8087.480,270.13115812384
323.006467,0.216131,15746.332,273.76367777296
323.004317,0.215916,10053.514,273.79419055655
323.033391,0.216320,10140.329,292.88252737856
322.988007,0.219115,9829.775,281.54798583435
322.966283,0.223823,138317.801,468.63395665862
323.141678,0.221884,10080.831,278.53270126031
323.035735,0.224660,156640.256,418.51402068881
323.179426,0.225786,294615.617,929.81587020168
323.093550,0.224735,57544.024,319.73224440532
323.068017,0.227555,410132.304,889.37157450896
323.005913,0.224056,7115.944,283.00305504968
323.021182,0.225754,8540.477,293.00085204889
323.171318,0.227290,5864.200,308.14305454181
323.170812,0.230259,7452.012,295.09536910200
323.160787,0.231795,11970.949,304.38756282442
322.977149,0.232000,16227.044,301.89694670938
323.177887,0.234107,135863.007,580.18810029117
323.187500,0.232449,10342.741,262.94189831579
323.018317,0.236439,133716.875,420.19087849076
323.148287,0.234839,13367.072,262.99031296538
323.015221,0.238502,423294.813,581.17046051119
323.016967,0.240307,12234.047,581.12998244810
323.170291,0.244337,nan,307.69063750074
323.021865,0.235747,17172.930,339.02632745108
323.118564,0.237086,47478.408,283.46335149676
323.163389,0.237596,22878.731,329.80092965074
322.952636,0.240846,54068.491,468.05031239169
322.972211,0.241918,130098.145,292.10077511322
323.072662,0.240132,13663.602,279.30533887543
322.961013,0.241184,23146.568,305.98082192107
323.020071,0.241561,5554.362,276.53833195419
323.153596,0.242642,8352.799,281.05185560661
322.946542,0.244214,12514.395,301.42859259975
323.138731,0.244340,6235.134,282.58960490922
323.118291,0.245930,6937.535,300.31202742704
323.101156,0.249109,44202.132,294.53637999865
323.000633,0.249998,24943.598,319.73578972673
322.996907,0.252630,12820.027,297.50891296833
323.108452,0.253631,21446.225,264.76889382267
323.129557,0.252793,5069.658,300.54676723074
323.001984,0.253537,8950.841,445.69436324407
323.139578,0.255408,93166.362,310.10678033195
323.007959,0.255633,11527.670,290.13572506055
323.011107,0.255614,8354.433,298.85330756339
323.180824,0.257421,29301.440,274.08271594135
323.059623,0.259287,8030.468,296.83236463646
323.039501,0.262323,51502.202,381.58745459982
323.077109,0.264293,76882.695,264.92664331956
323.161848,0.263355,16055.009,284.21364689831
323.182327,0.262736,3080.389,309.19768907989
323.130155,0.265025,39523.054,299.91130420805
323.104461,0.264967,5133.365,621.42316741088
323.052000,0.270752,261430.468,317.57179323778
323.039368,0.269692,6444.293,285.86797056410
323.162770,0.269648,6718.210,331.03137621920
323.094118,0.271976,29487.320,577.21970019778
323.058390,0.273907,149348.205,297.50614333127
323.120914,0.272816,28563.652,293.00580970576
323.078192,0.272162,7670.263,301.66938332023
322.958014,0.276643,21039.044,331.58507471511
323.049134,0.276089,6395.324,390.20267250062
323.139788,0.279355,98356.419,323.87264176743
323.058247,0.283955,25991.489,307.17051421814
323.036915,0.285370,12249.076,273.20392061175
323.165888,0.287442,10112.487,712.54157276175
323.043947,0.290940,283456.824,288.62601457209
323.018333,0.295218,5348.129,292.36751474075
323.106337,0.297269,12802.772,306.74829312578
323.173070,0.298642,30491.496,307.20467461112
323.101937,0.299823,13565.559,264.18001485499
323.051882,0.300421,8017.317,273.02847259248
323.054233,0.301925,27779.516,294.88830683122
323.023623,0.302692,23945.703,309.91889205918
323.000141,0.303585,10280.557,320.52510809881
323.104299,0.304302,37788.643,444.48627489998
322.977239,0.307339,133069.748,314.24415559188
323.049851,0.308245,5693.503,268.73372947401
323.115061,0.308712,8883.631,301.28124060787
323.007749,0.310056,5248.865,254.07644083229
323.160573,0.310731,7170.140,311.55358739121
323.034034,0.311211,14581.699,278.34814452883
323.150722,0.310550,5197.742,284.86010391430
323.092796,0.313350,16557.877,299.22586447187
322.963313,0.316314,27956.440,281.79583294607
323.117209,0.316943,4870.247,295.47575227670
323.066456,0.319281,8996.339,295.45099036937
323.068188,0.320196,19407.560,298.29572051569
323.007591,0.319688,14470.796,269.37555709046
323.132585,0.319447,7163.027,300.39097450518
323.081807,0.322251,6535.763,287.74018062639
323.172121,0.323804,15804.589,473.07404762157
323.108568,0.325365,126413.464,291.21266846689
323.041746,0.324481,6306.335,283.36418488156
323.074590,0.328895,17113.782,288.11170614857
323.160162,0.328978,19692.508,373.40606970402
323.085488,0.332276,127071.138,525.87807496386
323.145327,0.332306,144684.395,282.75047426478
323.183823,0.334849,39470.112,282.69703584884
323.182491,0.336683,2574.908,282.76679213565
323.182554,0.339203,4422.682,305.02424776052
323.011246,0.334878,15453.592,305.92623300308
322.986204,0.337901,28098.325,287.69862051295
323.104121,0.338891,16397.999,315.15709645638
322.961775,0.341793,35484.569,298.85392201503
322.979044,0.343942,21529.685,290.49876485369
323.073745,0.346474,52333.910,325.04521205981
323.083920,0.347012,42080.061,242.77340868398
323.164299,0.345489,5661.681,270.38153543542
323.126959,0.346540,11120.209,282.81966073363
323.080887,0.347059,9119.019,314.66670003761
323.056954,0.350776,14194.825,295.58764513649
323.049745,0.354242,51499.178,285.10391332064
322.989202,0.353028,4594.900,282.23292844926
322.964929,0.353749,4259.217,297.58349601181
323.079813,0.357826,55351.546,262.35416518028
323.135454,0.357304,8618.706,244.78677624988
323.088999,0.357773,8988.481,289.88568317081
323.093510,0.358504,14589.879,656.87047193165
323.101027,0.363705,259656.551,254.94131461731
323.088951,0.363854,17504.617,276.65562144500
322.971406,0.365010,24330.610,265.13915484268
323.116244,0.364900,18043.221,288.77472587774
323.025382,0.364827,8546.127,""
