#mjd: 58813.2545
#filter: r
#airmass: 1.422
#seeing: 1.170297465
#m5sigma: 20.8251
#exptime: 20.0
#night: ut191125
#ra dec flux fluxerror
88.188034,15.773813,nan,39.232220019792
88.206922,15.773857,nan,222.08499474032
88.170204,15.774683,1624.895,57.150873822439
88.049051,15.776480,36885.047,37.645131563568
87.994274,15.775026,5837.087,223.88226121229
88.118397,15.774982,1472.249,32.923756506264
88.229333,15.775277,535.745,515.21777605050
88.074406,15.774956,701.537,104.65744379401
88.007214,15.778985,77683.850,36.241862728032
88.206205,15.776862,15566.994,63.135714218635
88.176258,15.775105,796.812,109.98539520978
88.045751,15.776661,9699.135,36.672472069405
88.216933,15.776721,17669.600,35.703223682865
88.201748,15.775241,760.286,54.489741076585
88.079420,15.775615,726.542,189.33798613682
88.167436,15.776428,5120.934,52.709230868375
88.020112,15.778299,31853.867,34.965914382972
88.227840,15.776894,4533.354,53.311954582378
88.056581,15.776144,767.164,47.133959872368
88.157509,15.777334,4664.914,37.099583480320
88.142038,15.777676,3161.841,45.928598914409
88.014084,15.777444,1422.899,44.122848163707
88.054103,15.778377,4767.739,38.200058735353
88.050970,15.777947,2554.676,36.872381284047
88.056346,15.777952,1295.925,38.156160940606
88.102825,15.778078,2026.546,40.598955981849
88.079090,15.777425,686.370,36.541231684651
88.150074,15.779002,2835.454,38.384035293657
88.137062,15.777768,481.787,414.84782390637
88.084334,15.778204,588.986,35.024998908677
88.164345,15.781909,77189.933,69.938744745640
88.232580,15.778615,629.606,683.64423940337
88.012007,15.780142,10581.016,40.465258835236
88.222258,15.783973,172203.076,54.344918695813
88.203937,15.779909,1555.560,423.94267781896
88.000543,15.780951,5876.706,37.457029737587
88.068502,15.784241,80461.296,36.764885982614
88.136399,15.780358,701.210,37.537863030462
88.046017,15.780658,973.668,46.251537800745
88.227716,15.781269,1582.980,65.134282426756
88.147683,15.782026,5543.468,45.589656316485
88.200562,15.782020,7740.730,46.671740282813
88.142265,15.781233,919.484,39.639672690178
88.155090,15.782081,2863.241,92.054802318467
88.139730,15.781947,1199.033,32.387950297569
87.985613,15.783102,13108.141,597.24911514009
88.178579,15.782017,1069.028,86.288152432086
88.012872,15.785834,105799.307,34.127186194498
88.122676,15.784397,16484.800,67.258374440127
88.186510,15.783122,1215.558,36.259028286076
88.071563,15.785756,6779.046,380.48192763886
87.993689,15.783670,1900.320,40.114292208820
88.017981,15.787119,65652.284,66.450522908124
88.166633,15.783890,1077.112,35.550037013952
88.179703,15.785191,12077.909,36.500833237052
88.194305,15.784273,1925.332,93.902350880664
88.017065,15.784309,1050.036,46.643383370351
88.104764,15.785702,16499.423,35.784466559002
88.065406,15.785050,3517.072,115.88693905758
88.189368,15.784494,1079.119,33.687308604064
88.162701,15.786563,17595.133,39.653882878919
88.135223,15.785327,2770.424,39.846093224851
88.001703,15.785039,1752.370,157.99213650861
88.201595,15.785669,3911.473,42.876670825266
88.145284,15.786976,28558.554,92.267746372728
88.089570,15.786385,4285.432,106.62284225306
88.004265,15.786809,11992.085,51.017801948115
88.113010,15.787603,16612.316,31.431406442151
88.128490,15.786668,6882.443,53.420862598122
88.074503,15.785887,1159.486,130.85915149244
88.057749,15.787273,7797.416,32.718370013541
88.192962,15.788410,24386.429,36.972536791623
88.165634,15.787226,2160.489,725.66398080211
88.050607,15.786591,1098.515,45.311460022017
88.141180,15.790715,137666.872,661.62484996407
88.191117,15.787651,4981.625,38.585088592561
88.004071,15.790436,107229.928,33.673074441878
88.048480,15.787182,1020.630,35.435557505869
88.080168,15.787777,1633.431,35.559839469627
88.179794,15.787521,1130.988,41.266052621955
88.063578,15.787623,1098.798,38.249321081379
88.010051,15.788326,2304.946,65.069225957299
88.196262,15.787871,1481.114,70.340759617435
88.221209,15.789122,10076.653,38.392553774211
88.133893,15.789426,10162.945,37.195617741617
88.115606,15.788462,1742.640,42.312895773990
88.061912,15.788474,822.724,40.696947106359
88.150028,15.789549,3803.787,51.310722059798
88.174789,15.789598,1190.574,48.903256260635
88.147365,15.790320,5397.463,30.830157214525
87.985492,15.789323,1612.679,41.598859541339
88.040989,15.789354,819.948,46.602324600893
88.096640,15.790316,2256.353,41.323132652229
88.230095,15.790365,3477.158,117.35801733726
87.998303,15.789651,1411.989,284.07842300934
88.123585,15.792291,22559.482,35.047251884316
88.000752,15.794350,46757.433,57.538016635469
88.162226,15.790430,631.449,176.47373210866
87.990794,15.791968,6772.949,62.931988888272
88.218725,15.793539,28164.291,51.110939813263
88.059537,15.792498,6206.859,67.424789190450
88.161606,15.792234,4904.927,51.762158123533
87.988543,15.792797,9825.883,46.725717050487
88.019129,15.792508,5779.553,38.484976113435
88.082169,15.792494,3178.159,37.445707256109
88.117718,15.792391,690.204,127.00121441846
88.194930,15.792264,889.036,594.78147800640
88.188883,15.794631,24579.587,335.13578556504
87.988339,15.796438,106525.900,45.306757418185
88.192562,15.796124,63355.104,40.283079147920
88.172666,15.793986,3597.257,63.378290880711
88.114476,15.793778,2521.930,40.307377439581
88.118486,15.795045,10250.571,159.61696958838
88.100138,15.794117,1125.952,37.869437768553
88.083248,15.796831,27045.365,86.289975226930
88.224535,15.794578,3254.964,40.593224168107
88.175276,15.795714,11900.599,81.471017633607
88.085267,15.794994,863.009,40.414313039216
88.006755,15.796313,11480.180,40.285408531070
87.997114,15.795180,3283.665,38.403471075235
88.072826,15.794653,828.066,40.412505343220
88.041467,15.794968,968.454,481.12922467784
88.081873,15.795494,2111.046,36.946741690577
87.991536,15.799428,99460.827,40.416307613313
88.207262,15.795794,1127.602,44.057980929284
88.003590,15.795571,1055.681,33.832770189025
88.169219,15.797115,4802.302,35.805705556702
88.028744,15.796333,660.103,34.064996181857
88.146465,15.796383,1245.891,36.557327433244
88.110070,15.796075,660.187,38.467104500124
87.984518,15.795825,682.396,37.158882795686
88.151647,15.797392,3471.999,39.717217732180
88.159786,15.797411,1991.949,34.553290684014
88.041368,15.797016,1156.290,184.82684569348
88.226894,15.796464,647.458,81.295861514837
88.151662,15.799277,31533.293,56.001566389177
88.120863,15.798381,9908.536,202.67070233777
88.189521,15.798335,9728.738,52.484446044866
87.994608,15.799857,40114.524,43.932953703482
88.206368,15.798448,7520.436,38.598083051530
88.071705,15.798072,4399.084,107.14896536213
88.126065,15.798061,3109.343,34.979746026610
88.129951,15.799737,17976.459,39.240168399485
88.123751,15.798437,2246.555,36.708661781675
87.983912,15.798390,2325.208,733.61823759867
88.027283,15.798507,889.793,96.452652914835
87.992057,15.805484,158043.513,154.62117962761
88.043906,15.800804,18446.110,35.277180097605
88.096908,15.800610,22470.448,37.240898343488
88.090163,15.800001,1367.683,35.855171230001
88.160133,15.800205,1426.143,156.98053941786
88.030606,15.800429,1113.004,39.114921099784
88.102166,15.802669,25885.901,778.64096267934
87.985374,15.801421,3811.768,84.802254757482
88.103077,15.805292,129458.770,37.049318431632
88.171501,15.802979,14735.938,37.966393477936
88.109264,15.800915,929.708,66.532143081664
88.207763,15.802306,3484.223,35.318072241015
88.040215,15.803041,13072.539,677.12072223028
88.057001,15.801821,842.989,74.894042217061
88.024910,15.805862,137342.618,46.854744808707
88.226049,15.803935,12316.029,41.667353823928
88.031222,15.803676,8536.124,161.24675424580
88.167368,15.803455,4012.146,371.73302276598
88.136658,15.804807,27683.443,41.557140875017
88.187096,15.806447,73912.134,248.87550235779
88.190457,15.803614,2423.828,56.813471107663
88.177150,15.805893,45328.415,39.382146639319
88.165130,15.804567,5453.051,45.663452004906
88.033558,15.804709,3012.730,68.520396929487
88.087897,15.804677,2500.466,36.985569075431
87.987787,15.805537,8665.986,545.01330924495
88.020120,15.803999,645.214,32.783767287061
88.129645,15.808183,82952.621,78.355582624997
88.043133,15.805079,790.900,35.967207136145
88.208201,15.806745,10942.323,38.935728201393
88.065896,15.805158,950.132,40.361431427057
88.190019,15.806184,2109.244,38.956167158850
88.167089,15.805949,2002.900,190.38768101065
88.001984,15.806478,3393.868,51.382946310611
88.097851,15.808499,31558.820,41.078762896216
88.143420,15.806847,4086.792,50.116875952566
88.062701,15.806167,1464.431,176.47551769092
88.099976,15.807206,5765.946,35.345210610467
88.008114,15.808783,35163.085,41.669509907176
87.996771,15.806576,692.761,46.902826989185
87.991248,15.807584,2755.299,102.65389794904
88.171768,15.807691,2875.541,40.198702034628
88.016462,15.808833,16241.196,53.512583241585
88.153993,15.807179,800.418,33.831934516307
88.157613,15.808164,6251.777,185.74009294027
88.017737,15.807354,796.695,57.449666075515
88.160912,15.809836,31806.251,36.810166980074
88.067399,15.808475,4898.780,38.359732759311
88.193522,15.808637,2781.261,34.810849270531
88.122816,15.808114,1128.765,124.65745705654
88.173753,15.808297,744.803,42.165074288251
88.102167,15.810078,18633.960,47.692363902162
88.226307,15.809296,2544.938,172.90213558445
88.107415,15.809640,3124.921,41.081871541876
88.121820,15.810694,25959.775,37.064387741660
87.985964,15.809297,2328.299,43.211307082200
88.217570,15.809182,1025.607,39.277736442319
88.155825,15.810074,2723.606,36.987296088947
88.023353,15.809372,904.031,40.200941496736
88.213215,15.810128,1046.578,42.949856614802
88.206876,15.810721,4660.753,32.962369801145
88.038284,15.810306,3352.741,39.680385649053
88.137977,15.809930,592.302,335.59455589950
88.231040,15.810751,1440.280,47.826411402829
88.142697,15.813485,58639.268,180.97237723533
88.087226,15.811508,4600.177,39.212368467200
88.010947,15.813417,31869.924,107.45528452015
88.028216,15.810673,727.456,37.222579115070
88.024434,15.813028,19793.473,52.803527959491
88.194998,15.811573,1365.306,44.462211068165
88.212840,15.812245,4978.547,35.064945422862
88.037522,15.812285,2956.394,34.339709973995
88.176645,15.812014,1614.972,33.553301855649
88.198699,15.811903,1940.678,85.123920896990
88.097211,15.812383,1298.564,33.623442664907
88.180618,15.814191,16561.112,35.177206866750
88.218229,15.812649,1827.661,39.824762013505
88.125181,15.812086,674.926,36.631984206995
88.102347,15.812767,3508.270,128.10844163381
88.209748,15.812614,1736.525,821.29822700989
88.175280,15.814563,27036.507,153.93018395827
88.046325,15.817234,172216.569,115.97319684501
88.050806,15.814676,25651.097,127.59309868597
88.166150,15.814635,21167.001,102.00172381981
88.162361,15.814357,22785.482,80.489258940177
87.995933,15.814895,18931.209,38.132296118436
88.171803,15.814797,11880.841,40.512213040161
88.000168,15.813746,1623.187,32.358535485570
88.168049,15.814207,2190.726,355.48588706937
88.189112,15.814151,722.050,194.85913988151
88.079910,15.816943,69803.115,34.706568051193
88.104933,15.816456,32277.951,53.035256370174
88.048603,15.813987,554.588,50.937372143830
88.204970,15.815628,6204.445,38.042463254572
88.229950,15.815438,4668.955,57.814809632041
88.086705,15.814550,604.506,37.251064711294
88.093356,15.816237,7998.722,47.544967115996
88.040515,15.815563,3336.744,37.078495126520
88.153175,15.816035,4224.108,57.032263770993
88.065180,15.815078,1236.238,39.465830975309
88.170800,15.816550,8059.170,40.203755333193
88.222636,15.815737,1681.904,244.21032960582
88.002441,15.815729,2196.104,82.206950979399
88.160959,15.818537,45571.404,41.522993043983
88.157315,15.817251,10832.194,40.918481984070
88.077258,15.816386,2797.779,223.90998530641
88.138084,15.816683,1404.099,68.413641002538
88.007498,15.819883,42750.730,38.861409122084
88.074260,15.818017,8325.408,59.929215664821
88.184133,15.817118,1106.177,144.06395567759
88.231525,15.818091,8543.852,36.065791339714
88.183059,15.819426,26598.620,76.373160241563
88.179035,15.817336,839.762,56.685021238345
88.070730,15.819408,11472.976,47.796843831739
88.050744,15.819461,5942.374,401.87012405331
88.189044,15.819057,3680.261,37.196442838637
88.073027,15.821907,76840.768,43.774638901913
88.156231,15.819089,1145.974,134.80290252144
88.094355,15.819720,3462.437,39.561306597301
88.004976,15.820651,22772.823,43.602749239807
88.212934,15.819810,1661.078,74.319090765776
88.103263,15.820248,2729.900,33.332070147231
88.010344,15.821093,11767.612,40.841006233322
88.149306,15.819588,642.397,32.506316640018
88.228701,15.820003,1683.084,87.681760338169
87.983734,15.819708,491.195,56.747817486706
88.110767,15.821564,11260.643,37.670078432508
88.123766,15.821569,7899.749,38.023182804674
88.226997,15.820791,1503.238,44.970021981694
88.167827,15.820713,765.730,42.923478190070
88.051081,15.822118,2186.679,42.605216171914
88.084192,15.821183,2145.888,50.742086165965
88.198089,15.821772,2155.550,56.110536353701
87.983846,15.822273,3861.903,41.024043380404
88.034842,15.822721,5865.935,32.246557232878
87.993517,15.822090,1980.831,43.906767763716
88.179154,15.821925,785.955,38.725388401951
88.214218,15.822607,3667.754,36.770744931453
88.001945,15.822636,2008.709,42.203809919060
88.223146,15.822911,648.358,70.812337546193
88.085316,15.823312,2202.703,33.839587541330
88.229213,15.824443,11869.745,38.846421101934
88.075136,15.823029,1049.222,35.190942013284
88.098884,15.824214,1595.361,32.537097123502
88.104521,15.823951,752.546,44.387420235178
88.181763,15.823802,928.139,43.374236980869
88.039175,15.825775,4524.003,32.109197530534
88.131130,15.825973,3557.523,36.238053782026
88.115564,15.824704,665.040,75.295838271490
88.108764,15.825673,1249.430,59.411766406290
88.089252,15.827697,9279.099,41.464905195302
88.109005,15.827821,6908.014,33.423824147350
88.050152,15.827971,4073.764,35.009475383396
87.984277,15.827234,1102.783,40.316538201044
88.005214,15.827556,1190.972,215.09612937567
88.218094,15.828068,2902.482,35.411754654744
88.181733,15.829302,38184.633,43.397373347437
88.134695,15.827543,1195.151,32.969740120252
88.068771,15.828364,2589.076,51.287504998607
88.030710,15.827536,686.999,140.08870340218
88.103424,15.828922,4703.005,40.335377355795
88.068592,15.830236,23555.455,78.007018519642
88.174878,15.829318,3658.587,35.476841666595
88.187448,15.829920,15151.518,36.450548423228
88.023199,15.828498,973.916,55.665280182490
88.039906,15.829474,2452.264,58.305001230623
87.994430,15.829694,7278.142,44.194199273994
88.178201,15.830276,7556.351,45.365173585241
88.134326,15.830014,3567.013,37.375092232359
88.183337,15.830456,3805.812,68.624451598530
87.991204,15.829516,1601.262,37.630293645772
88.166289,15.831116,8887.139,118.37759807255
88.066369,15.829981,655.446,38.079041802322
88.175092,15.832180,21411.408,90.218963205146
88.138878,15.830820,1129.839,39.387272486436
88.201564,15.832563,14513.028,40.987798373717
88.099153,15.831946,548.718,39.115331191419
88.179489,15.832914,1959.980,42.558961797276
88.007238,15.833233,1050.073,380.15908025500
88.161490,15.833169,1365.752,41.398879205297
87.992524,15.836456,61345.823,90.002205705519
88.057097,15.833490,2453.559,43.680617302832
88.023388,15.835191,11060.639,289.05094334926
88.168868,15.834121,3275.768,34.921323115753
88.105686,15.836059,48295.643,69.375048207709
88.061958,15.833686,1175.352,39.858026654899
88.036337,15.835287,9527.404,38.202743405956
87.993082,15.833998,721.155,38.305210304496
88.181114,15.834596,1940.701,41.315591210278
88.200720,15.834544,1461.228,37.024402917077
88.071205,15.835137,2116.785,80.819854575935
88.046963,15.834327,538.975,54.697400292613
88.210774,15.836916,12532.408,34.781605630773
88.223762,15.836449,10718.164,265.32431717396
88.148555,15.835186,1083.591,34.926257008337
88.195050,15.838187,49309.516,76.581010854727
87.987183,15.835390,544.493,137.78732648185
88.101276,15.837421,13070.329,394.43996828736
88.012123,15.838193,22225.695,41.583434913356
88.079485,15.839569,67596.295,35.669062941988
87.994989,15.836369,1698.279,38.201933274007
88.049205,15.836710,1272.675,32.741397024103
88.051087,15.836819,494.270,210.20582967233
88.126481,15.837201,719.273,33.104590066381
88.046160,15.839717,34942.815,38.672707635120
88.136874,15.838162,1442.094,36.716739828093
88.073249,15.837764,526.383,39.892370548890
88.197217,15.838871,2520.646,657.16939769504
88.228399,15.838824,2047.438,42.647922332021
88.001706,15.842656,133656.115,37.272323776493
88.216057,15.839107,3243.049,251.63247629381
88.065795,15.838992,1575.665,34.444038827510
88.075328,15.841174,46384.004,31.505733635189
88.016975,15.839020,1188.235,51.385388646686
88.192872,15.838926,1190.235,32.533781007388
88.203348,15.840235,7955.488,43.182551898462
88.221053,15.838753,613.703,33.957973096693
87.988998,15.839360,1493.408,825.47267153270
88.083151,15.839285,691.111,34.715363055231
88.122475,15.843322,153753.171,33.530860422011
88.231663,15.839577,796.886,37.080303272642
88.039951,15.840030,1578.299,39.598076635734
88.109505,15.840807,3261.679,40.759277640136
88.169941,15.840889,2868.657,56.868446712223
88.013897,15.841233,3749.218,39.133617500381
88.057690,15.841268,5495.886,35.794222840619
88.165604,15.841062,3381.237,41.643188732553
88.151916,15.840949,1762.133,34.521437317758
88.185387,15.841065,2704.912,35.472385280000
87.985956,15.840357,730.278,37.315838444588
88.018278,15.841119,1617.665,48.603748020625
88.123576,15.841152,1708.186,65.157032551786
88.052933,15.841744,3710.390,44.306785141552
88.059423,15.842215,8963.947,77.082368185467
88.211015,15.842014,2997.164,203.89634438952
88.024803,15.842557,11616.933,79.748942990347
88.068084,15.843799,37946.496,39.606390104565
88.143402,15.842996,10266.173,53.471616548907
88.218656,15.842393,2930.041,36.052270018136
88.076559,15.842552,6201.574,299.51848985421
88.120026,15.841637,785.668,129.52303329218
88.036131,15.844341,50892.787,57.539031442510
88.132831,15.844052,21238.456,41.514651108932
88.181195,15.844122,8080.237,41.527062560672
88.119169,15.843597,4373.188,35.239227079092
88.157816,15.843061,1278.189,118.12442350312
88.208422,15.842905,694.624,114.28236763315
88.051073,15.845227,16211.143,35.143283922589
87.986734,15.845762,19338.900,74.011208322863
88.015567,15.844087,797.920,37.831973906468
88.104163,15.845791,10374.498,43.812530071762
88.172511,15.845125,850.770,62.701129592293
88.080055,15.846280,3967.068,36.907921253248
88.047134,15.846518,6975.871,36.749867802828
88.118321,15.846484,1039.045,39.250880175653
88.084234,15.846272,628.513,38.725237729376
88.002172,15.846578,1598.631,44.374164866193
88.147021,15.846662,1129.404,924.42336058251
88.144474,15.847023,4052.042,35.293219471011
88.129962,15.852059,207820.557,249.49432063308
88.216726,15.846550,1103.839,34.773800771277
88.132016,15.848853,42304.400,81.543209930422
88.132900,15.847078,1045.687,40.196725424832
88.147924,15.848656,12715.748,37.771660250962
88.185552,15.847143,1162.798,74.874129296100
88.095593,15.847354,704.382,38.684294768218
88.012438,15.848915,11732.317,54.431013413166
88.098365,15.847218,586.672,49.939456268371
88.158909,15.848697,5828.007,38.127977430737
88.152046,15.848937,5637.556,173.25796550068
87.988997,15.848239,1041.602,38.096422325938
88.027502,15.850978,31227.861,53.110512431033
88.154778,15.849354,1461.488,49.040346900957
88.098101,15.850218,5563.619,55.527848759390
88.199585,15.850265,4171.085,40.205175274123
88.001641,15.850243,5232.088,41.317777139496
88.184968,15.850087,2678.351,575.04536894245
88.219278,15.850076,3700.740,37.504055318087
88.225726,15.853771,111741.216,34.699493194170
87.986444,15.850054,1893.063,34.974187826696
88.212691,15.850519,1243.006,49.645597769168
88.148853,15.850533,1734.870,35.464112441350
88.174236,15.851290,6459.769,39.556271861310
88.085993,15.850859,1004.153,64.367528306012
88.157276,15.852097,1173.542,33.000613260606
88.017600,15.853087,7415.066,60.917614096144
88.163992,15.852108,1147.896,38.096694735458
88.183316,15.853530,7028.777,347.87009425136
88.004823,15.851832,658.915,34.845969967567
88.071764,15.855351,61773.811,37.965980558155
88.137270,15.852046,1112.883,37.633094870438
88.212835,15.852645,2303.216,102.67108864487
87.989090,15.852252,640.415,37.655587544907
88.086335,15.854553,15749.380,34.582562725014
88.045787,15.853923,2705.690,39.371945797022
88.144790,15.853338,1558.381,38.049121475646
88.179105,15.854153,4019.152,80.404720177393
88.162986,15.853789,2732.944,37.642757545264
87.990218,15.855551,11770.188,96.893248136649
88.136087,15.854912,3189.221,105.83628157661
88.175689,15.856048,17051.857,45.756657433595
88.177782,15.856566,16955.612,45.620306334789
88.207531,15.855714,5375.743,53.469054238256
88.127684,15.855701,3464.161,43.353763388700
88.096651,15.856253,8374.900,36.676682794905
88.124844,15.855635,3535.132,126.55961868139
88.042557,15.854989,1045.023,340.96906695984
88.166495,15.857422,25140.441,38.608582527325
88.196400,15.860475,60065.330,78.480891380554
88.075601,15.855430,989.827,40.459320574358
88.003581,15.857044,12465.630,55.046801235429
88.024514,15.855496,932.837,61.322998540586
88.100749,15.856782,5940.026,217.12513430750
88.026277,15.857099,7601.184,43.227989101413
88.040934,15.859739,46342.256,137.58952531020
88.143037,15.857113,1046.451,126.59025192217
88.080519,15.858959,26433.332,233.10859407955
88.108433,15.859339,27605.331,35.491831685009
88.034414,15.859367,42883.099,38.479334962650
88.106193,15.857729,1475.753,122.24622461419
88.037600,15.857704,1907.908,38.137616829719
88.032095,15.859349,17829.219,40.388355147811
88.230511,15.857918,1124.369,54.508720037116
88.009863,15.858291,1816.491,511.00132264676
87.992992,15.859137,6112.581,38.898381090404
88.151746,15.862236,85907.470,35.918968276916
88.177646,15.859045,2331.742,46.188126247953
87.984461,15.858292,693.275,77.461555882279
88.203405,15.859437,482.690,49.598189011265
88.030472,15.860795,10999.325,38.312157334381
88.139171,15.859975,3404.293,40.047923120434
88.048121,15.859690,1248.259,52.281195909164
88.122668,15.860241,3458.789,39.284888146335
88.141090,15.861064,6819.074,70.032353933210
88.199345,15.860001,1441.879,67.116775041427
88.099349,15.861314,9096.700,77.587298138689
88.220400,15.861627,9911.023,36.758029244071
87.986678,15.861678,9532.046,41.797593296032
88.136670,15.861492,1626.891,38.441549014193
87.997113,15.862561,1208.932,77.478284509967
88.038359,15.862327,651.169,322.68203392349
88.050385,15.863633,9802.250,32.807064649901
88.179526,15.866304,52544.907,60.178104227588
88.223104,15.862623,584.538,62.297744207241
88.082283,15.864191,8535.543,38.971182315684
88.031965,15.864210,7460.483,40.194299939802
88.100455,15.863768,1104.805,40.011258724535
88.198117,15.865240,4151.038,39.519712958525
87.996941,15.864511,2043.459,42.425948169580
88.013907,15.865036,2098.978,41.655185650765
88.007576,15.864377,846.622,37.194426568607
88.230231,15.865314,3970.036,48.520409144788
88.126493,15.865141,1258.435,37.092653234621
88.018735,15.866567,5552.250,34.668208553218
87.989900,15.865379,1040.370,37.090785391896
88.036601,15.866553,1084.450,49.815596220846
88.105649,15.866596,1280.502,716.81834832898
88.175954,15.867657,6990.097,127.43293643366
88.198087,15.871692,146080.666,35.449850854043
88.029588,15.869200,18588.870,81.779368669669
87.998853,15.867479,727.649,33.024145622186
88.133779,15.869443,12908.617,111.42808951994
87.990227,15.867906,743.186,37.158111871140
87.995958,15.870197,18697.626,50.529390118075
88.174054,15.868632,1760.934,85.281984269591
88.146845,15.870262,4549.218,41.408569003042
88.141728,15.870554,11841.239,58.374755104591
88.117010,15.870117,3721.871,36.253428180370
87.994005,15.871037,9370.098,481.38756216796
88.096536,15.869616,1087.082,33.859855598777
88.063861,15.873716,92702.327,113.96063139789
87.986631,15.869347,590.941,305.14473452226
88.229081,15.871721,22878.690,36.673251052623
88.029574,15.874725,59285.287,46.656722021891
88.160719,15.870553,1063.094,36.569123440162
88.224002,15.871372,4253.221,37.287180931546
87.999791,15.870540,1155.094,45.709787231891
88.080479,15.870604,1196.946,456.97014714830
88.149596,15.871629,5445.318,36.805958056823
88.220512,15.874977,103070.184,39.481511382037
88.163726,15.871114,989.769,36.291606828467
88.154503,15.871130,899.802,38.452843170769
88.034329,15.871737,2917.520,61.435458014945
88.056781,15.871350,651.604,58.421204375462
88.205336,15.873733,4070.393,34.398869589976
88.125959,15.873256,6583.228,45.361639481518
88.191078,15.872130,825.032,36.880515888145
88.027364,15.873143,3148.371,38.675340814394
88.208217,15.872824,1120.579,48.224891402219
87.998250,15.873273,1566.714,41.848186210923
88.166549,15.873802,2507.121,38.458816319637
88.003292,15.874007,2776.228,38.509379307247
88.109796,15.873810,669.274,168.67720894457
88.214079,15.874836,3760.422,40.567020698954
88.078681,15.876789,35663.738,33.257520431813
88.066020,15.874135,534.644,91.494919465354
88.187063,15.874708,899.269,33.414161688681
88.156529,15.876392,13831.493,40.896753308051
88.182800,15.875262,1467.627,82.727774902413
88.062758,15.875637,1939.484,36.844987171676
88.104879,15.876670,12810.144,41.026642553507
88.217068,15.875742,1563.864,47.002256272531
88.013688,15.875794,760.740,40.198319864769
88.119933,15.877639,3264.472,207.77522098128
88.230939,15.877638,3459.549,494.54607282574
88.084330,15.879924,41856.759,34.443390556080
87.985623,15.880427,96175.042,40.352445153092
88.032405,15.877343,615.826,49.168979292649
88.092698,15.878543,873.819,51.104058180237
88.137316,15.879458,4046.055,34.721873325101
88.034331,15.880434,6950.322,40.764647501559
88.135104,15.880411,4431.449,42.217244431497
88.124260,15.880185,3309.794,51.605980931186
88.057676,15.880542,4192.166,180.11920971298
88.079370,15.881186,7308.372,36.970179019530
88.111668,15.882213,30916.949,391.13757203152
88.194127,15.880598,2519.239,101.70265082709
87.992376,15.883655,74846.663,31.103423014390
88.183400,15.882573,18222.269,40.931093774703
88.105893,15.881001,997.029,35.672251043439
88.042231,15.881365,1700.447,53.885826202239
88.229988,15.881438,1836.288,39.788264277753
88.019510,15.882196,8152.339,30.746927719090
88.128786,15.882056,2087.102,61.102794304677
88.048458,15.881450,681.660,479.20567917143
88.123802,15.882862,7317.640,32.509314794216
88.046213,15.885548,108448.265,37.580960545331
88.174715,15.882250,654.430,49.898558123364
88.211007,15.882691,1611.136,36.213417887950
88.102366,15.883884,5886.131,35.647057892202
88.016544,15.883441,2384.852,40.486665464532
88.004335,15.883085,1675.674,627.89844293387
87.996895,15.883556,1633.838,38.545462403787
88.076652,15.888006,128512.690,34.320175901407
88.034172,15.884341,3509.677,331.16687199013
88.031181,15.884154,1620.650,39.467601424864
88.082556,15.887067,76110.413,47.650936354151
88.039654,15.883649,514.929,152.72035072721
88.154295,15.884510,3005.499,34.766172614503
88.231883,15.885957,23864.634,40.894904559929
88.137329,15.883722,524.619,46.213341731850
88.214483,15.884327,1821.421,39.634112473709
88.122974,15.884746,4151.315,59.053957255473
88.073761,15.884392,2007.491,45.056300615138
88.019013,15.885632,9603.141,47.163247465091
88.146007,15.885228,4284.656,43.283384084115
88.084368,15.885741,3595.100,45.406286160498
88.089932,15.885758,2876.646,42.247044612398
88.004289,15.885705,2647.627,49.355739449989
88.169977,15.885750,1882.435,48.679674358524
88.127858,15.886611,4621.065,114.02326840219
88.087700,15.886992,4328.476,38.939694372821
88.142619,15.888007,17327.264,41.162767134044
88.032259,15.886215,1289.900,60.059012557344
88.002153,15.887082,2488.418,38.451158954756
88.229588,15.888507,6662.939,39.831635815109
88.040365,15.887303,1476.744,61.734342346210
88.011362,15.887387,1329.347,41.588911085468
88.186141,15.888487,8770.936,50.879024936642
88.170783,15.888309,3679.279,49.956228707644
88.069540,15.888260,2548.603,37.399735220650
88.133003,15.888761,4125.779,50.764114618060
88.046114,15.888461,2072.726,48.360163285275
88.130397,15.889107,4092.118,38.292639774581
88.193120,15.889718,5669.941,35.418765981150
88.062744,15.889275,3040.305,55.356265176403
88.134974,15.889278,2402.279,52.481563769477
87.991469,15.889970,4942.885,51.089075152781
88.148809,15.890146,5477.199,38.036730794349
88.066145,15.890879,5680.309,37.010265625692
87.997458,15.890049,913.695,34.277204177110
88.081037,15.889819,622.393,42.995978647844
88.218443,15.890816,1139.963,47.594417068471
88.229853,15.891445,3324.055,265.50894565587
88.032666,15.892131,4551.404,40.750632023642
88.046721,15.893056,30812.141,40.067497769615
88.109637,15.891896,2666.394,41.302481427173
88.025195,15.891797,1232.250,43.305264253691
88.009206,15.891805,1119.306,637.31418164468
88.194219,15.892479,3629.692,42.714019966428
88.076542,15.896548,129420.880,38.342958080202
88.209382,15.892924,2974.325,34.634060182069
88.085981,15.892392,2058.070,49.106993776156
88.214989,15.892126,906.953,37.325412531068
87.992350,15.893460,5041.463,33.204973944456
88.131267,15.893163,2100.769,41.402212493022
88.014795,15.892748,869.120,36.887330258812
87.998320,15.893295,3148.135,182.92113795253
88.164176,15.893688,1916.644,142.65334295363
88.162895,15.895455,30508.033,38.195938950579
88.028422,15.895431,21549.777,42.812026433263
88.169715,15.894009,2299.306,37.235203326707
88.132724,15.894526,4302.804,79.470368404852
88.044003,15.893516,657.212,38.023479078165
88.190282,15.896018,10953.753,35.254912105020
88.184512,15.894545,1522.768,80.715095448470
88.079279,15.894448,519.416,47.772271150103
88.208616,15.896661,12528.389,80.027851354205
88.009994,15.896257,5543.175,41.949453479446
88.197984,15.897159,11755.678,163.06815021070
88.060849,15.896232,2362.538,38.835626860129
88.102067,15.898606,32035.356,75.871852036805
88.121708,15.896694,1870.916,34.941598259492
88.106650,15.897850,11553.984,35.770980181654
88.002477,15.896394,692.331,41.893273080063
87.983074,15.897349,1488.882,51.239634410956
87.995279,15.897668,2168.683,38.319767438497
87.984853,15.898683,7098.634,39.520940474334
88.074184,15.897867,923.678,39.035811487289
88.203499,15.898958,3047.562,56.182208327702
88.095896,15.898584,2761.995,258.28201501020
88.043087,15.899135,6950.854,1047.8193944665
88.183855,15.901079,42551.579,41.607627912746
88.014187,15.903842,206386.585,37.451520428020
88.007232,15.899685,1837.544,44.094463401510
88.112766,15.899903,847.872,464.73764472638
88.128205,15.899714,835.565,133.14266744766
88.217720,15.904113,98536.408,53.755756334273
88.209373,15.902142,24589.064,63.294357868438
88.229203,15.901097,5980.465,41.936611239525
87.994828,15.901315,9517.911,41.014474975011
88.163272,15.901352,2581.332,46.418339259085
88.219553,15.901733,4640.018,48.324171494266
88.205838,15.902035,3836.531,43.010741434421
88.035216,15.901994,2742.831,38.449610891572
88.154686,15.901766,4284.215,35.278478690882
88.200992,15.901000,849.625,37.913638052869
88.181913,15.901910,790.844,37.951191696127
88.145719,15.901877,869.419,65.082144405863
88.081191,15.902113,1573.209,190.93163560563
88.091137,15.903286,8922.018,38.901653613561
88.198307,15.904712,31743.026,42.203476255535
88.057024,15.902686,930.228,249.76548399913
88.018479,15.902867,731.229,49.890137188769
88.076817,15.906001,49800.162,202.15265456920
88.214183,15.904678,5592.170,57.501502832520
88.142471,15.906343,33700.396,39.122044075090
88.017950,15.904707,8079.478,51.992483109342
88.027267,15.903843,1618.538,33.027942826012
88.207554,15.905457,6887.102,45.081991263612
88.180593,15.904193,980.542,46.932019251858
88.136656,15.905528,5738.670,36.589557181557
88.225066,15.905589,6071.151,93.673750244345
88.139097,15.905004,3333.270,49.433554553555
88.013690,15.906221,14989.473,36.952382388523
87.992328,15.905998,5861.197,36.731978589932
88.020976,15.905316,1333.089,388.07711341223
88.159429,15.905382,2000.722,103.47576526538
88.118067,15.909597,77186.174,168.33641540369
88.166924,15.907963,13353.534,35.857504741976
88.202305,15.908691,30981.904,33.324037012274
88.063371,15.907039,1756.556,40.776615783156
88.191028,15.906548,751.259,36.273926704731
88.040642,15.906791,619.635,39.321343830571
88.140979,15.907487,1221.124,37.976095454753
88.050000,15.908199,1687.501,195.90763980403
88.080767,15.908293,1252.025,71.203923321632
88.096135,15.910600,39602.654,37.873823544389
88.227903,15.910262,8819.462,43.114574974647
88.169126,15.907965,1259.598,34.228675354183
88.018344,15.908535,3377.543,40.199855987902
88.107572,15.908232,1092.372,40.383473061100
88.112665,15.908556,674.282,65.565055057180
88.010493,15.908755,1734.343,45.534038228119
88.148973,15.910181,7042.708,86.512824863706
88.173312,15.910021,4037.981,35.386324357839
88.161133,15.910799,10151.751,62.411421823249
88.155482,15.909279,743.170,39.276336731125
88.066198,15.911398,7631.327,39.110805610990
88.089300,15.910361,2005.338,34.358823548736
88.143553,15.909799,1050.860,39.555168408767
88.110559,15.909559,663.582,90.060305161765
88.123841,15.910387,1559.915,37.664394854079
88.084103,15.911890,12774.731,36.228154894231
88.163392,15.909834,655.036,38.863088062548
88.103098,15.910238,776.680,38.873205311444
88.070640,15.910407,592.155,493.15815360246
88.033046,15.911119,1011.782,58.475481778088
88.110406,15.915297,101041.888,53.630706780675
88.227968,15.912665,7472.443,38.900512069954
88.050673,15.912119,2206.640,287.21761827027
88.144918,15.911543,802.285,45.004088196458
87.998487,15.915211,55005.631,35.574301873445
88.038351,15.912993,3029.863,35.913901080074
88.179940,15.912486,1568.008,43.122450748766
88.213505,15.911972,500.275,125.44904594210
88.174863,15.913480,2928.867,36.763658137072
88.028194,15.914847,26248.955,110.66540628066
88.170140,15.912823,721.953,35.818170110101
88.222726,15.914870,18597.240,331.43966080829
88.017531,15.913234,1123.654,110.39128008557
88.176054,15.915939,55343.734,48.079716855851
88.153085,15.914751,14682.522,34.429140242387
88.078980,15.914285,4182.592,400.12585831637
88.032943,15.912998,729.110,37.459146852651
88.163329,15.916908,66813.317,318.47998573827
88.207513,15.913546,686.422,55.354297834652
88.216846,15.916820,64627.486,148.86951641171
88.165128,15.915401,6372.956,282.23999783376
88.231525,15.916416,28734.457,50.410228381862
88.190908,15.917569,57546.994,635.90298691679
88.142060,15.915873,4000.162,695.02997153638
88.126926,15.919846,121259.811,38.349763447314
88.139438,15.919662,115915.421,63.940841539094
88.061681,15.915304,1426.519,400.97738455256
88.064551,15.917566,4863.390,39.171501240283
88.174327,15.918539,70940.754,81.915731131046
88.179288,15.915873,2108.325,32.428526222303
88.229564,15.917257,13971.301,37.268763460140
88.131675,15.915938,657.343,37.936529623688
88.144333,15.916623,1826.531,37.446054169311
88.076033,15.916875,1634.629,43.277086400436
88.181391,15.916893,886.410,65.839716852533
88.171338,15.917804,2225.936,40.342136049049
88.123630,15.918924,9229.273,164.00473351994
88.114977,15.918161,3967.929,38.492750878092
88.023800,15.920233,29311.161,62.816303451875
88.157302,15.917953,865.163,49.708635689077
88.216489,15.919495,9001.645,60.801034618581
88.135916,15.919900,5354.479,33.878320882769
88.087706,15.919832,9363.216,483.21169251239
88.065679,15.919024,975.488,44.702564007349
87.984919,15.922447,88760.282,36.818430063103
88.081210,15.920526,2890.213,73.763106984627
88.011534,15.919841,2110.473,33.144734384050
88.192847,15.921405,10182.016,79.722684854097
88.030302,15.919856,705.342,39.000142529006
88.200803,15.922110,14126.837,36.267305341367
88.183249,15.920635,1344.194,37.565245040643
87.983354,15.920588,862.444,67.777901889093
88.044480,15.921542,1762.041,1009.2168498117
88.201583,15.923814,8599.364,39.365055412265
88.191433,15.926047,183599.527,36.557868943189
88.070095,15.922175,1566.050,47.418710319825
88.219744,15.922074,1563.053,497.90086859219
88.185335,15.922320,3846.926,103.78658842885
88.204593,15.927279,86854.625,41.681168787965
88.192390,15.923752,17424.435,37.416933449204
88.035032,15.922509,2857.978,39.102937819658
88.019753,15.922601,2375.446,46.386491758246
88.094938,15.922577,1275.792,117.54072332151
88.137646,15.923486,5075.362,43.003275609966
88.126795,15.924764,17346.950,43.349076859686
87.991687,15.923907,4731.594,36.886718871559
88.134228,15.923951,3908.347,40.281009916405
88.016600,15.922969,1625.664,32.953602002332
88.097183,15.923621,2223.965,85.587663541134
88.086274,15.923078,695.303,99.850003430966
88.185326,15.925238,10249.725,72.923622757256
88.220755,15.925716,9558.996,37.281658734439
88.017123,15.925241,10459.582,44.781417949809
88.218459,15.924449,1234.896,36.576201611129
88.143568,15.924529,2620.212,91.544459340148
88.045065,15.924595,1411.779,63.270203355940
87.983493,15.925878,13863.522,41.692575326698
88.156686,15.925765,7208.053,49.061973309751
87.998062,15.924931,2082.171,40.350446505498
88.108250,15.925844,2844.501,64.221012358710
88.042983,15.925232,1552.543,46.404265055825
88.034881,15.926625,9755.834,37.763847684827
88.076934,15.925279,1360.670,584.69310592333
88.148195,15.925166,550.580,285.39795086439
88.115834,15.929477,105632.658,41.118937421027
88.063653,15.928377,61599.619,57.343849169853
88.101707,15.926415,2835.181,85.134377551391
88.212780,15.926693,5705.240,40.564397351956
88.028726,15.927330,11485.316,38.807190342678
88.013578,15.926363,1235.911,391.38960323101
88.138640,15.926349,1091.898,39.848069357886
88.211839,15.929971,73124.697,55.222706452044
88.130591,15.926918,1025.791,40.025588033353
88.218781,15.928181,5925.935,32.410517846096
88.018369,15.927603,935.588,43.785453218171
88.132010,15.928634,543.385,76.812102623653
88.093827,15.929970,3950.508,39.695114288363
88.151713,15.930479,9699.094,33.046812398547
88.060167,15.929563,1265.665,43.711983824190
88.123366,15.929703,669.557,489.43405728850
88.030038,15.930799,4711.932,33.649093003412
88.180032,15.933570,87606.961,35.874527972850
88.175859,15.930256,920.915,42.826986882891
88.054143,15.930889,1020.587,66.653213606380
87.986617,15.931198,2884.470,220.88531639549
88.025681,15.933100,11701.864,34.754133925893
88.116116,15.934808,44139.723,44.740588012218
88.019319,15.932021,1457.779,54.152844777438
88.176818,15.932712,3283.852,38.773831057220
88.063420,15.934180,7701.680,34.102731762852
88.040954,15.933950,980.823,34.036719134612
88.133565,15.934322,1485.874,42.911917248343
87.984222,15.934175,799.775,45.016774233705
88.049047,15.935603,4436.953,43.101207754748
88.181181,15.936051,5720.120,38.411005719333
88.080004,15.935703,3087.540,76.517213704642
88.055446,15.935829,649.629,57.542217328947
88.071467,15.937652,9900.091,47.282218396420
88.077413,15.936703,6348.205,905.07643978991
88.225523,15.936902,4416.405,39.245070808468
88.046346,15.942412,217525.250,50.473847253742
88.018282,15.936423,1638.101,819.29472793379
87.984859,15.936996,5473.360,40.626658436870
87.995541,15.943363,189497.533,43.017018288337
88.093192,15.937801,813.999,42.763335948060
88.223046,15.938595,2482.203,40.033981622059
88.152304,15.938070,612.002,602.45707253656
88.019008,15.938285,1140.162,45.169212878190
88.117905,15.942143,102108.442,50.554809020498
88.212910,15.939210,1895.104,39.033357311916
88.038070,15.939290,4040.447,59.442875999107
88.030441,15.939991,1623.143,36.260822018030
88.186890,15.941540,7016.869,37.948094257405
88.232558,15.940095,653.886,38.769855661748
88.088426,15.940774,1626.917,45.996835079862
88.137415,15.940817,1034.069,176.46721797762
88.176368,15.941447,4166.243,38.310659332633
88.062098,15.943827,32317.541,38.661861641499
88.001734,15.941297,747.402,38.317167557411
88.065871,15.941056,730.149,38.580403428731
88.017507,15.941655,1215.539,37.331362073916
88.130424,15.942222,1277.749,42.275128990499
88.142907,15.942146,1731.268,37.126433255478
88.051536,15.942611,1324.725,40.174794206954
88.032642,15.943101,3026.146,38.888048547857
88.230200,15.942970,2636.494,34.217014607436
88.070763,15.943199,1455.734,38.871262201794
88.218868,15.942580,1052.008,59.422121369398
88.048913,15.943375,2632.762,80.028777004474
88.006689,15.944106,6738.878,35.632605591859
88.189309,15.944949,11436.467,370.01820019578
87.987091,15.943607,956.641,122.46545525684
88.057839,15.947056,79224.357,61.749262962306
88.136390,15.945808,19380.363,36.104014836827
88.072882,15.946033,9695.567,37.897558000621
88.090572,15.944779,1740.839,33.630994172051
88.141499,15.945283,2469.233,58.053978635186
88.050861,15.944898,736.315,43.954541398236
88.094497,15.946837,8146.041,40.436914902580
88.100619,15.946331,2650.901,35.852273591326
87.986535,15.946272,1772.150,39.898852497504
88.027778,15.945841,664.626,38.675110935798
88.138588,15.946829,1755.774,36.846701076756
88.156033,15.946964,2030.407,43.471530603491
88.122123,15.946985,1023.672,35.713778486396
88.089159,15.946977,2173.895,38.427343314861
88.112679,15.947270,1485.446,201.72613333183
88.050894,15.947338,1158.757,37.977299335316
88.141710,15.949996,38097.591,38.124080978205
88.170991,15.947610,1032.155,59.250719647487
88.019190,15.948006,2677.107,35.680896591880
88.179625,15.949238,8340.495,422.58782905346
88.180735,15.947387,659.385,56.665706085219
88.148469,15.951195,79446.126,50.689631105460
88.225899,15.948790,4883.559,47.159708597326
88.099373,15.948188,1930.918,52.842412746895
88.221267,15.948907,4446.821,39.742130423138
88.048277,15.949629,6053.511,138.46767168207
88.054741,15.949241,3051.948,35.109176304510
88.151922,15.950763,24013.548,42.492107700115
88.229395,15.948907,1012.683,73.029183368060
87.991464,15.950038,3910.276,38.166598281040
88.006648,15.950481,12592.354,83.481434201547
88.200465,15.950068,1327.631,38.076936891073
88.063277,15.951548,14580.932,63.804810676158
88.090117,15.950677,1667.642,45.804034985137
88.162525,15.951789,8838.838,56.856768436589
88.195430,15.950898,1976.592,39.308842182042
88.003940,15.951930,8035.537,131.04092660621
88.212584,15.951173,1435.012,43.203639839728
87.988306,15.952628,22705.901,43.103256021181
88.181225,15.951854,3531.538,43.734493253241
88.143707,15.951769,2754.701,39.244917964969
88.040475,15.951450,1818.744,41.153650668195
88.207003,15.951496,1732.788,35.562115119375
88.184177,15.951603,1432.268,40.304841769087
88.032760,15.951049,485.901,235.41545835506
88.042887,15.951855,1275.212,37.742633261468
88.177626,15.954248,43153.989,128.56166898910
88.158738,15.952009,815.229,75.979962685853
88.098190,15.953623,10657.477,40.295327325453
88.153824,15.953932,9506.666,41.485813026336
88.113718,15.952511,857.500,112.52275411169
88.139398,15.952532,1314.995,39.664671247929
88.195565,15.954521,14321.126,42.805857756662
88.127766,15.953084,1527.883,40.943478973523
88.090459,15.953471,4240.890,413.59583792455
88.063914,15.953700,1917.832,65.610506510712
88.032817,15.956870,77063.680,36.691497797529
88.043476,15.955017,7987.450,38.659447043721
88.027456,15.953305,549.801,40.674685767578
88.165874,15.954091,1402.036,45.208417991510
88.157890,15.954510,2348.980,36.595369026470
88.055046,15.955161,2204.474,37.805541289671
88.173790,15.954909,1220.131,396.81634357604
88.126595,15.956099,771.290,35.041044822115
88.218821,15.964338,71555.001,89.908424727369
88.172808,15.957039,1527.074,105.66635188889
88.022263,15.958513,13125.894,42.867373673864
88.190632,15.958532,15762.085,33.135716061560
88.005470,15.958034,3370.882,101.12121935368
88.148781,15.957521,1415.668,41.085304342903
88.050309,15.959377,19555.189,64.373998980838
88.164292,15.958235,2461.475,55.036793953229
88.230636,15.958665,9706.545,37.542015787144
87.983805,15.959092,1397.883,38.714544312830
88.144540,15.958672,1755.482,38.599183279401
88.166770,15.958648,2891.485,42.174157800077
88.171792,15.958693,1117.868,33.737745299767
88.053547,15.959642,2883.598,42.161351601892
88.014587,15.959383,890.648,137.36850687167
88.067089,15.959842,3968.345,56.908378664808
88.064876,15.961679,25582.475,94.907347989864
88.212504,15.960489,5494.445,159.14864543411
88.104436,15.961177,12323.131,37.449878353056
87.987963,15.961960,31372.986,35.899892097739
88.110881,15.960471,1824.727,62.650250429625
88.138567,15.960426,1341.504,34.697609175909
88.230855,15.961494,8766.049,144.48160341715
88.113371,15.960230,908.777,77.074469944852
88.109248,15.962563,26498.340,46.675842809623
88.096756,15.962112,9587.319,36.044026525372
88.170270,15.961697,4891.154,38.932099354445
88.042505,15.960930,689.984,128.33207044316
88.004638,15.961278,1619.103,55.376105147314
88.032764,15.963137,21946.779,39.322653659244
88.153622,15.962206,5380.492,36.216279805880
88.023373,15.961603,1039.849,93.315729095681
88.122064,15.961513,709.147,33.567292531235
88.086130,15.963428,16426.580,35.130144666713
88.204743,15.962740,1448.154,602.84135066828
88.201439,15.962569,806.662,44.828193522906
88.194878,15.966823,97624.607,51.015161062416
88.143998,15.963158,2154.104,43.728707681951
87.996358,15.963860,2375.707,122.03523228194
88.060095,15.964310,5194.969,48.894803041502
88.198148,15.965052,16811.282,68.091299960696
88.035438,15.964241,4802.488,34.597782521242
88.134415,15.964749,7925.580,138.83385362220
88.146930,15.963237,600.336,43.032933149941
88.179607,15.965580,19635.029,37.749012506569
88.081474,15.964776,3172.168,190.83232299963
88.196065,15.963890,939.058,399.36020154243
88.090501,15.966880,36478.942,573.31314493167
88.034633,15.968364,83096.087,40.695152836595
88.163334,15.969674,111346.536,42.591363973484
88.182692,15.964912,860.603,555.49005966772
88.065491,15.965009,606.042,40.219252703754
88.179117,15.969528,91793.085,42.357625000511
88.029527,15.966328,1483.230,37.825711186854
88.123776,15.965960,1093.609,203.34002447246
88.042081,15.965882,771.244,35.262654920513
88.044537,15.968756,45150.482,53.167150987466
88.192393,15.966028,564.506,40.201119076089
88.027451,15.967574,4481.610,43.219401733617
88.057706,15.967049,1906.302,49.953310133212
88.170757,15.967349,2169.157,135.08703173682
88.036373,15.967500,1057.447,44.187985785044
88.184771,15.969195,19278.590,51.488878508492
88.049368,15.968199,2702.727,42.831659442679
88.140800,15.968397,4754.578,49.410772528266
88.012019,15.968133,2415.573,34.814694296748
88.032471,15.968463,3866.307,41.446225995496
88.213016,15.967769,947.900,42.054100513272
88.071985,15.967415,646.705,242.72158087229
88.081573,15.968559,2080.445,37.973922111801
88.172393,15.970869,43225.668,70.725719084981
88.138816,15.968109,1099.325,65.295361623569
87.983009,15.969911,9262.656,57.613262774220
88.025241,15.968915,2230.350,99.972475801854
88.057427,15.970026,6481.568,31.397504097406
88.197493,15.970736,14109.606,948.32926084609
88.087176,15.969675,1127.574,52.071034066773
88.061999,15.977829,204454.253,50.500411994378
87.985180,15.970050,953.786,68.611557745514
88.026986,15.970982,3466.034,34.727565703823
88.216752,15.972078,11018.219,1019.3395200467
88.054703,15.970826,1425.236,662.96015568906
88.145557,15.976137,200339.733,150.84390802161
88.127062,15.978190,135957.489,146.04729788907
88.166972,15.972817,22820.113,418.78294351091
88.119237,15.972862,27662.986,39.262155346142
88.038486,15.975049,89420.713,533.29137480492
88.137845,15.971847,2698.237,48.931293589399
88.088619,15.974856,106433.906,49.234410061079
88.201339,15.972695,5008.502,34.860206389786
88.170459,15.973132,7175.848,34.539533963400
88.190948,15.972277,1861.651,34.499253025185
88.116325,15.972252,1516.075,47.166366155193
88.185078,15.972152,1047.457,36.096439531360
88.107946,15.973583,6249.993,56.323274062323
88.182218,15.972400,684.904,36.094607540889
88.016304,15.974519,9210.781,38.148544868269
88.229816,15.973054,1356.032,40.549377304766
88.046997,15.973668,3640.054,41.654741775279
88.065481,15.973387,1550.116,38.879564520464
88.029599,15.974056,3363.254,37.253796550391
88.126160,15.972896,559.353,41.028795306317
88.142785,15.973652,1223.236,35.500804320473
88.031842,15.974378,4238.812,36.241840935302
88.114292,15.974093,1004.567,35.383218533854
88.173782,15.974163,1684.065,99.978415222283
88.187173,15.973706,654.970,41.881745273054
88.031277,15.976130,14997.457,34.812769996619
88.094748,15.974633,1864.109,67.621061247806
88.128510,15.975102,2074.949,37.103602643113
88.002426,15.976377,11215.716,42.567771724971
87.989513,15.975620,1352.407,33.787552276059
88.066251,15.976070,3630.630,40.862236004223
88.174791,15.975736,1769.223,403.36942334529
88.194821,15.975893,2514.452,51.827442456368
88.169453,15.978856,66846.635,44.964470294800
88.230711,15.976374,5012.898,44.353570073026
88.011009,15.977042,3268.636,56.176345622814
87.990263,15.977482,6343.989,191.18056262303
87.984525,15.977264,6108.644,704.73064030502
88.203202,15.978513,31173.016,39.341267379023
88.201891,15.981434,137665.126,52.700518022485
88.098275,15.977396,2114.206,63.215215275250
88.188777,15.977775,5308.079,39.697636395148
87.993126,15.977851,8947.629,36.477342093980
88.004890,15.977456,2191.950,42.333325077565
88.114790,15.976556,599.536,37.766711290308
88.216244,15.978114,3745.549,40.210741938359
88.150727,15.977120,783.913,38.638112215823
88.119650,15.978000,1845.044,40.124931705074
88.014332,15.977655,1848.479,43.305024704079
88.221944,15.978115,1592.785,52.891199671550
88.124844,15.978263,1290.382,37.537418443759
88.018937,15.979309,5859.313,259.83403469204
88.141928,15.978456,742.033,39.487789187345
88.229478,15.981631,48229.839,92.833649313072
88.182213,15.979932,1875.828,165.37668968677
88.068490,15.981111,15265.730,38.538798411517
88.173535,15.982089,25338.635,36.789506654147
87.997157,15.979512,508.306,33.426032145067
88.118533,15.979841,706.234,44.847505018083
88.132659,15.980105,515.489,221.80575043729
88.092150,15.981454,4197.772,45.310751478990
88.155494,15.983390,25852.548,52.817600886474
88.195594,15.981764,3568.978,37.950861402008
88.126268,15.982577,5087.724,396.22663481665
87.985206,15.981778,1397.527,157.07644644736
88.037200,15.985120,79752.947,38.264497867220
88.068593,15.984154,30541.455,136.92495110074
88.014794,15.982693,2749.768,310.57759591873
88.081343,15.984242,27450.595,35.923625625682
87.991914,15.985265,61064.448,38.607760479068
88.086489,15.982942,1397.748,37.898813751297
88.078994,15.982993,2733.552,40.325454006542
88.189975,15.983125,2424.903,36.259455404335
88.214668,15.983679,3683.472,632.71277203057
88.118987,15.982525,715.406,42.551475651114
88.118253,15.987841,134933.605,42.381482683985
88.039520,15.983378,1178.073,39.745298141404
88.026172,15.983922,2909.147,37.041087120698
88.006788,15.983831,1836.495,40.025619544608
88.224117,15.983974,1804.223,38.552889155647
88.051698,15.984033,1495.259,35.022425253002
87.997477,15.983525,551.774,39.242784245112
88.004366,15.983484,540.966,33.044137870566
88.089071,15.985079,3704.211,42.718454980354
88.062139,15.984852,953.722,35.576878023040
88.151781,15.985075,962.778,31.706770508721
88.050080,15.986418,1699.378,53.918890211475
88.199406,15.985997,973.915,40.834594356167
88.221251,15.987084,6401.240,292.63649005189
88.055057,15.986964,2943.597,36.407479264464
88.182428,15.989507,49928.485,38.008110738872
87.988884,15.986470,1023.909,34.211164888479
88.004826,15.986862,967.770,36.132030381901
88.158888,15.987008,700.544,774.20561002944
88.028050,15.986913,1002.149,165.23366945620
88.198816,15.991577,124743.953,69.182794114668
88.187581,15.990269,25744.950,132.24659534033
88.166657,15.990016,9714.649,39.737938681736
88.219065,15.990368,19559.821,44.228478068293
87.996055,15.988510,811.125,38.198746340272
88.001401,15.989538,5277.909,37.752887441329
88.015459,15.989020,2654.172,34.103294431144
87.982565,15.988934,682.469,135.56531723147
88.161447,15.989601,857.610,93.574424793678
88.229446,15.991670,24828.645,203.66013106694
88.127027,15.990865,13423.109,53.444791349632
88.143682,15.991669,40163.603,54.662254265260
88.092218,15.990781,6100.453,43.867455325329
88.201612,15.990833,8838.367,95.312748043056
88.105501,15.991022,3767.328,124.96444284738
88.056935,15.992527,11683.450,65.939296964386
88.066494,15.992679,20147.217,154.60920549028
88.157150,15.992299,8802.899,65.844129942158
88.165515,15.992894,22667.417,44.980102273753
87.983435,15.992595,10150.150,61.463853433957
88.171615,15.991552,3092.798,122.16517384230
88.005622,15.992848,9881.339,36.114216287521
88.014225,15.993333,22233.206,43.687940906020
88.141719,15.992114,1918.297,42.030147014517
88.185303,15.992942,3788.330,43.508371014211
88.097110,15.992747,3381.915,39.088032426519
87.988385,15.993352,4021.631,39.829035093311
88.020925,15.992563,1038.819,169.39210027837
88.032203,15.993364,986.646,43.898994245340
88.210593,15.995587,29269.152,46.058272485197
88.038302,15.993913,2156.757,40.944765074710
88.193510,15.994717,3997.296,38.945691259733
88.063259,15.992848,570.745,46.473419340072
88.128190,15.993376,690.821,35.471401367948
88.186620,15.994572,3647.222,54.943573316758
88.142572,15.994743,1176.655,45.806790903427
88.220673,15.995618,5886.104,63.992402377088
88.024624,15.995246,3341.667,39.678643109708
88.166029,15.995604,8494.900,59.526026975824
88.050995,15.994769,716.201,49.791421927103
88.164269,15.996304,6830.672,34.727869882328
88.153917,15.996540,4918.252,33.352305547719
88.160978,15.995896,725.546,168.50663934636
88.215772,15.996176,1393.675,38.282110059233
88.042795,15.998881,31203.262,41.329108893564
88.171216,15.996877,2622.527,35.988432927357
88.186720,15.997466,3025.432,38.600306082282
88.144769,15.996802,1398.740,47.992771391342
88.064982,15.997193,2199.514,36.547304838616
88.053325,15.997467,5861.618,232.19758453203
88.217776,15.997081,1969.787,38.144915122833
88.165285,15.999476,37697.604,40.400263620518
88.096386,15.997555,1619.374,1138.4839559336
88.190247,15.997158,856.388,35.460419095581
88.225208,16.002855,182777.091,36.224396820382
88.195726,15.997738,1653.900,37.223859463695
88.080169,15.998577,2041.260,35.503357205295
88.228641,15.998651,1797.627,35.217415268553
88.121286,15.998265,565.296,127.06231847210
87.987247,15.998465,681.631,38.513127784618
88.214120,16.000302,19951.495,39.559397836163
88.208693,15.999842,3477.855,34.404804135599
88.029910,15.999279,1674.165,35.707482685623
88.050817,15.998633,451.091,38.467867638438
88.018985,15.999467,513.080,47.694447252080
88.094760,16.000033,1579.386,35.533905905003
88.026741,16.000899,5325.372,36.733594618641
87.992918,16.000004,1053.050,39.460522281379
88.192662,16.000246,1356.093,36.389070008460
88.063902,16.000191,1112.245,49.632246868086
88.109832,16.000501,802.442,33.926734180401
88.122976,16.001549,5563.440,30.956925888196
88.042309,16.000960,1012.960,37.963462326256
88.000533,16.000891,976.002,63.875173152806
88.060575,16.001427,675.527,818.02747854595
88.208298,16.002854,8120.013,295.12357198141
88.196130,16.006373,137751.696,506.48207383008
88.043415,16.004505,59240.335,35.227499007168
88.224527,16.006198,85408.381,38.553712009302
88.182399,16.001944,1537.292,37.634090520035
88.117130,16.002808,3291.417,375.79337702293
88.090574,16.002593,2208.740,180.59749390810
87.992783,16.005203,78827.122,36.787107540518
88.020838,16.004403,31481.746,57.052202578301
88.012514,16.002787,851.694,52.851445702229
88.084040,16.003691,6981.593,38.168123323772
88.069047,16.003988,7876.178,35.315028856772
88.052140,16.003493,2376.314,42.441549468809
88.231374,16.003207,758.383,37.242526943675
88.054061,16.004297,4243.551,232.33133843699
88.115197,16.004055,1285.977,208.84483097261
88.062626,16.007958,50879.784,133.03271328435
88.216318,16.006802,35739.704,41.748988076010
88.133231,16.005974,26815.941,43.079646053553
88.004257,16.004754,2608.278,40.772167489309
88.168545,16.005323,1940.282,391.63710913373
88.104621,16.005789,1772.365,56.596949575202
88.060625,16.008976,85671.796,147.62464958309
88.034409,16.006924,7896.979,40.794613347635
88.024247,16.008745,21568.243,43.687893997978
88.107946,16.006072,1752.887,640.66120889748
88.064909,16.006183,844.590,50.506067637003
88.187165,16.010597,101025.796,61.290499690374
88.037528,16.007183,4355.184,38.512868991421
88.198385,16.007299,5692.634,38.371642164040
88.203690,16.007267,2801.413,41.439621296288
88.176887,16.007140,1353.663,52.218352351159
88.214791,16.007988,2589.448,44.566688724777
87.993671,16.008153,3756.832,56.210196153085
88.154787,16.008788,4134.267,92.136239852544
88.160455,16.008855,5944.571,35.898476333905
88.078381,16.009742,17923.865,40.110418369598
88.105539,16.008107,591.560,50.678420816040
88.112168,16.009071,1937.979,56.211240942801
88.047385,16.009618,7597.295,38.585407951342
88.172235,16.009399,5975.601,39.457891518390
88.098819,16.009190,2218.380,37.706466683324
88.109689,16.008305,745.782,88.244057027831
87.998338,16.008812,664.521,44.861676897640
88.045733,16.011636,18578.656,55.984853743331
88.075184,16.010551,4744.059,36.838202217915
88.118474,16.010703,5286.061,146.70123444877
88.082662,16.010782,1519.505,33.119601754314
88.162688,16.012922,22550.912,37.333728462290
88.043584,16.010661,903.433,36.766657846479
88.209339,16.010844,1794.454,49.079134731206
88.202482,16.010652,1174.683,38.202895886606
88.223376,16.011310,3594.694,413.15952215564
87.997923,16.010788,1537.039,36.829375897892
88.053678,16.014274,94873.521,47.575822172323
88.050193,16.011222,688.907,41.469115259943
88.217979,16.013154,3051.153,118.82987254228
87.982802,16.011211,1068.785,46.707668418954
88.024213,16.013435,22632.422,40.202949266778
88.210176,16.012497,3975.222,104.21648432238
88.019969,16.012182,1341.515,35.404400603110
88.143419,16.013814,19510.767,36.057506538218
88.220196,16.011805,840.364,45.283006108568
88.057642,16.012741,1766.804,74.863962065695
88.110170,16.012818,3851.193,37.491004020489
88.105496,16.014019,8468.174,47.978509705814
88.157532,16.013571,3275.482,149.93635807339
88.034449,16.014103,5557.527,275.12972124529
88.012348,16.015179,30032.906,161.63078510898
88.105253,16.015934,62880.414,57.094490279203
88.150514,16.015153,26150.927,35.338366089363
88.141167,16.015136,7789.437,35.620179491523
88.101621,16.014197,2006.867,158.28753270476
88.117764,16.014604,1362.030,38.286425795123
88.071974,16.016490,28259.197,79.836398270538
88.080595,16.014670,976.096,36.748884201801
88.112387,16.015704,14922.124,41.204992012011
88.211396,16.014938,862.489,33.778659136694
88.018335,16.015683,3245.048,65.643450096879
88.227571,16.015316,1285.062,54.999593262250
88.115517,16.016939,8907.260,35.493459668347
88.033231,16.017733,8054.509,46.454001869373
88.109548,16.016382,1003.382,35.395348438162
88.187437,16.018176,5354.654,43.350813216669
88.058942,16.016970,1535.309,39.600681123868
88.005377,16.017387,2963.080,40.156279453940
88.177078,16.017234,2468.213,37.031864624861
88.145212,16.018106,2645.933,""
88.102186,16.017682,980.059,""
