#mjd: 58830.23896
#filter: r
#airmass: 1.441
#seeing: 1.371961725
#m5sigma: 18.171
#exptime: 10.0
#night: ut191212
#ra dec flux fluxerror
88.049039,15.776499,18765.415,238.51849004818
88.216933,15.776728,9618.342,247.92447282820
88.007177,15.778980,38640.945,321.01845717156
88.206181,15.776898,8430.059,229.56648691473
88.020090,15.778319,16985.293,197.70587475469
88.150047,15.779028,2021.065,218.22366040227
88.012022,15.780127,5508.375,226.15860439223
88.164352,15.781910,40516.784,270.94799728617
88.233626,15.781212,2927.677,217.15757054509
88.200522,15.782045,4253.581,210.37311394619
88.222253,15.783979,90404.947,422.39417025274
88.068496,15.784228,40626.766,319.16234034441
88.122674,15.784405,8682.744,190.70263153984
88.012852,15.785824,52825.207,367.88046478376
88.179707,15.785214,6432.267,217.69747615128
88.104774,15.785713,8322.345,211.07930543967
88.017964,15.787113,32494.993,243.18124897937
88.162705,15.786583,9022.558,236.71862165514
88.145272,15.786997,14623.050,249.70943165430
88.004246,15.786816,6230.017,207.46441107399
88.113007,15.787620,8335.611,203.19927837441
88.128498,15.786684,3659.493,225.85954557938
88.192958,15.788425,12520.508,235.17279213368
88.004041,15.790439,53824.416,346.76402315126
88.221178,15.789138,5230.314,220.97698537217
88.141178,15.790726,70778.656,393.98822567735
88.133875,15.789445,5283.724,235.98637089389
88.021097,15.789496,7193.302,207.15071141004
88.123596,15.792299,11278.762,221.74264571529
88.218735,15.793530,14209.201,227.53683609653
88.000670,15.794411,23898.480,257.33714317429
88.188884,15.794639,12948.700,237.30631903175
88.192554,15.796130,33415.447,249.07423994183
88.118498,15.795078,5397.666,233.51929413990
88.175291,15.795733,6450.252,218.08053414062
88.083245,15.796808,13939.864,218.03795218895
88.006703,15.796337,5777.992,224.42066758012
88.189546,15.798333,5596.970,214.68507961851
88.120837,15.798416,5184.440,201.78904022021
88.151654,15.799296,15771.906,205.22318198740
88.206379,15.798479,3764.732,188.93155215071
88.129932,15.799759,8416.081,219.78615107238
87.994600,15.799842,20545.087,247.77194833005
88.096899,15.800615,10889.870,226.80709154987
88.043901,15.800801,9966.250,241.40627570618
88.238876,15.802900,4958.785,231.70632704455
88.102174,15.802668,12651.881,245.09518636183
88.171499,15.802981,7157.169,222.86658813448
88.040221,15.803031,6013.603,226.50209283516
88.103064,15.805281,64129.112,381.90358486697
88.031212,15.803659,4743.967,217.64949650895
88.226027,15.803934,5875.010,220.77444652626
88.024888,15.805856,70078.402,430.80085482243
88.136650,15.804829,14100.126,230.51878534692
87.992016,15.805501,80590.437,493.74530681711
88.177146,15.805905,23331.698,286.35304382650
88.187093,15.806440,38115.229,252.92772506563
88.208204,15.806761,6086.198,217.02815898751
88.129635,15.808186,39988.605,268.52911514678
88.097846,15.808487,15645.626,212.31930379948
88.008091,15.808780,17770.082,227.58236031385
88.238870,15.807132,839.006,200.13329952297
88.227762,15.811714,147822.666,582.86847203818
88.016459,15.808823,7882.075,243.90655370184
88.160919,15.809861,16039.617,219.17922696619
88.102170,15.810069,8941.876,220.24412604281
88.121817,15.810679,12444.979,202.61486452681
88.142696,15.813487,29635.250,253.74437175047
88.024413,15.813023,10298.512,227.53813298588
88.227578,15.814467,51898.342,323.84216647431
88.010939,15.813398,16135.376,240.84915812119
88.162375,15.814362,12212.240,241.00744159590
88.050791,15.814679,12836.626,196.00020123634
88.175279,15.814565,13504.992,236.86529400684
88.180605,15.814211,8609.682,212.58662041432
88.166164,15.814654,10519.212,230.43725168541
88.171810,15.814788,6142.279,207.69566877876
88.170803,15.816567,4352.015,207.72195985843
87.995938,15.814875,9942.042,222.68066896843
88.046312,15.817230,88104.829,374.56998620319
88.104933,15.816451,16385.900,244.62895718007
88.079904,15.816944,34840.762,254.93201206601
88.238254,15.816665,1106.360,223.92284717302
88.157344,15.817244,5594.248,227.32905253055
88.160954,15.818549,23020.550,248.58342049737
88.074267,15.818029,4217.087,247.09469381987
88.183058,15.819447,13256.189,199.53282095207
88.007480,15.819880,22071.263,251.89504462475
88.070729,15.819412,5711.548,216.27220593074
88.050743,15.819471,3502.076,221.57785407991
88.004956,15.820637,11314.233,232.67802840329
88.073017,15.821901,38651.165,289.01728415866
88.010347,15.821086,6061.645,228.16224594235
88.110773,15.821594,4907.842,216.83156889361
88.229215,15.824432,5938.515,216.29762910770
88.140027,15.824345,4120.263,201.76994148710
88.089236,15.827708,4860.611,248.86750478558
88.181721,15.829316,19226.296,235.18795249232
88.187437,15.829938,7919.186,239.24327769349
88.068595,15.830235,11182.451,222.69582311603
88.178207,15.830293,3718.489,208.38248472893
88.217012,15.831493,9910.131,220.30204264686
88.036122,15.831265,5419.071,225.88139293490
88.175100,15.832189,10420.346,229.81704129841
88.201569,15.832531,7726.293,239.09974743241
88.105677,15.836060,23874.728,224.23529305483
88.023398,15.835199,5236.387,229.84414375572
88.036334,15.835294,4920.022,215.22844430840
87.992526,15.836462,31866.902,307.06961710337
88.223755,15.836460,5471.676,207.44089527782
88.210752,15.836910,6555.742,211.27700181475
88.101280,15.837409,6332.902,220.71471579436
88.195047,15.838188,25218.474,242.92006883013
88.012123,15.838170,11181.666,222.96924908963
88.079471,15.839578,34168.209,260.12432309495
88.046141,15.839736,17522.005,226.53542451972
88.075324,15.841177,23444.078,228.32877826493
88.076578,15.842609,3366.665,228.38126020714
88.203324,15.840262,4018.585,231.09264145983
88.001686,15.842662,69006.094,401.10008293439
88.122476,15.843324,76187.709,409.20656919529
88.059397,15.842223,4995.094,224.99492883474
88.024812,15.842573,6061.940,232.32919948852
88.068083,15.843797,18397.223,233.18705126317
88.143421,15.843012,4807.710,201.17494865306
88.036113,15.844348,25833.859,222.47564036278
88.132838,15.844054,10709.229,224.73366222772
88.234925,15.843271,3398.295,232.00464014646
88.181223,15.844160,3969.672,200.61653235951
88.051077,15.845217,8989.809,213.68089933790
88.226612,15.845545,6263.627,204.83293534366
88.104168,15.845849,5250.113,241.10650194238
88.169909,15.846686,5687.583,201.17115430110
88.047148,15.846532,3747.769,217.17953801049
88.132018,15.848853,21285.054,252.83425021286
88.147933,15.848627,5940.075,220.61646277303
88.012434,15.848938,5905.385,226.08706309491
88.152077,15.848959,2946.880,208.61577179163
88.129976,15.852052,105853.559,544.10861516651
88.027495,15.850987,16165.908,223.82436185279
88.174232,15.851295,3243.837,227.67546163300
88.225728,15.853771,58170.432,357.62317752551
88.017597,15.853099,3497.881,222.38819191479
88.183283,15.853529,3442.507,197.47784297645
88.071766,15.855344,31553.837,275.84732018974
88.086346,15.854576,7524.809,227.32869748085
88.140495,15.855187,7171.369,213.03887279215
88.175697,15.856042,8531.091,236.91527145537
88.177764,15.856546,8762.689,236.96036818148
88.075616,15.857787,81762.171,377.60699854149
88.167745,15.855989,4652.888,235.52623365564
88.166492,15.857429,12978.311,235.57228998231
88.096687,15.856232,3982.564,207.96944771186
88.003582,15.857040,6366.638,246.87660643655
88.026271,15.857099,3849.538,223.29699660826
88.020648,15.860485,63010.311,404.75638459036
88.034397,15.859366,22311.929,283.13026501382
88.080516,15.858953,13412.685,229.00341842244
88.040922,15.859751,23978.822,248.37771613809
88.108429,15.859360,13659.296,230.13778032363
88.196346,15.860362,30142.768,225.65448948376
88.032086,15.859356,9048.500,261.79313849430
88.232066,15.860696,4740.823,210.02094203092
88.030458,15.860820,5504.662,247.31854977772
88.151749,15.862241,43740.891,278.29915447190
88.141100,15.861082,3407.114,194.75585122930
88.020903,15.862680,51089.979,307.71647706528
88.220412,15.861610,5307.190,229.62818906537
88.099411,15.861376,4653.569,199.56344125773
88.050409,15.863660,5092.163,209.97940189033
88.239150,15.863340,-856.604,510.58093339525
88.082276,15.864250,4490.068,205.14599961559
88.179540,15.866297,26700.054,228.62380963789
88.175966,15.867594,4354.991,249.51754593899
88.029588,15.869197,8832.833,247.81785204100
88.133769,15.869434,6079.176,258.70596966518
87.995935,15.870198,9235.807,225.97748633608
88.198088,15.871678,75229.254,369.76780325644
88.141751,15.870563,5323.667,224.65201229640
88.238827,15.870361,1059.283,196.58063945618
88.229092,15.871733,12063.811,229.53278799205
88.063848,15.873727,47474.153,327.58563432094
88.232911,15.872784,11423.655,237.81234897942
88.220502,15.874977,53179.678,297.42291666815
88.029521,15.874708,31134.060,287.40523144348
88.156540,15.876419,7038.082,206.28563691532
88.078675,15.876803,17370.782,240.33725890317
88.104882,15.876691,6910.876,210.50933312357
88.084319,15.879932,21117.101,211.01205038838
88.212722,15.881361,9538.650,217.04199569516
88.111674,15.882236,15256.876,230.83708840315
88.079383,15.881202,3616.891,208.11698073489
88.183401,15.882565,9422.041,230.29249438379
88.019520,15.882222,4291.452,228.91370297634
88.123770,15.882893,3707.700,236.59476535734
87.992357,15.883677,39327.522,311.92200151515
88.046199,15.885538,55325.722,344.49276303619
88.057583,15.884599,4589.004,236.52616322551
88.174090,15.885497,7580.980,205.08049554881
88.171933,15.885584,5469.809,204.97646009153
88.231854,15.885947,12844.199,224.84767140475
88.082549,15.887073,38563.260,245.18387792801
88.019013,15.885643,4686.123,239.16402324056
88.076638,15.888015,64147.109,364.52340852214
88.236379,15.888181,31375.108,245.73941598620
88.238375,15.888981,1344.687,245.63286699954
88.142593,15.888027,8646.330,204.06897075274
88.186168,15.888491,4667.776,176.53970569133
88.229591,15.888490,3519.229,216.91944910975
88.237415,15.891462,1790.547,216.59553679309
88.105455,15.891991,6302.258,216.66688130515
88.046690,15.893056,15662.084,261.50261072297
88.241745,15.894325,8682.512,229.54903991398
88.162873,15.895466,14928.612,221.17715914241
88.076540,15.896560,63460.202,339.90808091113
88.028412,15.895454,11029.307,239.20252869945
88.190296,15.896038,5146.358,244.93799488064
88.208628,15.896647,6732.238,219.84961233949
88.197997,15.897174,5566.876,217.09989833369
88.102073,15.898626,15939.735,234.88862100355
88.106656,15.897902,5153.414,215.12497615359
88.125271,15.899338,3714.050,203.94269508381
88.183855,15.901083,20599.609,222.24980582410
88.241444,15.900096,7772.412,202.26430430846
88.020837,15.901038,10037.212,234.32433389414
88.209368,15.902154,13348.408,203.77932397277
87.994822,15.901325,5029.853,227.00445266075
88.014167,15.903838,104974.275,504.23489784442
88.217729,15.904119,51749.639,306.71500013785
88.091153,15.903318,4136.962,224.53791472446
88.198302,15.904706,16233.360,202.87913771004
88.233644,15.905431,19671.475,235.67516803639
88.017902,15.904683,4079.392,234.53804684570
88.076818,15.905999,24411.508,240.39977437889
88.142477,15.906354,16955.867,237.12250308387
88.240866,15.905421,4368.363,217.50393009921
88.207541,15.905441,3819.391,245.91477368190
88.013694,15.906226,7839.539,243.20682071282
88.166894,15.907984,6946.117,224.75688368050
88.202322,15.908711,16509.940,257.60822577284
88.117882,15.909648,38579.063,250.10318712787
88.119794,15.909266,4508.658,249.98586933017
88.096142,15.910594,19031.437,269.83755180808
88.227919,15.910309,4664.180,212.18801464002
88.148950,15.910133,3459.594,222.56686637074
88.161133,15.910821,5037.448,237.58661612392
88.084097,15.911884,6401.369,232.92089848180
88.227977,15.912711,4162.914,206.04920261103
88.219686,15.913577,5814.615,236.78099653480
88.110407,15.915308,49238.579,286.74672472749
88.028175,15.914853,13482.278,241.21874274680
87.998465,15.915213,29180.161,269.47712984466
88.222719,15.914877,9523.886,205.09803958737
88.153105,15.914779,7906.802,195.83856650977
88.176049,15.915948,28439.758,236.62587157904
88.216849,15.916826,33608.908,261.09231365720
88.163320,15.916909,32618.244,231.21147556508
88.231508,15.916418,15264.717,220.59277192998
88.229559,15.917269,7477.971,220.46113449832
88.190925,15.917575,29379.788,256.65461021740
88.174323,15.918545,35170.958,237.95166523682
88.126931,15.919846,59725.481,317.94477784007
88.139441,15.919658,56638.013,291.35393808999
88.123652,15.918905,4527.873,208.46713659234
88.216493,15.919504,4895.536,223.94691820566
88.023770,15.920260,15604.555,261.55951954068
88.087742,15.919854,4869.367,230.90692720858
88.192849,15.921397,5155.258,246.37652513898
88.026002,15.923372,16267.539,228.89625666443
88.192391,15.923754,8621.330,236.14199269974
88.191435,15.926053,92949.660,405.51382086104
88.126811,15.924783,8294.093,214.67738543516
88.185320,15.925274,5432.006,204.97085434641
88.017131,15.925256,5315.717,255.06362045399
88.204588,15.927224,44089.037,262.59688457537
88.220701,15.925661,5069.328,214.88932976687
88.243862,15.925255,5435.213,191.05027245776
88.083600,15.927157,32337.098,263.89763634936
88.034850,15.926675,5332.204,231.49571250755
88.063658,15.928383,31038.642,263.96797344917
88.028719,15.927344,5913.571,226.55156305747
88.115835,15.929478,51695.523,326.58873124497
88.218796,15.928212,3267.369,217.84017818749
88.211842,15.929967,37903.058,231.84422187464
88.232883,15.930826,44404.508,316.70315082789
88.151703,15.930491,5193.373,190.85581547149
88.180035,15.933582,44539.188,255.96795045765
88.025664,15.933097,6393.305,212.94865841522
88.116116,15.934807,22550.317,223.97249456686
88.063405,15.934151,4199.320,229.32155588820
88.071419,15.937682,5126.034,230.07993941393
88.046354,15.942399,108870.240,450.84813166623
88.117913,15.942128,49537.388,309.73457346926
87.995472,15.943314,99916.652,400.79014059025
87.997003,15.944763,4092.252,401.08987533867
88.062106,15.943854,16322.393,258.47506264557
88.239322,15.945337,6947.700,194.09417217054
88.006689,15.944082,3367.532,197.52495240534
88.189317,15.944981,5701.430,235.54692429734
88.136392,15.945796,9682.068,232.92940694354
88.072904,15.946055,4660.573,249.15493710701
88.057833,15.947059,39629.003,315.60759345448
88.094494,15.946824,3927.309,229.31399784869
88.141709,15.949977,18922.454,239.77175536252
88.179608,15.949239,4317.994,204.06032587880
88.148459,15.951190,40027.627,261.47733277596
88.151921,15.950745,12167.844,223.93382816687
88.006630,15.950486,6610.131,223.05724222089
88.063289,15.951543,7640.250,234.49007215957
88.003906,15.951957,3805.000,247.65207080050
88.177636,15.954248,21450.407,209.42334028016
88.153825,15.953901,4911.763,207.68022447972
88.098203,15.953623,4624.601,220.98906433277
88.195563,15.954508,7466.827,204.91883156518
88.043474,15.955012,4015.479,225.57124804750
88.032798,15.956878,39988.201,267.89064213550
88.190637,15.958536,7884.465,222.54541316224
88.022285,15.958502,6093.518,192.31015078131
88.230661,15.958692,5009.187,227.40991120638
88.050307,15.959378,9999.950,219.99578802485
88.064874,15.961677,13117.344,228.70350207692
88.104397,15.961158,6245.958,230.77373707710
88.109247,15.962568,13409.874,241.63964239760
88.230852,15.961496,4526.252,245.09905941208
88.096783,15.962093,4775.797,226.95524182555
88.032775,15.963121,10977.950,240.28208921115
88.218809,15.964564,38599.587,334.16394024269
88.086117,15.963406,8660.144,243.06308456174
88.198147,15.965060,8404.345,205.90637899506
88.134467,15.964771,4093.693,223.68142097132
88.194882,15.966837,50318.268,226.88865362277
88.179615,15.965593,9391.112,205.50934660924
88.090502,15.966866,17638.616,227.49920220645
88.034625,15.968360,41799.990,274.13235387510
88.044531,15.968757,23650.922,249.82513842481
88.179125,15.969525,46561.190,237.25366575284
88.163332,15.969669,57047.270,307.88534799581
88.184776,15.969208,9869.380,228.70965312458
88.172398,15.970867,22140.382,235.13995340654
88.057445,15.970026,3343.694,208.23863153186
88.197503,15.970732,7199.875,213.83672493206
88.119252,15.972856,13619.538,257.67300610296
88.216756,15.972087,6083.974,222.22997264673
88.166973,15.972818,11134.321,207.92842615251
88.079299,15.974697,75320.152,310.75802680927
88.077702,15.973332,9697.591,311.22392948342
88.076664,15.976763,49710.170,310.89558174104
88.078816,15.976607,19345.522,311.11135262559
88.088590,15.974851,53671.783,322.12943677322
88.240437,15.973962,19136.346,252.77529014611
88.170494,15.973126,3481.575,224.56154596546
88.038470,15.975040,46573.147,337.90238100941
88.145512,15.976116,101986.963,340.18131334885
88.016286,15.974560,5380.566,253.36867021595
88.061995,15.977784,104590.592,475.34071367103
88.031284,15.976139,7825.180,232.10245343186
88.126975,15.978022,67109.787,297.18472007054
88.028684,15.976327,5086.962,237.22561525293
88.002406,15.976400,6405.774,228.38932834375
88.169449,15.978854,34689.442,224.37260832959
88.203219,15.978507,16248.438,211.35788009592
88.239506,15.978525,2921.444,202.67729497966
88.201912,15.981423,71266.849,307.64061460001
88.229493,15.981631,25941.470,247.80099227611
88.068491,15.981116,7947.543,211.97004812964
88.173542,15.982093,13135.540,225.31602549443
88.155495,15.983392,13111.507,242.06096487703
88.068604,15.984150,15564.184,231.21019754328
88.081323,15.984246,13923.707,216.60664239666
88.037191,15.985113,40828.810,315.95760532569
88.236024,15.983953,3843.619,188.42072428412
87.991887,15.985275,31844.078,230.40750808578
88.170315,15.985309,4157.070,219.39261823181
88.118248,15.987854,68572.118,304.03813659739
88.182440,15.989498,25519.293,230.74175993529
88.187579,15.990267,13370.250,209.82440318155
88.166698,15.990028,5038.997,206.43414147645
88.198828,15.991582,64337.921,353.26604554325
88.219311,15.990317,10450.026,222.69967071485
88.127029,15.990872,6879.855,237.91058188686
88.232139,15.991760,25313.207,286.21380094117
88.229470,15.991687,13808.284,244.12632658008
88.143693,15.991667,19911.733,224.10961844060
88.201659,15.990841,4534.663,227.37544535536
88.056942,15.992495,6459.081,224.44537248892
88.066493,15.992672,10301.426,212.56456577793
88.051481,15.991854,4947.504,229.82351275609
88.157171,15.992317,4318.044,220.10110629977
88.165525,15.992896,11710.176,191.21551996526
88.014192,15.993328,11262.539,217.18502730858
88.005611,15.992812,5155.376,208.57178319778
88.210617,15.995573,15054.191,225.42022707001
88.232010,15.998413,81367.927,608.63436488860
88.042776,15.998889,16220.961,226.94279301295
88.165294,15.999495,19297.647,218.55266516348
88.214147,16.000304,9991.815,218.00909060775
88.225228,16.002850,98740.115,649.79814725642
88.142001,16.002175,8527.353,229.54245725389
88.208316,16.002846,4286.240,210.55577775479
88.043396,16.004518,31469.053,283.26361788602
88.020812,16.004408,16349.779,231.88576525087
88.084043,16.003735,3708.573,232.09956946806
87.992758,16.005205,40335.631,255.48492635895
88.196146,16.006367,73082.585,362.17757001235
88.224540,16.006205,45566.346,311.61847579591
88.133230,16.005990,13947.571,223.58188991207
88.216328,16.006800,18515.488,224.66358031620
88.239292,16.007338,5654.119,198.17889526771
88.239206,16.009262,926.281,198.17206599699
88.062640,16.007981,26488.647,224.22929327943
88.034370,16.006938,3893.639,199.36176635145
88.060625,16.008986,45095.562,282.88439521699
88.065875,16.007942,5539.586,198.65888022449
88.024232,16.008772,10722.317,203.26627420311
88.187182,16.010604,53540.170,346.07219675076
88.236855,16.009599,3176.498,210.96789021750
88.078400,16.009763,9805.365,202.64445634879
88.028516,16.011365,8094.451,232.98818118466
88.045745,16.011644,10201.977,245.65194348000
88.154272,16.012717,11761.422,224.97865679397
88.162707,16.012929,11574.711,239.22885079846
88.172184,16.012435,3728.586,247.75939562455
88.053667,16.014271,49063.056,314.21198011823
88.143415,16.013829,10273.194,252.38125604975
88.024197,16.013452,11522.156,231.66582396491
88.105510,16.014036,4089.481,229.41371537162
88.105262,16.015961,31771.302,229.42079595824
88.034429,16.014139,2935.491,229.65753935364
88.150521,16.015139,12747.667,228.42929729105
88.012341,16.015175,14948.421,274.52438737123
88.112393,16.015733,7241.389,234.90218912378
88.159420,16.017287,65706.561,325.00674922836
88.071982,16.016512,14479.346,238.64093890479
88.033233,16.017825,4608.947,223.36391965531
