#mjd: 58406.31652
#filter: r
#airmass: 1.555
#seeing: 1.5326550749999999
#m5sigma: 20.0002
#exptime: 10.0
#night: ut181014
#ra dec flux fluxerror
88.024679,15.763916,71376.637,183.49975983704
88.175136,15.762760,nan,39.882669455348
88.009496,15.762870,1737.846,37.654092183889
88.127874,15.762505,nan,35.163779920065
88.058732,15.762998,1397.199,46.602225503831
88.100980,15.762851,437.873,46.598072275980
88.178306,15.762962,nan,46.819345748865
88.118553,15.764331,4928.394,46.821051844185
88.120059,15.765539,2088.486,50.775049170695
88.001161,15.764103,4402.759,32.769881191920
88.003058,15.764857,715.156,50.201068915470
88.020060,15.764754,3570.019,39.503287773804
88.109291,15.763854,920.848,39.466654844271
88.048593,15.765434,5454.387,39.472277124675
88.130108,15.765568,3022.901,88.659357362369
88.077700,15.765287,1184.021,41.935508705551
88.078719,15.766926,3426.545,67.784839668629
88.013282,15.768398,17662.130,48.547815910787
88.091237,15.766074,2284.318,44.282317775931
88.197491,15.768285,13351.507,40.127059615385
88.185723,15.767101,2372.897,45.592711299158
88.159336,15.767552,1670.239,47.681677151987
88.008435,15.766462,827.478,41.240001229220
88.099384,15.767431,1836.312,41.742869835000
88.168415,15.768894,5566.596,41.516481648116
88.105312,15.768009,1382.263,40.271230120139
88.047523,15.767645,1041.405,40.352566148779
88.038275,15.768914,4550.783,39.269001620494
88.120168,15.768337,1059.128,42.778853022642
88.226793,15.768525,698.488,47.274043640284
88.234670,15.768732,931.225,40.708608452003
88.011042,15.770324,4426.765,61.086091312189
88.106976,15.770114,4702.188,40.512217858528
88.085958,15.769690,1242.011,48.641347148837
88.149381,15.771456,9803.763,45.608902378723
87.994608,15.770733,2372.285,49.936772070259
88.235614,15.771354,5427.142,161.71699780628
88.049912,15.770608,1282.039,59.924523410995
88.224544,15.770725,1825.127,39.708494850182
88.036867,15.774811,48388.696,41.021603009378
88.168288,15.772717,9234.970,43.376477746936
88.013793,15.771834,2686.896,84.480148741781
88.199491,15.770998,1131.258,105.34605440659
88.182685,15.770783,806.314,38.948627852535
88.072895,15.773321,18906.957,41.722176500384
88.081919,15.771279,979.021,53.302376502556
88.035863,15.771547,1267.164,42.855119621815
88.054869,15.771198,600.027,43.867748015023
88.008070,15.772827,6508.930,41.217808420484
88.113852,15.771727,591.132,40.236617438299
88.051076,15.772738,1778.222,40.252042491180
88.232397,15.772741,1725.524,47.904580589997
88.203832,15.772801,1289.273,43.500202561115
88.125469,15.772351,552.796,38.103535973623
88.146111,15.773969,5001.020,40.453099513395
88.206915,15.773675,1824.431,40.462942713766
88.083410,15.773138,923.447,80.393884269205
87.993781,15.772878,845.388,44.337104199601
87.994289,15.775004,2833.392,37.783429345171
88.049049,15.776460,18052.011,59.235234090886
88.118431,15.774979,714.595,49.486090844588
88.170193,15.774699,809.287,153.59898916219
88.206190,15.776859,7801.418,55.316288348069
88.216912,15.776700,8767.494,43.311669431385
88.007210,15.778965,37448.573,45.679329492740
88.045756,15.776640,4898.200,90.221824541911
88.167431,15.776426,2453.058,42.250361704412
88.227817,15.776893,2211.265,43.939893011220
88.020113,15.778282,15296.702,41.608823671731
88.157500,15.777336,2076.136,44.658151975342
88.241263,15.778352,3378.512,38.612382080138
88.142047,15.777671,1518.824,43.786900993326
88.054103,15.778349,2385.254,38.292690036067
88.014083,15.777437,705.615,40.939176394301
88.050982,15.777938,1350.769,37.171737840680
88.056351,15.777949,666.114,119.14846461876
88.102844,15.778112,947.364,299.86578345775
88.150065,15.779009,1393.874,46.157674837571
88.164329,15.781921,37297.338,49.579284440526
88.222245,15.783969,86710.669,36.509980221239
88.012002,15.780127,5022.591,37.772773824930
88.000546,15.780949,2423.123,36.061075569236
88.203906,15.779901,759.492,127.70316139926
88.233666,15.781211,2658.037,39.069944086470
88.200540,15.782016,3733.898,42.856865847115
88.068501,15.784233,39449.110,38.798952401748
88.227712,15.781258,896.420,34.993496613530
88.147677,15.782056,2716.362,168.44038848620
88.155111,15.782109,1379.517,41.724187021350
88.178533,15.781997,555.533,45.934324366906
88.012866,15.785815,50350.904,54.219760420274
88.139755,15.781966,600.864,48.040046735340
88.122673,15.784399,8107.015,54.887276186819
88.071566,15.785751,3245.342,39.305756136168
88.179685,15.785197,6035.536,36.615430812110
88.104750,15.785700,8327.073,112.26352878525
87.993770,15.783687,933.541,36.830290340098
88.194281,15.784275,962.081,57.199406961072
88.017984,15.787105,32098.002,40.576038437711
88.065432,15.785040,1768.722,42.807799077756
88.162689,15.786558,8573.643,43.706014610010
88.135214,15.785358,1429.946,43.325313777899
88.001725,15.785065,807.619,38.819537414117
88.004268,15.786806,5417.891,42.629137599979
88.201570,15.785674,1958.538,39.810252619600
88.171182,15.785599,719.181,49.556819877273
88.128475,15.786667,3410.379,45.516862933436
88.089564,15.786393,2183.330,52.640558596557
88.113002,15.787600,8046.007,52.646635249792
88.057754,15.787263,3723.879,40.982409122271
88.192950,15.788410,12238.655,196.17860171116
88.191122,15.787640,2542.674,44.041734597935
88.074511,15.785919,497.146,216.29635953879
88.004065,15.790419,52096.604,37.756617925221
88.165591,15.787256,1078.821,53.458503596790
88.141163,15.790728,67038.543,37.268126174939
88.080189,15.787780,786.578,50.613151514487
88.221182,15.789114,5038.766,40.825186754398
88.196195,15.787876,723.901,45.316774010157
88.021131,15.789482,6524.032,40.754304332267
88.010028,15.788293,1074.430,44.176914252240
88.133879,15.789447,5136.632,41.658812011239
88.115602,15.788480,866.445,44.474589437254
88.149995,15.789544,1892.833,42.859156908806
88.147340,15.790340,2536.104,39.028006951462
88.230087,15.790367,1866.469,55.657211896844
88.096641,15.790345,1072.629,96.558660852631
87.998332,15.789691,790.434,81.462289505590
88.123580,15.792294,11117.612,42.455061640890
88.000742,15.794335,22539.043,49.399823390972
88.218708,15.793528,14088.800,48.970276511120
88.019136,15.792506,2761.925,42.635812713493
88.059558,15.792495,3191.278,60.427604388897
88.161591,15.792238,2338.379,95.238707583286
88.082183,15.792506,1646.384,42.094560254140
88.188872,15.794635,12245.754,44.337991693740
88.192545,15.796126,30743.584,55.646668884340
88.172663,15.793984,1844.243,47.060990552693
88.114475,15.793794,1227.469,51.386610542896
88.118473,15.795037,5030.152,51.394383049625
88.224561,15.794601,1629.163,50.948614818074
88.083254,15.796840,13854.335,41.262918151112
88.081890,15.795490,957.713,58.153688969956
88.175256,15.795718,6012.958,42.012536548256
87.997134,15.795172,1830.622,39.584485992023
88.006748,15.796305,5703.596,35.998084493645
88.244170,15.794883,nan,52.167114483163
88.207274,15.795800,612.150,52.166278419962
88.169195,15.797126,2153.377,48.204914526263
88.237529,15.796612,671.053,43.367523738493
88.151606,15.797408,1695.081,45.657852432791
88.151629,15.799276,15236.934,41.363505869434
88.120852,15.798406,4977.985,42.847996751566
88.189505,15.798341,4849.024,94.376380687837
88.206351,15.798452,3846.739,38.299912570643
88.071709,15.798052,2188.918,46.497075179243
88.159778,15.797442,918.371,40.184955810450
87.994615,15.799834,20145.503,64.451405640490
88.126094,15.798079,1658.006,52.734612041707
88.129935,15.799738,8751.544,39.514847752846
88.123756,15.798444,1127.082,41.984702345728
88.096901,15.800608,11382.981,35.997022878868
88.043904,15.800791,9466.224,53.400345308932
88.241373,15.799538,1182.612,48.086580833825
88.160133,15.800154,810.392,41.729372408414
88.090200,15.800067,736.027,36.981063850975
88.102153,15.802681,12862.373,154.59705361954
88.171482,15.802989,7121.414,45.749180725042
88.158628,15.801908,2499.245,47.999128384858
88.243473,15.801376,722.874,181.90498692410
88.103060,15.805302,64577.436,181.86330179262
88.040218,15.803044,6323.814,40.066554897779
88.238844,15.802894,5003.777,42.945178460477
87.992044,15.805488,79210.726,197.76084813223
87.993019,15.803918,984.265,50.437245099352
88.241107,15.802296,1479.380,49.587212068318
88.207766,15.802330,1716.294,41.040480839597
88.024913,15.805855,68985.496,65.331792913813
88.031222,15.803668,4303.615,144.65453211774
88.226027,15.803934,5980.926,38.068722547373
88.167333,15.803475,1962.745,82.276343283771
88.136638,15.804807,13710.354,44.837738638435
88.187079,15.806449,37290.357,39.415453839709
88.190448,15.803584,1274.175,37.125333217594
88.177132,15.805890,22129.003,133.43994694563
88.165118,15.804583,2771.648,50.992930334200
88.087896,15.804666,1296.515,40.239880150221
88.033595,15.804700,1615.043,40.919137056864
88.129627,15.808174,40734.843,36.034752871034
88.208185,15.806742,5548.841,42.154961663112
88.190015,15.806172,934.747,71.637982558503
88.001983,15.806471,1661.222,40.263332630033
88.062689,15.806176,681.586,45.202234141968
88.167104,15.805997,1021.026,64.213096661072
88.097853,15.808504,15735.240,64.202839183570
88.143392,15.806828,2066.221,54.675454957885
88.099975,15.807225,2753.061,42.643028226452
88.008112,15.808777,17637.158,44.915130611965
88.006295,15.807483,2478.510,40.286834931711
88.016466,15.808831,8269.965,37.647616360611
88.242799,15.807418,1876.755,36.957241265900
88.157600,15.808158,2998.578,43.885905873051
88.171738,15.807692,1404.989,40.943666457912
87.991253,15.807589,1215.728,41.104921199044
88.238720,15.807116,701.747,64.119350028933
88.067407,15.808499,2400.584,54.028334802387
88.235870,15.807855,740.655,43.635978052062
88.193519,15.808628,1365.187,39.901906232627
88.121797,15.810700,12828.759,42.125018969612
88.102163,15.810073,9350.053,48.583533102330
88.226304,15.809302,1300.422,40.512529329587
88.107423,15.809645,1405.355,40.507077771881
88.155819,15.810089,1318.229,107.49818490073
88.206861,15.810712,2522.300,40.528169981511
88.038283,15.810301,1729.902,64.516254770337
88.037528,15.812266,1491.940,77.690850755715
88.142674,15.813491,29015.199,43.455322594334
88.087239,15.811534,2140.059,39.389001376246
88.024447,15.813019,10381.038,41.523930054757
88.010956,15.813410,15661.411,37.930801898751
88.212841,15.812226,2431.257,37.824505807431
88.198708,15.811935,1009.298,49.123691451782
88.102358,15.812784,1747.771,57.832880090895
88.195015,15.811585,699.703,61.531743427092
88.176625,15.812021,830.405,38.676402959150
88.097241,15.812451,700.278,57.771832230610
88.175258,15.814558,13735.106,43.432155073259
88.162342,15.814370,11443.471,60.129378723370
88.218252,15.812645,863.775,71.676408892028
88.180595,15.814195,8376.552,54.890173900258
88.209744,15.812625,871.976,54.910146471736
87.995929,15.814888,9597.596,49.711135190208
88.050810,15.814688,12822.590,49.715107143396
88.166134,15.814646,10582.403,267.04242579661
88.168045,15.814211,1074.046,46.730184575143
88.171781,15.814798,6127.520,67.038350383594
88.170794,15.816554,4204.748,123.55525209421
88.046329,15.817244,86985.991,52.205033600255
88.000180,15.813753,766.883,47.683605876772
88.104916,15.816457,15972.473,41.913887342190
88.079909,15.816954,35432.171,51.187732591413
88.204956,15.815652,3083.412,38.864031772691
88.229936,15.815451,2397.622,37.506212537716
88.040521,15.815576,1663.219,40.920621278009
88.093336,15.816238,3968.140,45.527255567706
88.065225,15.815107,623.398,44.705644021586
88.088548,15.816108,1754.521,47.210183450372
88.222630,15.815734,824.811,103.84875142984
88.002430,15.815724,1056.944,41.918376725518
88.077274,15.816409,1480.823,39.888410149497
88.157293,15.817262,5477.094,53.668226460033
88.160942,15.818536,23097.993,89.218263353846
88.138059,15.816706,626.314,59.593439970491
88.238024,15.816846,958.666,41.297929810101
88.074272,15.818035,4108.412,52.670002238127
88.007503,15.819886,20916.032,41.639618922598
88.183036,15.819429,13252.480,116.54748897637
88.184120,15.817133,598.255,72.773438163581
88.070739,15.819415,5959.578,45.073591306505
88.189032,15.819082,2041.807,41.397246432161
88.073030,15.821910,38125.138,38.258436622054
88.004982,15.820651,11369.356,49.777771080608
88.050760,15.819481,3095.761,39.275456641275
88.094341,15.819719,1772.643,50.924624392928
88.212939,15.819774,804.714,40.425003574740
88.010344,15.821094,6036.806,38.853218797957
88.103265,15.820272,1425.858,32.696898152225
88.110772,15.821569,5676.309,35.024581898118
88.123761,15.821565,3685.498,41.229552706946
88.084206,15.821208,902.902,40.164287948212
88.237045,15.820953,580.985,37.633628176902
88.198079,15.821786,1185.136,44.343356348971
88.034857,15.822716,3155.841,35.462486300571
88.051088,15.822135,1204.515,45.749236675868
88.214200,15.822622,1765.134,47.765601828531
88.001976,15.822627,965.052,34.333046008207
88.085330,15.823339,1111.995,40.079537156995
88.018386,15.823619,3037.803,35.557380707979
88.229206,15.824439,5936.756,40.130258444251
88.235342,15.823819,666.925,37.665674124014
88.241410,15.824617,1884.838,38.357633428220
88.098887,15.824290,719.049,49.131555641992
88.039175,15.825791,2262.114,60.426356836756
88.131126,15.825980,1849.180,60.414560715615
88.063863,15.826203,1982.388,43.879286113948
88.089259,15.827706,4546.852,39.389795872693
88.181706,15.829305,18885.371,44.314469641231
88.183333,15.830474,1828.860,56.651771295948
88.109004,15.827839,3454.840,56.675441677461
88.218084,15.828067,1477.501,37.640405183798
88.050173,15.827968,1932.872,45.921691341900
88.068785,15.828375,1258.830,63.201256625471
88.068592,15.830237,11925.249,45.791710965359
88.134751,15.827578,620.102,38.585766312968
88.103439,15.828916,2429.427,47.109640226529
88.187427,15.829923,7490.459,45.902785143012
87.994450,15.829687,3782.132,36.967449478014
88.174840,15.829316,1910.324,38.596101014914
88.178161,15.830281,3616.084,45.141390531896
88.134328,15.830037,1916.931,50.040855156372
88.039925,15.829511,1233.768,48.156211886552
87.991185,15.829505,913.296,48.183554533171
88.166276,15.831133,4326.502,40.172065967388
88.175064,15.832181,10682.162,41.339948597279
88.201556,15.832547,7477.989,43.435730161002
88.200711,15.834556,736.794,42.833662103740
88.198467,15.832020,1126.493,42.776989988754
88.179476,15.832896,1008.723,40.032580892846
88.161497,15.833225,790.326,101.86046495307
88.057105,15.833476,1256.710,41.280621304982
88.184799,15.833058,619.208,52.429045960021
88.168837,15.834137,1563.787,47.644438510250
88.105676,15.836068,24175.760,129.46549244795
88.007240,15.833257,558.781,45.049890296502
88.023403,15.835210,5516.499,41.684000588668
88.036336,15.835303,4950.175,48.477202340591
87.992540,15.836462,30782.023,57.807261166874
88.238739,15.835760,3839.459,52.379411670872
88.181090,15.834614,905.859,102.18933284537
88.071244,15.835146,1183.539,63.138809423149
88.210761,15.836899,6432.718,54.550515149693
88.223744,15.836455,5439.328,130.19332762406
88.195021,15.838192,24897.764,38.379395248172
88.012143,15.838197,11421.420,42.686438927884
88.101277,15.837432,6558.220,102.54255870688
88.079481,15.839570,34329.079,79.686682849424
87.995031,15.836390,789.422,79.682156515671
88.049246,15.836729,637.055,38.845630735275
88.046170,15.839719,17758.649,40.776998168279
88.075324,15.841175,23804.357,42.811279031269
88.076572,15.842550,3094.655,207.49075567194
88.216040,15.839117,1601.624,36.328490954358
88.197226,15.838895,1276.055,40.182919329804
88.228398,15.838837,1126.100,49.328796937016
88.001706,15.842667,67119.907,234.17360379408
88.189646,15.839893,1273.622,37.848956403973
88.065837,15.839017,754.695,38.222849089028
88.203341,15.840243,4073.421,39.186958478108
88.122453,15.843324,75740.330,41.289750749368
88.039988,15.840036,828.954,41.292201003685
88.109513,15.840826,1549.049,35.346738422161
88.169913,15.840892,1334.935,38.686542626259
88.057699,15.841264,2694.909,40.850487472421
88.059437,15.842219,4570.474,42.489605503339
88.185386,15.841102,1478.821,36.829251563940
88.165598,15.841078,1813.049,84.457609709189
88.013911,15.841267,1870.088,53.397445685236
88.123550,15.841177,760.212,45.602541950597
88.151904,15.840963,916.141,38.555912381588
88.068084,15.843795,19194.116,86.631926780077
88.024821,15.842566,5850.110,36.396690017756
88.052939,15.841711,1863.065,34.956305079080
88.018303,15.841149,838.206,46.774292200933
88.036131,15.844346,25460.477,53.061252318019
88.218659,15.842413,1677.900,40.036999618188
88.211011,15.842032,1535.780,39.800257281392
88.143381,15.843014,5007.851,45.795416615561
88.132815,15.844038,10350.470,44.296657840873
88.240898,15.843093,1872.786,35.948310647143
88.234882,15.843282,2721.221,50.136796242909
88.181185,15.844132,4139.328,44.336711295465
88.119161,15.843597,2083.578,48.174197529152
88.157822,15.843048,633.561,45.834760153594
88.051078,15.845229,8104.508,39.077811833018
88.104164,15.845800,5297.647,39.616840210228
88.047142,15.846529,3369.434,61.383434237443
88.169881,15.846712,5566.780,61.395141257543
88.080065,15.846299,2103.757,43.093535929423
88.093177,15.845927,1098.581,36.944587630587
88.132007,15.848844,20999.765,39.732589185975
88.132884,15.847090,533.038,42.779961674923
88.144448,15.847006,2107.918,42.764699645793
88.002196,15.846620,839.669,36.756327287020
88.053963,15.847434,2237.780,285.14269281506
88.147899,15.848657,6397.230,46.654082614552
88.148857,15.850529,895.198,36.237377170727
88.185506,15.847162,595.112,80.310715253729
88.129948,15.852046,104723.626,46.502525401467
88.012447,15.848929,5965.249,39.374470837625
88.152044,15.848930,2665.945,42.150302859551
88.027507,15.850981,15998.175,46.776703621159
88.098093,15.850208,2747.551,41.727280721027
88.154779,15.849336,648.166,43.909079207674
88.199551,15.850257,2131.907,225.35265260853
88.001667,15.850265,2574.218,41.066973851455
88.184976,15.850077,1342.338,41.160551582879
88.219265,15.850082,2104.138,41.164002007661
88.225715,15.853774,57336.472,49.331773034522
88.174234,15.851302,3190.495,47.236408164150
88.212696,15.850545,709.049,39.245444167900
88.212816,15.852662,1314.415,43.020849063765
88.089558,15.851966,723.837,43.016431690753
88.017606,15.853101,3548.338,47.591892992792
88.157281,15.852124,631.148,48.888769006668
88.163998,15.852111,633.473,111.06015652530
88.162987,15.853805,1251.850,54.089482088111
88.147127,15.853105,2819.334,42.554729355340
88.183297,15.853534,3444.798,43.782115755078
88.071773,15.855364,31459.097,39.668359191519
88.086337,15.854556,7973.523,41.788680025021
88.045815,15.853923,1327.463,55.605006866296
88.179097,15.854158,2039.394,55.602483712308
88.014535,15.854171,2065.344,43.143962788787
88.144798,15.853359,824.377,41.199607975137
88.175672,15.856049,8736.431,45.959996003788
88.177760,15.856573,8931.461,40.872683579384
88.136100,15.854898,1858.135,41.482600418660
88.207532,15.855716,2785.477,47.588380328712
88.096643,15.856257,4306.151,72.365274413953
88.124844,15.855620,1782.049,42.646427779270
88.127676,15.855720,1748.621,49.389656668480
88.075561,15.855428,526.672,46.050142362996
88.166468,15.857423,12762.100,45.482893016834
88.242868,15.855405,546.564,95.027678179205
88.003581,15.857056,6323.015,69.390831657917
88.100739,15.856781,3109.580,69.772207448056
88.026281,15.857092,3653.023,97.829577442125
88.034407,15.859369,21548.680,38.723974605641
88.080522,15.858952,13687.179,40.720298579634
88.108424,15.859330,14275.590,54.611168771703
88.040933,15.859741,23868.048,54.598020455498
88.106207,15.857668,773.068,44.694443478561
88.037630,15.857691,1035.479,44.681235074895
88.032093,15.859345,9132.187,40.139275321513
88.030469,15.860794,5587.925,146.01220371445
88.009868,15.858298,911.498,41.335760275775
87.993007,15.859156,3199.712,41.333935380632
88.177650,15.859049,1222.736,53.696855226697
88.151727,15.862237,43495.762,42.031080859299
88.139158,15.859988,1706.872,48.335860822394
88.141070,15.861062,3403.446,43.887748510465
88.232071,15.860641,4827.475,36.427106422412
88.048118,15.859658,691.015,52.905123611529
88.099352,15.861314,4942.568,35.954203613235
88.122658,15.860262,1754.296,46.156741862900
88.199351,15.860026,750.750,40.711898007758
88.220378,15.861616,4994.386,91.481245414069
88.217564,15.861313,1138.088,37.180490482895
88.050385,15.863645,4680.974,40.766973600678
88.082293,15.864179,4134.062,38.944235140016
88.179501,15.866297,26190.412,41.279999732206
88.239055,15.863236,1000.873,40.469298729600
88.031988,15.864204,3620.793,40.544016913203
87.996980,15.864563,1084.621,38.080748678812
88.230235,15.865311,2176.701,41.000778040606
88.013913,15.865072,991.542,37.553397268873
88.198119,15.865234,2216.510,37.543235389102
88.126471,15.865189,694.838,37.792497174114
88.018742,15.866564,2862.155,41.382304010511
88.175925,15.867640,3550.858,297.10819408397
88.174042,15.868628,953.048,61.985192557957
88.165918,15.867493,2090.711,54.346894029587
88.163000,15.867753,3176.482,51.606606539992
88.198067,15.871685,74750.599,51.596564182415
88.029593,15.869199,9421.140,49.898388529012
88.133771,15.869440,6313.381,39.104730963815
87.995964,15.870197,9009.577,72.303930065494
87.994023,15.871042,4920.705,43.774377395592
88.141707,15.870563,5931.981,150.39164373471
88.146836,15.870279,2305.893,150.30567847249
88.229071,15.871710,11935.478,41.005945593114
88.117013,15.870118,1819.446,41.410873899409
88.063860,15.873704,47757.925,42.642706541954
88.062760,15.875620,1107.663,86.285579081177
88.238731,15.870440,782.798,235.87374633813
88.149585,15.871628,2683.151,39.048104733165
88.223989,15.871379,2218.146,43.168389607060
88.232906,15.872766,11329.328,122.16051875016
88.220495,15.874968,54389.924,44.855493075287
88.105572,15.871531,1105.617,52.486986074079
88.034352,15.871735,1380.103,47.186134984194
88.029574,15.874712,29838.281,43.951098590777
88.125957,15.873263,3317.354,40.365151791465
88.205329,15.873743,2123.360,46.571102788375
88.027367,15.873146,1522.074,40.596074520227
87.998281,15.873253,811.144,42.227076621410
88.208211,15.872773,684.566,88.426259898469
88.003291,15.874030,1346.657,51.839991744102
88.166529,15.873790,1185.609,44.977504436313
88.214050,15.874839,1984.068,44.847797882836
88.078682,15.876784,18146.167,42.638942163088
88.156504,15.876380,7007.965,59.350480670637
88.104876,15.876654,6771.930,40.881810396718
88.182803,15.875256,736.480,43.288819413706
88.217016,15.875746,779.974,75.738200683099
88.212744,15.881150,9801.600,43.858133201980
88.230910,15.877618,1819.966,40.835821354111
88.119935,15.877654,1783.053,41.583812535950
88.084321,15.879909,21554.724,68.215084989617
88.137294,15.879439,1940.579,43.108656386941
88.124226,15.880207,1731.463,40.752813065939
88.135085,15.880410,2256.285,45.655233501104
88.111661,15.882206,15457.075,36.736519239611
88.034334,15.880433,3539.056,54.836306697627
88.057676,15.880565,1995.325,40.325376810022
88.079368,15.881172,3801.110,35.530387668353
88.194079,15.880605,1216.649,133.16382611922
88.183376,15.882566,9525.694,36.476003680764
88.019522,15.882206,4195.339,41.987116706737
88.229996,15.881389,940.830,41.986974518426
87.992388,15.883664,38202.755,35.649038560615
88.042253,15.881370,874.550,164.56978907629
88.123785,15.882855,3739.071,34.953869230476
88.122961,15.884738,1950.469,41.326741904798
88.128777,15.882076,949.191,42.770522859576
88.046213,15.885530,55382.466,41.542406803486
88.210997,15.882672,826.633,103.47696041461
88.004350,15.883077,848.458,103.48892452314
88.102365,15.883891,3054.393,42.074089891807
88.016505,15.883423,1206.865,42.064614633316
88.082559,15.887059,39005.549,42.073422789390
88.084362,15.885730,1738.485,39.916877448501
88.174088,15.885474,7540.000,69.371215166057
88.171936,15.885565,5249.903,40.734260855135
88.170005,15.885744,910.034,40.229015230653
87.996889,15.883555,865.674,34.354787499662
88.231855,15.885935,12643.719,39.379597919665
88.034161,15.884333,1922.249,39.292716064163
88.154251,15.884498,1693.382,37.593210760799
88.214453,15.884330,997.808,39.092756874442
88.031178,15.884171,793.480,215.56372071682
88.073806,15.884382,1069.731,45.525416413717
88.241940,15.885183,1600.733,42.787229594617
88.145984,15.885227,2110.241,112.64769399250
88.076651,15.887996,65458.424,112.62089484985
88.019015,15.885643,4902.244,41.896421635412
88.089921,15.885739,1401.491,42.858749923127
88.236378,15.888168,30755.274,38.947915985615
88.238337,15.889007,989.727,52.701882243162
88.127825,15.886598,2299.900,50.540148019192
88.004299,15.885728,1190.791,41.693389754136
88.087702,15.886990,2285.107,37.249599641347
88.229573,15.888491,3494.139,47.746047141119
88.142604,15.887996,8781.382,38.347321994476
88.243685,15.886645,1164.715,38.536481504501
88.032267,15.886257,704.857,38.927206353169
88.186132,15.888467,4472.508,41.660072151741
88.002183,15.887102,1218.370,41.214234372011
88.040407,15.887303,671.359,40.394099234394
88.170753,15.888281,1818.627,40.368928251821
88.011433,15.887409,657.927,41.362388641040
88.069548,15.888267,1384.281,41.859314822649
88.133010,15.888749,1932.089,41.964566228394
88.134972,15.889282,1103.905,43.553164639684
88.046128,15.888466,1069.644,42.923893690717
88.130375,15.889095,2098.040,39.727028930519
88.193116,15.889715,2618.751,46.967483861462
88.062781,15.889265,1646.085,132.17203173790
88.148801,15.890137,3036.954,52.460342470808
87.991493,15.890003,2543.063,44.348263008482
88.066132,15.890877,2744.160,40.245567466126
88.046724,15.893048,15643.459,41.310131255770
88.105446,15.891958,6686.641,44.674708497298
88.237325,15.891476,1772.055,40.869051663878
88.229825,15.891431,1707.372,39.443407826529
88.109633,15.891903,1357.341,40.251546447156
88.032693,15.892118,2092.106,40.295573464099
88.244094,15.892528,nan,40.268637614435
88.194204,15.892441,1757.563,47.438966171676
88.085970,15.892417,1068.841,226.80487256441
88.009216,15.891856,706.315,57.225422932063
88.131300,15.893129,1092.020,57.185461181568
88.132718,15.894519,1979.296,57.200973766030
87.998319,15.893275,1649.433,48.385902553702
88.076537,15.896556,66149.416,42.610880241854
88.162176,15.893468,2186.096,65.973054993067
88.162869,15.895441,15032.320,36.698205833517
88.164179,15.893681,966.213,64.227575348857
87.992361,15.893463,2566.495,51.503601776377
88.209345,15.892916,1541.465,42.194733143991
88.241742,15.894281,8415.508,44.603025763062
88.169685,15.894007,1228.975,59.972647185562
88.028418,15.895421,10658.543,52.637617280927
88.190264,15.896003,5635.017,37.944626407177
88.184481,15.894560,811.812,72.733591147150
88.009998,15.896246,2876.283,48.768964556812
88.208592,15.896626,6378.661,39.673189637543
88.197963,15.897154,6028.738,41.741037059846
88.060851,15.896251,1210.492,39.459427499742
88.102063,15.898597,16516.043,39.878458991773
88.106642,15.897836,5846.744,41.714367307965
88.121725,15.896707,850.431,93.407781368118
88.233652,15.897559,1770.056,45.145959104142
87.995323,15.897666,1015.323,54.006796576251
88.095886,15.898592,1378.087,296.90255525585
88.203502,15.898947,1462.368,43.787634856752
88.183831,15.901071,21315.741,40.990481037923
88.043088,15.899122,3591.910,42.809799964002
88.241450,15.900064,7268.700,67.611214790756
88.014181,15.903822,102009.133,233.67319714118
87.994830,15.901302,4878.583,35.136893681869
88.007279,15.899715,913.173,44.642283600698
88.229181,15.901073,3161.333,38.833316017923
88.209351,15.902138,12630.727,38.699183356781
88.244235,15.901950,nan,47.350134686753
88.217695,15.904088,51244.573,37.796360267227
88.163251,15.901336,1376.969,38.386905555007
88.219519,15.901723,2510.684,79.467497950136
88.154675,15.901733,2258.471,64.455688602694
88.205858,15.902034,1998.241,64.474010135936
88.091140,15.903269,4489.983,90.055275328142
88.035218,15.902032,1209.977,41.689667598275
88.081188,15.902130,801.641,36.651951809840
88.198291,15.904697,16250.235,73.208271603187
88.233624,15.905413,18753.359,41.801311062797
88.235283,15.906426,768.657,40.553110311887
88.076815,15.905984,25171.000,42.625037972652
88.017938,15.904688,3956.431,43.198742182396
88.214154,15.904642,2876.037,43.892799774865
88.142454,15.906327,16809.190,48.133352507773
88.207541,15.905452,3564.181,44.308716488302
88.027284,15.903858,764.012,45.355052153495
88.240873,15.905407,3597.150,38.852178978877
88.139088,15.904976,1585.098,87.932282097214
88.225053,15.905558,3266.586,87.935111123351
88.013698,15.906204,7268.643,86.793231737530
88.136633,15.905531,2779.707,48.692159927895
87.992343,15.905993,3073.180,37.759386735631
88.159440,15.905380,888.177,39.008052749363
88.117864,15.909614,39057.814,40.274451352806
88.119758,15.909210,4622.106,76.041723325147
88.202292,15.908675,15931.426,42.984894762121
88.166898,15.907946,6778.593,48.840788443407
88.063357,15.907028,925.462,39.507596920665
88.018351,15.908546,1744.981,35.641548568467
88.080792,15.908324,767.553,42.559593286046
88.096123,15.910577,19997.566,38.810119707170
88.050021,15.908189,808.394,50.945905443313
88.227876,15.910265,4743.895,38.495277669301
88.010498,15.908746,826.128,53.571080992569
88.173293,15.910003,2086.865,47.862984543277
88.148968,15.910181,3354.647,36.152007829624
88.089331,15.910337,963.163,52.031139386954
88.161114,15.910771,5110.454,185.29212478795
88.123819,15.910355,865.125,50.644014942819
88.084098,15.911861,6302.668,122.20244006003
88.066209,15.911380,3636.317,65.247909260218
88.233262,15.911126,1652.719,43.606390986485
88.227961,15.912654,3859.566,40.629875200164
88.110394,15.915277,51608.704,40.774279498815
88.050711,15.912095,1082.428,65.300021711662
87.998481,15.915191,27804.967,88.443892913487
88.028193,15.914843,12859.573,54.042763968389
88.179987,15.912477,750.806,169.91694022410
88.038355,15.912983,1609.570,40.623597735538
88.174864,15.913458,1407.924,148.37339779361
88.222694,15.914849,9406.884,66.708341192061
88.176038,15.915919,27654.109,66.676771340867
88.153060,15.914724,7199.349,44.091319097668
88.216831,15.916797,33365.608,114.95134456743
88.078956,15.914261,2135.436,42.527260663974
88.163311,15.916887,33879.678,40.214070299922
88.231497,15.916394,15011.970,108.64978941922
88.229529,15.917233,7230.551,42.953933319218
88.165111,15.915379,3283.337,183.74751391115
88.190889,15.917541,29734.931,177.57140800659
88.142052,15.915836,2084.106,47.787226111278
88.061737,15.915294,689.768,39.337546595300
88.174308,15.918512,35599.362,38.832874191748
88.179267,15.915876,1030.189,46.935680142949
88.126913,15.919818,61318.410,37.868539612718
88.139417,15.919639,58291.699,66.228417731639
88.064641,15.917469,2477.330,44.114542011372
88.144359,15.916583,1043.944,47.012270545838
88.076050,15.916868,767.927,40.387170389436
88.123612,15.918904,4810.283,49.567903579310
88.171340,15.917781,1078.454,44.773657691222
88.023793,15.920230,14594.230,39.796785303219
88.114970,15.918150,1944.835,43.107106606256
88.216470,15.919458,4847.950,36.665776863718
88.240015,15.918633,914.600,57.240778978473
88.087685,15.919785,4519.387,57.227364588487
88.135901,15.919884,2669.185,40.524089396177
88.011547,15.919849,1112.041,318.70903579250
88.192831,15.921372,5390.199,36.594824388775
88.081212,15.920503,1415.850,40.564424054185
88.200771,15.922100,7211.015,39.928846581764
88.201557,15.923792,4559.260,49.385308374172
88.183239,15.920640,799.276,201.35655763332
88.191409,15.926030,93090.590,37.743971732458
88.044556,15.921571,885.821,38.513048972185
88.185316,15.922295,1965.726,36.567928276635
88.019755,15.922584,1189.111,43.268351089391
88.192370,15.923734,8838.970,36.079298105223
88.204574,15.927266,43864.465,48.746877461979
88.070100,15.922180,784.735,52.139278401526
88.035029,15.922557,1446.770,39.873461237178
88.219686,15.922084,842.836,36.705073424647
88.137644,15.923487,2579.724,38.626596054702
88.094935,15.922566,687.342,36.323898962646
88.126774,15.924738,8913.346,48.156745668839
88.243806,15.925232,4895.017,50.955083101137
87.991688,15.923913,2501.587,38.025029630368
88.016613,15.922967,742.573,57.793091028284
88.134229,15.923957,1909.989,37.269396437302
88.097189,15.923637,1130.123,36.465227367964
88.185304,15.925215,4999.353,38.761412232109
88.017107,15.925248,5002.610,110.94040835058
88.143567,15.924514,1273.998,35.546509762137
88.220716,15.925703,5032.114,38.434964884622
88.156668,15.925731,3692.248,36.113500525254
88.218456,15.924439,584.923,47.909441595464
87.998084,15.924912,1110.284,42.261034872594
88.063653,15.928354,30735.960,47.143375296415
88.108234,15.925823,1507.516,34.793447493228
88.076949,15.925237,751.818,152.34796649190
88.042997,15.925234,684.433,44.702132974370
88.212754,15.926660,2943.342,44.683350801246
88.034875,15.926614,4952.733,39.049979999296
88.028732,15.927321,5677.302,200.60824133634
88.101745,15.926409,1464.054,39.560252640413
88.115822,15.929456,54118.296,48.369688217759
88.241403,15.927450,3618.819,188.04702285593
88.240528,15.929125,2143.911,40.308353726954
88.138640,15.926330,615.728,46.241906033203
88.211820,15.929956,38269.846,43.907163453861
88.013552,15.926337,535.770,173.80343766006
88.218766,15.928170,3213.526,46.010013999466
88.232863,15.930806,43217.680,55.406697476254
88.093828,15.929954,2185.305,98.565091452440
88.151687,15.930449,5123.740,42.910061328897
88.030040,15.930789,2284.777,42.716289876117
88.180015,15.933553,44563.386,42.694599124229
88.176812,15.932683,1651.048,44.253408733832
88.025675,15.933087,6027.042,45.541223631817
88.116097,15.934792,22796.881,46.578868442913
88.019333,15.932036,820.986,52.080200818823
88.154620,15.934643,3243.770,41.646487791981
88.133549,15.934282,792.764,41.897065379263
88.049053,15.935603,2080.003,53.140472496402
88.181155,15.936027,2928.717,38.497884166853
88.080000,15.935668,1621.153,38.484583002376
88.077405,15.936683,3029.502,258.90961578134
88.235845,15.936264,1237.144,43.054057995172
88.225529,15.936918,2219.150,156.41982388972
88.071438,15.937626,4911.583,245.21341532087
88.018286,15.936374,816.625,245.21746911481
88.019051,15.938287,650.747,45.329789008438
88.046347,15.942381,109197.527,36.170807116911
88.240366,15.937411,1678.295,37.772551458239
88.117886,15.942115,51512.036,38.912065201154
87.995486,15.943294,96196.898,42.123925583953
87.997032,15.944724,4062.667,69.184474486340
88.223040,15.938600,1233.998,40.393521347323
88.038077,15.939278,1845.720,41.00783214449
88.212895,15.939198,1064.054,38.632643370343
88.030414,15.939981,897.196,42.287251677353
88.186868,15.941523,3547.457,39.534920478124
88.062097,15.943806,16413.382,36.561321522354
88.088441,15.940769,886.809,38.086211350612
88.176356,15.941437,2216.921,37.612873181836
88.130455,15.942233,778.943,43.834453864341
88.243541,15.942814,1248.427,40.197070188259
88.142924,15.942166,972.266,40.699063909204
88.230199,15.942989,1430.916,114.69806635202
88.032646,15.943121,1661.351,43.753057617714
88.006695,15.944096,3386.442,45.299614186683
88.048905,15.943363,1316.405,57.326089116124
88.181029,15.944322,2901.124,35.398101575572
88.070778,15.943217,698.463,46.535852963489
88.057840,15.947034,40081.714,46.058070749905
88.042833,15.944610,3094.412,39.420246661888
88.189307,15.944950,5874.844,35.582631826970
88.136372,15.945790,9801.101,50.711468019266
88.011040,15.944205,1423.528,40.633277812136
88.239315,15.945277,6383.399,40.643203588284
88.072900,15.945999,4835.908,41.943107082299
88.090602,15.944755,733.810,40.815522022049
88.141488,15.945303,1322.536,38.892693963176
88.094483,15.946811,4152.769,35.573843875357
88.100620,15.946335,1459.798,67.967631830843
88.099366,15.948147,1016.183,41.111996760761
88.089168,15.946984,990.419,122.88205516825
88.156018,15.946980,1074.270,44.617934191551
88.138590,15.946817,1039.651,41.320868525646
88.112665,15.947255,871.387,42.299189246522
88.141688,15.949970,19038.803,58.753193095323
88.019206,15.948002,1359.216,40.255829756028
88.148445,15.951178,41231.401,45.424363381563
88.179610,15.949247,4339.885,54.280887668994
88.225836,15.948809,2444.212,42.849285490243
88.221256,15.948900,2371.236,50.094028825319
88.151911,15.950744,12561.291,37.476508125534
88.054782,15.949245,1636.524,52.388499417792
88.048290,15.949611,3234.579,40.774593638353
88.006647,15.950476,6460.351,44.897450605614
87.991442,15.950013,1799.847,38.354173672990
88.063269,15.951529,7314.792,44.840221383091
88.200475,15.950058,812.225,43.302415280815
88.003947,15.951913,4085.014,40.882428185824
88.195446,15.950905,976.829,81.081695461939
88.162513,15.951793,4417.231,38.025254781683
88.212585,15.951175,771.235,35.093123094041
88.090133,15.950700,812.451,37.712613833577
88.181208,15.951857,2019.917,44.186380892236
88.040481,15.951425,893.726,65.928910023013
88.177618,15.954246,22433.682,47.679991472467
88.143682,15.951756,1477.010,64.618483663375
88.184175,15.951641,776.340,43.180181227648
88.206954,15.951518,890.456,45.812304427504
88.042911,15.951867,662.005,105.44403791540
88.098166,15.953614,5536.608,39.098350774103
88.153801,15.953918,4763.593,49.981026206865
88.195545,15.954520,7193.560,38.642480187115
88.127776,15.953061,788.001,41.243717941653
88.090454,15.953476,2038.311,38.005773345348
88.032809,15.956849,39318.378,38.510369884895
88.063931,15.953660,1009.487,55.912247023345
88.043469,15.955000,3979.451,40.474088253032
88.165852,15.954107,692.176,40.470364875822
88.157872,15.954509,1106.671,52.769863404697
88.173792,15.954913,638.034,112.17394256472
88.055072,15.955127,1143.401,48.208713145136
88.022261,15.958499,6806.085,65.269096122336
88.172833,15.957022,828.929,44.460772958323
88.171809,15.958710,548.132,40.991627591723
88.190628,15.958537,8212.787,37.993913245505
88.218798,15.964337,35796.459,38.668733167997
88.230620,15.958651,5147.774,39.648713270145
88.050303,15.959365,9793.545,38.150220626425
88.005478,15.958044,1717.932,35.983728977347
88.148765,15.957490,715.944,42.101776373737
88.080391,15.957682,835.442,65.627712251688
88.164299,15.958253,1235.433,42.337225722114
88.166746,15.958656,1576.306,55.230765091994
88.144528,15.958673,950.193,59.497010080818
88.053558,15.959632,1510.093,37.516421259350
88.067091,15.959830,2023.375,41.151703513847
88.064875,15.961676,12760.428,41.275988948460
88.212495,15.960492,2712.366,44.915346352083
88.104413,15.961167,6265.838,42.694311172518
88.109235,15.962548,13526.603,41.073211124248
88.138564,15.960470,713.605,53.176777190425
88.110902,15.960470,903.391,38.629719638998
88.230838,15.961489,4526.282,48.379858933206
88.096740,15.962103,4890.509,33.863050650314
88.170273,15.961674,2546.893,159.34684221883
88.153616,15.962199,2738.104,38.037131338015
88.032758,15.963119,10756.268,54.552913779200
88.004599,15.961263,899.700,39.563082540423
88.086123,15.963406,8576.742,39.386560966280
88.204707,15.962714,798.061,38.720442402815
88.194867,15.966829,49366.486,64.781656759639
88.143984,15.963134,1169.073,46.163771294372
88.198133,15.965056,8471.436,39.258014997077
87.996360,15.963858,1315.436,75.565098300796
88.035435,15.964223,2412.082,73.825943419952
88.060106,15.964294,2596.601,73.832177754393
88.179594,15.965570,9886.048,73.854533347816
88.134409,15.964752,4212.181,191.79897114723
88.081463,15.964759,1732.422,87.766080507722
88.090498,15.966872,18322.670,36.759057319937
88.034633,15.968346,41369.439,46.299855374868
88.036429,15.967469,621.160,153.65383555320
88.032455,15.968441,1917.821,37.519524688975
88.163329,15.969674,57435.258,38.890669867323
88.044533,15.968745,22455.038,39.020224701888
88.123793,15.966017,627.085,40.102057265053
88.021389,15.966854,2624.440,50.337605994484
88.179110,15.969533,46361.526,38.583461659360
88.029540,15.966288,858.571,38.570334698462
88.027448,15.967563,2141.773,39.866341160823
88.057743,15.967042,891.292,89.256266110862
88.170752,15.967342,1060.094,37.970746410868
88.184762,15.969196,9870.102,59.901129387291
88.140806,15.968400,2492.338,55.550429577726
88.012022,15.968126,1212.512,40.838078438771
88.049356,15.968164,1362.228,40.837459858159
88.172386,15.970866,22691.476,251.30543343784
88.081568,15.968532,975.133,49.111609321682
88.025256,15.968926,1174.519,64.813761859806
88.197478,15.970741,7439.326,191.14221905202
88.008899,15.970026,1150.097,52.404056288846
88.008228,15.971721,2454.446,122.34749108075
88.061997,15.977817,103339.518,65.127257683198
88.027012,15.970975,1790.242,79.111954647339
88.119233,15.972851,14215.777,38.119870578407
88.088583,15.974837,53959.763,143.22123169216
88.216722,15.972067,5789.584,143.23035686067
88.038478,15.975033,45624.816,70.288264416183
88.166963,15.972818,11939.228,39.470887988388
88.240427,15.973938,17731.638,38.704446250996
88.137804,15.971846,1232.098,245.53748618838
88.127046,15.978174,69515.110,245.47882163896
88.124885,15.978262,748.579,39.108899674861
88.077715,15.973319,9762.539,44.151999920837
88.201350,15.972683,2594.424,36.720835654338
88.116343,15.972200,816.664,47.845740496631
88.145500,15.976122,103276.649,44.450155147200
88.147565,15.976648,2890.370,49.178311829992
88.190958,15.972288,974.230,43.151528656536
88.170471,15.973143,3608.483,43.163533007381
88.229821,15.972994,665.069,43.156188569228
88.047030,15.973655,1771.650,39.293197272902
88.065465,15.973355,737.196,42.282496729051
88.016311,15.974512,4719.662,42.293608838172
88.029625,15.974066,1777.501,40.332688607082
88.031836,15.974377,2198.576,42.345033409574
88.031270,15.976127,7632.927,50.766884933056
88.142763,15.973646,658.033,43.141039670379
88.173775,15.974127,825.215,46.151331304243
88.174811,15.975728,744.724,44.125753528386
88.114253,15.974108,579.683,48.115230197884
88.094715,15.974665,1015.516,46.001438784819
88.002421,15.976361,5550.810,127.77051207097
88.128493,15.975102,1062.824,70.486310454798
88.194838,15.975884,1318.467,38.144648535772
88.230692,15.976376,2585.356,60.272360372160
88.066259,15.976066,1876.935,50.773915629368
88.242884,15.977160,5052.937,232.92714590733
88.169440,15.978847,34324.121,40.565564826723
88.203182,15.978504,15861.932,41.899265334910
88.011039,15.977045,1706.763,40.294122189788
88.080364,15.976912,966.328,40.296827730430
87.993120,15.977849,4840.505,48.983268189610
88.201869,15.981428,68224.475,43.657129906718
88.098279,15.977408,1063.158,115.83899919440
88.188760,15.977765,2678.282,38.010743320876
88.014364,15.977684,1024.950,47.536926307722
88.016281,15.978421,2784.520,41.958545241298
88.239473,15.978535,2833.952,44.058746620809
88.004902,15.977476,1102.814,52.691809871220
88.229459,15.981623,24436.934,37.083056317991
88.119639,15.978022,1165.259,63.505759855295
88.216222,15.978132,1892.551,43.103762644634
88.221920,15.978111,766.872,104.50382415086
88.018922,15.979290,2926.083,42.201981575067
88.068486,15.981103,7780.451,40.801715676041
88.182204,15.979908,905.722,109.40743974997
88.173524,15.982078,12540.961,66.877521376062
88.092128,15.981437,2264.276,41.163709055651
88.155486,15.983383,13606.789,74.649946214686
88.195589,15.981755,1674.434,40.338917908532
88.126276,15.982590,2693.087,38.883500953889
88.037195,15.985104,40671.565,148.76497487463
88.068598,15.984147,15168.194,43.981512679467
88.014800,15.982700,1578.124,43.151033432356
88.081336,15.984231,13651.966,37.428351016630
88.078996,15.982956,1315.646,237.73651812437
88.189964,15.983111,1366.017,35.921531311432
87.991916,15.985260,31020.968,35.914976337900
88.214640,15.983684,1813.014,32.939919574632
88.086501,15.982970,699.242,55.350581924663
88.026178,15.983922,1429.398,36.272989193507
88.118245,15.987844,69776.859,39.185908654112
88.006792,15.983837,857.219,35.921329270789
88.224085,15.983961,894.782,36.477242984106
88.051707,15.984038,660.602,101.56746018413
88.170305,15.985307,3847.405,217.39955830809
88.089070,15.985078,1889.882,45.057490309837
88.221243,15.987092,3290.494,73.089278626028
88.055058,15.986976,1511.283,36.880487721560
88.050058,15.986434,917.925,41.938144561204
88.182417,15.989491,24931.097,43.950018686605
88.198803,15.991571,62371.411,70.442548348066
88.166649,15.989998,4866.767,70.431611378732
88.187566,15.990257,12709.532,70.129448785329
88.015444,15.989013,1475.002,52.664471789197
88.081658,15.989213,1965.535,109.95192752004
88.001406,15.989569,2602.037,45.921765572638
88.143666,15.991665,20124.438,42.255330605072
88.141701,15.992122,1083.414,62.082241718221
88.229434,15.991658,12741.651,39.580287080579
88.127024,15.990867,6711.683,61.344386307863
88.232106,15.991740,23228.704,44.072170999667
88.201606,15.990827,4500.038,47.183340449354
88.092216,15.990783,3239.960,81.741891904777
88.056939,15.992518,6002.823,56.005547122440
88.105504,15.991023,1967.615,46.715560675449
88.066495,15.992671,10427.618,40.550164335994
88.171593,15.991562,1571.710,40.551390208848
88.157133,15.992278,4359.864,41.823628288518
88.165502,15.992887,11633.290,72.837826157431
88.014225,15.993333,10964.705,40.477110824102
88.005613,15.992842,4884.495,287.84707883044
88.185277,15.992931,2029.163,45.263815714276
88.186626,15.994574,1991.647,45.413534519891
88.097114,15.992744,1694.326,48.405761029210
88.210584,15.995572,14881.170,48.410503173702
88.038314,15.993895,1108.287,45.710232111226
88.232043,15.998392,75523.449,44.638466489863
88.193493,15.994738,1920.960,44.347941113334
88.220632,15.995599,2860.373,74.945180918892
88.166019,15.995579,4200.034,40.747944246911
88.164278,15.996283,3597.832,40.749759285166
88.024640,15.995244,1592.513,41.938091857232
88.153889,15.996513,2466.649,43.268868399283
88.239423,15.997181,4202.928,44.656563530957
88.042789,15.998863,16204.183,39.627252990775
88.215768,15.996164,650.547,95.778871628101
88.217762,15.997087,972.098,40.658357944908
88.053327,15.997435,2925.649,42.673658800062
88.171213,15.996873,1381.404,77.083126135879
88.065026,15.997190,1098.582,36.324936863698
88.144766,15.996766,774.073,469.44835626783
88.165273,15.999470,19240.235,39.093038133418
88.186719,15.997468,1502.441,41.249663871535
88.195705,15.997762,868.627,40.153703408127
88.214099,16.000289,9806.887,40.439135212019
88.096395,15.997568,830.166,39.657930021488
88.225183,16.002840,91141.757,37.413395904075
88.228647,15.998647,918.830,57.566868991789
88.080174,15.998578,1114.798,46.791184227184
88.208693,15.999815,1879.486,42.766327921136
88.029933,15.999290,754.373,122.37373216961
88.026735,16.000922,2774.387,35.604575896707
88.094721,16.000046,760.144,44.647514729849
88.141988,16.002131,9013.441,199.75986807671
88.050490,16.001057,3080.373,38.584446119610
88.122962,16.001547,2850.150,38.781518348282
88.043416,16.004501,31411.976,61.019034635506
88.182393,16.001923,785.388,45.088215253150
88.208274,16.002835,4062.185,43.363431708924
88.224504,16.006197,42382.806,37.855120159173
88.117114,16.002793,1757.611,37.840790740836
88.090574,16.002589,1184.319,61.443873649695
88.020826,16.004396,15691.544,38.609634042854
88.084034,16.003678,3698.961,37.992794755386
88.069058,16.003984,4023.672,40.552747291892
88.052171,16.003491,1272.016,38.771182597819
88.054070,16.004313,2150.864,35.427095175433
88.133217,16.005978,13620.865,""
88.115208,16.004058,743.911,""
88.004265,16.004728,1405.845,""
88.168561,16.005354,903.486,""
88.104612,16.005813,992.272,""
88.176870,16.007190,696.421,""
