#mjd: 58496.22022
#filter: r
#airmass: 1.748
#seeing: 1.87151703
#m5sigma: 20.0823
#exptime: 10.0
#night: ut190112
#ra dec flux fluxerror
88.078734,15.766901,3945.517,57.290558763397
88.197502,15.768296,15616.848,97.720304261302
88.185744,15.767106,2711.678,54.441778055906
88.013290,15.768428,18818.088,65.186831636711
88.011026,15.770352,4932.518,65.189938871207
88.099361,15.767454,2029.794,50.255246221149
88.159349,15.767531,1627.107,49.236460318320
88.047500,15.767653,1244.932,45.969604652170
88.168440,15.768887,6403.259,65.614015421225
88.038280,15.768929,5144.851,51.829546763100
88.105333,15.768049,1590.872,52.736916689033
88.106970,15.770127,5145.938,52.732363592736
88.226873,15.768595,850.670,42.752494113448
88.120194,15.768352,1347.179,47.936521985181
88.234678,15.768724,787.326,48.191766495247
88.235620,15.771371,6078.915,48.185139789222
88.149386,15.771465,11217.646,64.255547430590
88.085907,15.769692,1405.838,45.230846228021
88.049918,15.770576,1424.659,48.551877952698
88.051090,15.772732,1969.267,48.546392207120
88.249758,15.769713,854.271,38.131239400714
88.036888,15.774847,56366.450,288.91216284256
88.022771,15.769991,663.669,41.822406598476
88.182667,15.770818,1020.134,39.684365337163
88.224599,15.770771,1276.088,42.364219521694
88.199497,15.771021,1265.762,44.190948800769
88.035856,15.771610,1478.765,45.843875456562
88.072894,15.773329,21386.067,127.04842024313
88.168308,15.772730,10884.598,57.540893698009
88.170205,15.774694,816.406,57.520561238959
88.013774,15.771850,2843.363,48.561305879755
88.008061,15.772843,6841.436,65.160836904642
88.232393,15.772757,1865.980,40.994149027819
88.146128,15.773984,5778.913,52.529889555126
88.203862,15.772881,1506.597,40.916948697702
88.206926,15.773693,2237.162,40.289526612102
88.083368,15.773097,992.253,45.252106309172
88.049069,15.776498,20183.422,78.643458832596
88.050992,15.777967,1386.841,78.624594135205
88.248609,15.775701,1548.579,43.062854274844
88.118438,15.775013,952.146,40.029663001076
88.216941,15.776724,9823.330,66.325071086438
88.206207,15.776888,9052.457,64.767803091180
88.007200,15.778989,nan,59.030784046896
88.045763,15.776673,5551.865,41.333550892938
88.167465,15.776443,2858.281,80.659593464787
88.020132,15.778300,17623.081,48.304394577497
88.227838,15.776911,2685.655,48.376274343476
88.157520,15.777350,2580.186,45.802222582363
88.241281,15.778381,3948.669,44.287046729414
88.142017,15.777669,1711.620,45.502854399884
88.054081,15.778361,2548.513,45.502255632827
88.056359,15.777966,697.622,41.903376854983
88.014087,15.777479,822.093,74.430547279815
88.260111,15.779349,11164.732,41.900100478345
88.102824,15.778114,1097.937,181.68336425644
88.164362,15.781934,42292.093,36.706574946184
88.150065,15.778999,1510.448,59.226316259295
88.012017,15.780159,5788.252,384.80705989245
88.222261,15.783987,98675.618,39.231995523148
88.204001,15.779922,952.554,46.686795897291
88.233700,15.781238,3213.714,47.758792301035
88.255818,15.780699,1652.282,42.508626229768
88.045975,15.780654,591.491,43.094944491696
88.147684,15.782040,3162.150,51.063096826437
88.200565,15.782035,4451.226,185.72704983593
88.068496,15.784235,44581.259,43.604439636900
88.227722,15.781257,897.737,43.416470988742
88.155092,15.782086,1629.006,41.513366413940
88.139701,15.781984,699.050,195.51205482313
88.012888,15.785859,57560.374,56.571229550938
88.122670,15.784402,9127.019,42.695554453594
88.186534,15.783145,722.066,55.904707242233
88.071558,15.785745,3698.913,50.246868919932
88.179718,15.785206,6948.054,60.074177987120
88.104756,15.785709,9242.868,45.682634073148
88.194302,15.784276,1048.441,156.40557772603
88.017998,15.787135,36536.809,48.573867245452
88.065402,15.785050,2051.359,74.372246225383
88.162701,15.786580,9750.502,47.299648676405
88.201616,15.785673,2246.907,98.257304314828
88.145291,15.786992,16026.820,48.086289391817
88.135174,15.785374,1545.317,43.129415877015
88.171207,15.785558,775.068,53.720396351748
88.128488,15.786666,3912.128,44.929418986891
88.089576,15.786401,2382.974,55.378635350571
88.113002,15.787601,9201.993,55.372435882169
88.115580,15.788486,1078.839,51.256444833831
88.057749,15.787277,4271.924,65.381901139474
88.192971,15.788412,13244.522,65.397927861759
88.191141,15.787674,2915.413,270.11134236846
88.141176,15.790738,75483.481,49.186494485038
88.165677,15.787216,1218.107,42.524897310840
88.080211,15.787749,758.554,58.520156998681
88.221213,15.789132,5949.301,49.141786063163
88.196230,15.787888,863.161,62.871174493775
88.021141,15.789493,7706.627,42.977863457178
88.063544,15.787600,564.969,62.142481441529
88.133886,15.789436,5595.717,42.148299328507
88.010111,15.788361,1201.278,57.319476264570
88.096812,15.790190,1399.131,47.557242898696
88.150054,15.789564,2326.938,47.579285113531
88.147357,15.790340,2945.260,40.371181903301
88.247347,15.789966,1627.432,40.377520852700
88.249602,15.790563,858.150,50.272195509118
88.230113,15.790376,2043.365,45.178195475404
88.174836,15.789622,658.067,74.730351862205
88.123589,15.792303,12614.867,107.36077429848
88.218734,15.793554,16070.900,53.098624491098
88.059526,15.792485,3268.544,45.083437742288
88.082197,15.792509,1936.928,49.571953431242
88.161627,15.792249,2798.032,46.183108410149
88.019158,15.792540,3346.588,50.631053975038
88.258817,15.792086,1365.144,76.299177865719
88.188901,15.794641,13835.216,46.230003973643
88.172687,15.794007,1928.843,130.78223064003
88.192578,15.796131,35008.201,56.252597947819
88.118496,15.795056,5676.758,45.537304204989
88.114460,15.793813,1425.019,48.964242544511
88.224526,15.794605,1890.105,63.853799053694
88.175288,15.795725,6557.630,71.307562147233
88.083251,15.796839,15012.137,71.307383508493
88.081880,15.795482,1229.686,39.417401626602
88.245832,15.794264,983.045,45.175442975190
88.041484,15.794974,706.367,45.176598036583
88.041318,15.797001,672.750,43.409692148775
88.207309,15.795849,686.803,43.394347971457
88.206378,15.798473,4373.306,49.967261722943
88.169221,15.797129,2603.027,42.770706921988
88.249151,15.797167,2665.124,55.455005916993
88.252954,15.797381,6297.776,42.344396673162
88.146456,15.796371,734.507,62.901721556431
88.151641,15.797405,1912.125,62.890316304918
88.151659,15.799291,17214.875,54.675964687253
88.189527,15.798344,5445.341,45.172307164944
88.120861,15.798395,5140.531,45.137793183747
88.126068,15.798060,1832.465,45.146692405321
88.123749,15.798451,1055.894,50.759315723297
88.071708,15.798060,2225.435,43.319010173772
88.159813,15.797442,1035.323,43.304001188574
88.160093,15.800194,780.826,43.313981358328
88.158624,15.801923,2955.141,60.002886339644
88.129952,15.799744,9571.676,80.426847130791
88.096901,15.800601,12563.949,69.100981475828
88.043914,15.800794,10402.055,42.571424128368
88.241383,15.799531,1334.684,42.579522121977
88.243464,15.801430,767.035,42.548517036201
88.238876,15.802918,5624.405,42.559711619298
88.241105,15.802310,1957.185,43.922162927165
88.090156,15.800026,719.341,164.62205596093
88.102155,15.802666,14126.473,164.65022480813
88.103056,15.805287,70824.877,272.94296928081
88.006306,15.807480,nan,60.949412486881
88.008103,15.808788,19677.756,57.216939898665
88.024910,15.805864,77381.250,43.316335839580
88.040231,15.803043,7257.234,54.891006295721
88.171504,15.803005,8138.752,68.277961392665
88.207807,15.802306,2035.768,53.642860538879
88.249633,15.803479,4920.768,53.641024748632
88.136651,15.804824,15120.663,101.13371457785
88.031236,15.803678,4946.292,101.16325692122
88.033558,15.804740,1844.872,101.12470018814
88.187117,15.806450,41821.069,60.933432642470
88.190454,15.803640,1236.780,45.499446981807
88.190040,15.806218,1227.459,45.514274603312
88.226062,15.803955,6915.017,45.484043395453
88.167371,15.803470,2006.717,104.31750627346
88.165126,15.804584,2998.851,39.798934637638
88.167092,15.805958,946.486,130.70953448495
88.177162,15.805907,25609.370,127.86037534494
88.087900,15.804682,1362.853,369.72081587329
88.007385,15.820016,24044.592,59.217081767536
88.129650,15.808193,44167.998,69.542030966600
88.252708,15.809669,101825.479,69.538584186306
88.208214,15.806772,6293.047,41.350765943342
88.097862,15.808503,17294.782,43.775223964456
88.099970,15.807215,3198.657,65.002907559028
88.143402,15.806865,2274.942,47.428974321125
88.242788,15.807420,2177.591,47.444449404019
88.016460,15.808834,9264.341,45.389228713644
88.157604,15.808176,3414.015,43.606275082266
88.155797,15.810084,1441.221,45.098272438982
88.171799,15.807694,1445.972,67.920834634994
88.235877,15.807885,981.342,41.802102869645
88.067392,15.808471,2699.000,55.438855023012
88.121824,15.810711,14244.202,55.433103126828
88.193539,15.808653,1459.702,46.373757769814
88.102167,15.810076,10468.288,44.259138561454
88.102377,15.812795,2093.813,50.218741567651
88.107414,15.809644,1743.889,48.726449382055
88.226307,15.809317,1459.146,48.719467145006
88.206874,15.810730,2790.274,140.66460464445
88.038279,15.810281,1722.831,42.267808188983
88.037543,15.812291,1712.618,44.224954098750
88.142699,15.813511,31935.534,44.207900971243
88.087214,15.811504,2444.651,104.16961797161
88.213272,15.810130,601.726,43.820299403831
88.212860,15.812227,2851.873,67.919696879742
88.010956,15.813430,17832.894,42.066482649610
88.231025,15.810792,795.257,42.021771841672
88.024444,15.813029,11509.317,62.750665902312
88.195056,15.811577,767.019,62.754729692039
88.198725,15.811937,1093.599,67.784033336321
88.176655,15.812031,799.707,75.742809203937
88.175280,15.814584,15194.746,41.670699143446
88.180627,15.814209,9216.705,46.539509720343
88.162371,15.814380,12625.646,66.691755892973
88.209781,15.812595,1058.207,66.677031691998
88.218261,15.812674,1025.442,39.019496653103
88.166159,15.814657,11599.883,84.186141535829
88.168024,15.814236,1197.086,343.82152935366
88.097278,15.812428,700.039,57.430998042959
88.050815,15.814673,14325.405,57.434675925984
88.046329,15.817241,96945.409,113.57276869647
88.171812,15.814806,6607.669,113.56829474984
88.170800,15.816568,4295.883,91.378687959803
88.079910,15.816949,38250.586,48.210045952983
88.077263,15.816393,1682.829,49.619175816272
88.104927,15.816463,17923.391,49.922366865833
88.204973,15.815668,3431.647,47.491523600518
88.229954,15.815435,2634.058,42.154786551898
88.093344,15.816261,4556.397,42.697988013547
88.040511,15.815617,1895.545,42.939825637327
88.065158,15.815044,745.100,44.952998332180
88.153185,15.816049,2527.868,50.713264083496
88.222632,15.815739,901.830,111.56236810397
88.088545,15.816112,1931.167,49.628297388578
88.157302,15.817278,6093.837,42.036531103986
88.160960,15.818548,25298.148,54.433880710745
88.138055,15.816741,944.368,40.405902459396
88.238054,15.816803,894.918,66.031570395196
88.074279,15.818023,4475.604,62.846934598172
88.245832,15.817503,1059.242,88.360745249373
88.183073,15.819444,14501.781,48.889617667129
88.070729,15.819405,6193.991,43.730490873050
88.245562,15.821061,21497.784,43.730365792626
88.189080,15.819065,2085.330,139.36054979241
88.050736,15.819458,3289.115,51.215565918053
88.051084,15.822129,1335.573,47.097313235674
88.073027,15.821907,42039.477,37.724805647481
88.094355,15.819746,1809.903,58.354995005665
88.103265,15.820284,1668.237,43.002132354766
88.212955,15.819817,970.353,42.988230809398
88.010362,15.821119,6586.150,58.848719384811
88.228731,15.820003,954.059,50.172251138456
88.226994,15.820843,1126.824,45.460823442546
88.110777,15.821582,5871.158,45.454742074070
88.123775,15.821565,4231.286,46.343407406217
88.084215,15.821196,1262.472,54.637180687846
88.085339,15.823353,1273.683,43.893591015888
88.198113,15.821797,1245.538,49.369863798050
88.034857,15.822736,3502.555,49.380876051839
88.214238,15.822587,2086.328,51.863157917032
88.248079,15.824061,8236.147,62.624346031724
88.250109,15.824925,2011.469,39.355961306426
88.018357,15.823631,3320.821,37.782272678055
88.229229,15.824440,6876.480,38.842525526676
88.235333,15.823828,878.106,56.279641282482
88.241408,15.824619,2000.684,43.455239758489
88.098875,15.824236,846.711,44.595618146436
88.039184,15.825790,2566.623,48.216632289749
88.131135,15.826022,2016.566,46.764240319373
88.063832,15.826187,2254.530,46.239952850328
88.089252,15.827714,5235.047,58.826530787523
88.170008,15.826994,1275.219,58.808004253451
88.108997,15.827842,3620.890,41.476562876206
88.181734,15.829312,20740.236,41.640075765912
88.183378,15.830461,2106.025,42.764438195898
88.050189,15.827956,2219.884,42.776864230733
88.218118,15.828045,1651.777,49.342990233148
88.134695,15.827528,672.062,62.168416214147
88.134338,15.830047,2038.030,64.152035592586
88.103471,15.828939,2590.958,64.164700134109
88.036149,15.831333,5565.341,52.376876183868
88.068762,15.828351,1384.762,58.588588810348
88.068597,15.830245,12744.732,58.589172955509
88.187449,15.829937,8445.052,93.313723892819
88.174873,15.829335,2102.419,47.210952180950
88.175104,15.832191,11372.396,43.380905581035
88.254107,15.831417,14883.637,43.371239830578
88.039920,15.829469,1368.419,43.374921652560
88.178200,15.830278,4178.498,48.950381085229
88.179463,15.832917,1089.363,43.615171714837
88.181143,15.834650,943.500,49.873121475030
88.166287,15.831138,4382.031,49.883574162788
88.257878,15.830644,706.934,40.477863631072
88.201572,15.832566,8258.455,45.681797530734
88.200721,15.834566,904.186,36.581585450894
88.138837,15.830841,721.608,42.954722362947
88.198529,15.832021,1080.310,44.963620927686
88.057099,15.833482,1395.430,109.85029023033
88.161489,15.833194,751.352,60.445450792764
88.184819,15.833069,734.292,58.894294408725
88.105698,15.836064,26104.029,45.932294991360
88.036329,15.835289,5507.885,37.588785103356
88.023394,15.835202,6078.384,40.373697620955
88.168868,15.834140,1825.206,51.725655607444
88.247633,15.833915,727.932,52.050606734475
88.061942,15.833685,664.835,47.015333373682
88.238759,15.835776,4172.313,66.141599846094
88.256859,15.835989,4872.103,62.615771709381
88.071240,15.835107,1199.078,68.046267739749
88.210784,15.836927,7156.482,68.050987484909
88.223775,15.836478,6005.917,68.047521541245
88.195059,15.838186,27157.097,89.666148028991
88.197237,15.838871,1395.661,58.769691767830
88.192884,15.838965,744.517,38.798593431832
88.012146,15.838196,12684.453,114.80077311005
88.101297,15.837424,7109.762,87.295464391097
88.049205,15.836743,708.736,42.026227564310
88.079491,15.839577,36784.452,38.766643430160
88.046166,15.839736,19218.540,43.417361154191
88.228422,15.838853,1255.609,71.976974477569
88.216067,15.839110,1913.175,71.990322235762
88.136929,15.838195,795.519,45.201621829064
88.075328,15.841180,25267.637,56.906237993533
88.076556,15.842570,3233.622,135.74861452373
88.065807,15.838988,932.638,135.69809894655
88.203378,15.840254,4386.333,42.795679386443
88.122481,15.843328,82732.106,42.794362257088
88.123564,15.841175,941.165,45.547653242654
88.017025,15.839031,728.534,46.051597321376
88.018281,15.841141,832.599,47.052279566572
88.245878,15.839741,922.126,49.004827566981
88.109506,15.840822,1775.173,49.006846850463
88.039977,15.840036,926.438,48.989308254077
88.059417,15.842220,4982.236,52.253870903937
88.057688,15.841261,3003.570,46.356069546747
88.169967,15.840882,1557.232,45.913003274465
88.165594,15.841083,1917.645,43.116010912042
88.013901,15.841244,2081.819,47.829857292345
88.185394,15.841079,1544.177,55.525194278952
88.151917,15.840948,942.686,100.13326092234
88.052938,15.841733,1904.779,131.61785025184
88.024806,15.842555,6557.998,41.622563144119
88.068087,15.843798,21025.194,57.422999451422
88.036136,15.844348,28189.019,44.714697387846
88.211025,15.842023,1716.170,68.193653781305
88.143409,15.843011,5701.904,54.281943482277
88.218688,15.842422,1710.488,43.897258605279
88.132831,15.844043,11557.234,51.892098790266
88.234876,15.843269,2977.962,47.016356911293
88.240926,15.843089,2125.899,45.618434923568
88.181205,15.844131,4341.961,68.112171882385
88.119184,15.843601,2303.288,47.142671650126
88.157807,15.843040,666.045,62.273254757893
88.051072,15.845244,9171.154,58.869253352469
88.258273,15.843884,1696.043,53.966704398766
88.104182,15.845787,5545.842,50.693064463486
88.169916,15.846694,6042.321,45.377220889893
88.047139,15.846523,3840.524,47.968591307927
88.080060,15.846286,2074.063,47.942248621375
88.093149,15.845924,1134.698,47.931457440605
88.144479,15.847017,2317.703,47.943193824516
88.147929,15.848656,7072.313,80.704185610791
88.147061,15.846680,685.695,80.670726476005
88.148884,15.850554,923.686,49.155120842439
88.132026,15.848851,22542.876,36.905566060609
88.132893,15.847148,645.467,39.003979936179
88.053963,15.847461,2352.804,63.090203355947
88.216776,15.846537,690.314,47.992934133587
88.185578,15.847085,665.813,355.04190015930
88.012428,15.848917,6424.415,49.992846079904
88.158895,15.848704,3207.907,45.382867236975
88.129976,15.852061,112552.911,96.192440227938
88.246208,15.849198,6493.595,42.972612837051
88.152055,15.848944,3089.505,39.385225994638
88.027505,15.850977,17955.678,73.023346117442
88.219332,15.850092,2233.272,43.819832104979
88.184982,15.850050,1587.849,46.134901231958
88.257044,15.850765,9319.896,48.513031058483
88.098114,15.850218,2984.689,52.192622882268
88.199592,15.850262,2408.755,218.30924686700
88.250396,15.851279,5894.944,41.786066677001
88.174230,15.851291,3371.929,57.640421503539
88.225738,15.853759,63307.212,42.484671489027
88.212846,15.852608,1246.505,42.512462211203
88.017593,15.853100,3965.639,49.437223281063
88.147146,15.853094,2989.874,43.657571772976
88.144793,15.853324,805.252,43.684618977469
88.183326,15.853522,3804.174,44.943361890204
88.164056,15.852150,665.173,95.281708323411
88.163002,15.853784,1477.514,62.059923519003
88.137300,15.852113,676.610,51.643998620210
88.071772,15.855354,33881.721,49.542505059423
88.086339,15.854548,8653.692,51.603849161713
88.014521,15.854175,2242.884,51.670735535735
88.045819,15.853920,1508.615,51.652132803304
88.179113,15.854130,2267.916,51.700529320098
88.175681,15.856053,9118.939,42.277255638119
88.177777,15.856563,9107.438,46.475282356925
88.177640,15.859054,1274.139,44.548852850991
88.246629,15.853533,478.811,49.468344143102
88.136121,15.854920,1532.619,49.481315896843
88.253176,15.855128,1528.152,53.112679147956
88.256561,15.856572,4388.035,40.187126403617
88.255341,15.858781,550.045,40.160462786891
88.096655,15.856243,4653.997,47.384029495760
88.124841,15.855640,2029.384,94.846693539532
88.127675,15.855718,1818.536,94.808017904385
88.207546,15.855691,2999.314,76.783112807399
88.196420,15.860467,33165.512,45.259994897363
88.199365,15.859999,858.384,53.590203139688
88.166493,15.857407,13368.899,78.886539860787
88.100754,15.856779,3271.157,80.246454076539
88.026279,15.857090,4141.909,80.267889732947
88.080530,15.858951,14398.995,80.304677388066
88.034409,15.859364,24010.512,65.408275783091
88.032100,15.859344,9894.232,65.402149906663
88.030475,15.860791,6306.081,128.41407556801
88.108442,15.859349,15106.424,48.285051697367
88.106220,15.857702,781.750,44.620494236862
88.040936,15.859731,26095.824,41.218348519404
88.037623,15.857705,1006.749,115.81523381976
88.009905,15.858297,963.450,46.169206276333
88.230538,15.857867,586.790,46.159045878268
88.151742,15.862223,46546.436,46.197025867993
88.139160,15.860002,1772.612,43.690178397230
88.141112,15.861084,3764.970,54.373351833391
88.136643,15.861521,838.138,52.510340788337
88.122698,15.860272,1817.069,52.491144508058
88.099373,15.861323,4919.021,189.66443150270
88.220404,15.861600,5512.875,53.728289572278
88.217591,15.861282,1334.684,54.189226436952
88.252562,15.865066,36964.790,111.19805860906
88.257883,15.862196,922.352,51.216072998774
88.050376,15.863628,5315.306,46.024816336362
88.179533,15.866303,28274.246,42.448297672269
88.082310,15.864191,4504.992,49.160090466602
88.031965,15.864214,4004.426,45.923565563352
88.239098,15.863218,1076.814,46.952418331117
88.230247,15.865279,2300.956,62.575975814434
88.198144,15.865237,2266.450,46.183761017764
88.013924,15.865067,1005.977,45.317106241789
88.248340,15.866697,7005.452,36.891844649150
88.126568,15.865155,639.073,81.683988828815
88.018749,15.866559,2951.953,52.450306575092
88.243249,15.865097,542.262,52.478008132752
88.244888,15.868122,13677.694,47.760242587482
88.175946,15.867652,3878.508,48.665728502870
88.174051,15.868643,1038.831,48.630485959330
88.105704,15.866694,608.950,67.515490317143
88.163028,15.867751,3320.678,218.34472636290
88.165941,15.867497,2124.107,62.513512206360
88.029586,15.869197,10191.258,49.458848095792
88.198089,15.871680,78653.857,65.822981564669
88.133778,15.869439,7030.551,73.345689064740
88.117039,15.870130,1933.553,51.549699160622
88.141720,15.870541,6329.401,163.75289715671
88.229089,15.871699,12890.724,163.87754355049
88.146827,15.870274,2445.617,74.095850137038
88.063866,15.873716,50905.943,47.431994103042
88.062788,15.875654,1006.482,44.518486362988
88.232924,15.872773,11846.353,49.019419215791
88.224011,15.871350,2469.526,46.288810845850
88.238773,15.870418,765.717,47.981538897265
88.258522,15.870410,1321.542,196.72674546162
88.080498,15.870538,620.741,41.901660676047
88.149581,15.871621,2964.284,43.404085769992
88.220520,15.874960,57921.258,136.57182113378
88.163727,15.871176,664.024,136.52810174409
88.034349,15.871746,1534.220,43.723160654714
88.029576,15.874712,33564.113,46.864438785741
88.027368,15.873141,1923.081,36.539507140526
88.125964,15.873271,3279.608,47.690050687275
88.205353,15.873734,2290.556,41.945450531885
88.208257,15.872782,641.005,98.411214358043
88.166542,15.873793,1401.816,69.290085585109
88.214081,15.874812,2077.689,55.768133446850
88.078689,15.876790,19217.216,41.371177748913
88.104898,15.876671,7147.771,39.240261676806
88.156532,15.876382,7694.996,63.228700342321
88.182772,15.875239,781.422,63.263465105761
88.217084,15.875743,860.874,48.113453236189
88.212765,15.881123,10703.371,41.032082229588
88.210998,15.882685,904.661,108.94385230021
88.230927,15.877616,1965.448,45.877556786458
88.119948,15.877654,1834.981,45.900745638881
88.084341,15.879929,22479.351,43.659497963120
88.137311,15.879439,2118.844,46.169752851428
88.135094,15.880401,2339.957,61.592002669313
88.245337,15.879566,3067.193,41.966196513919
88.092783,15.878711,516.305,41.995387059427
88.034345,15.880451,3892.398,42.018618816664
88.124270,15.880177,1826.583,45.082160779825
88.123810,15.882836,3783.795,48.332396839025
88.122999,15.884748,1998.340,85.635158471447
88.057657,15.880544,2424.801,44.997966952320
88.079378,15.881186,3890.630,59.004635413407
88.111683,15.882210,16303.019,62.860170766997
88.194113,15.880568,1423.250,44.981054903603
88.019529,15.882229,4510.108,47.274264539427
88.183391,15.882553,9979.228,40.399635116483
88.230033,15.881394,957.293,181.10246411827
88.042217,15.881348,1051.214,181.28533307449
88.128780,15.882055,1072.290,53.195722754855
88.046212,15.885554,61905.437,42.256877898321
88.046105,15.888437,1202.250,94.828503672951
88.016503,15.883424,1428.701,44.538161949926
88.102387,15.883877,3230.456,44.539706345064
88.231884,15.885931,13204.583,51.965195967355
88.034156,15.884336,2043.058,51.976319279391
88.031195,15.884133,965.513,51.994655041167
88.174096,15.885478,8021.555,52.030301078111
88.171931,15.885571,5549.945,136.43601731363
88.169964,15.885718,942.995,136.34980780553
88.170794,15.888308,2209.146,41.726783120294
88.082575,15.887070,40836.407,60.310720359151
88.084374,15.885742,1911.459,42.846587397409
88.073771,15.884387,1172.033,231.91633585756
88.019021,15.885629,5404.643,57.151096270679
88.154298,15.884498,1678.808,39.505364914382
88.076662,15.887996,69449.712,42.530832349338
88.146013,15.885239,2258.861,42.548700666838
88.214507,15.884334,939.641,44.146826376911
88.241941,15.885190,1611.281,44.165906088592
88.243676,15.886654,1014.001,86.929880410630
88.089942,15.885737,1476.801,86.947108709120
88.087727,15.886988,2295.448,87.000451122824
88.236405,15.888166,32980.870,46.857983260524
88.238374,15.889017,1076.155,62.632986607352
88.237346,15.891473,1799.550,62.663647164690
88.127868,15.886603,2485.082,56.498651168774
88.142628,15.887999,9533.433,42.357736345283
88.229586,15.888473,3874.753,47.546392544704
88.186133,15.888457,4865.087,45.381816288879
88.040409,15.887337,830.153,45.401603541802
88.011374,15.887346,731.127,45.371321383498
88.133026,15.888756,2107.615,46.839821050502
88.130395,15.889106,2271.179,50.346167279042
88.134994,15.889282,1291.721,44.466273033504
88.069530,15.888255,1359.640,50.068614262490
88.193118,15.889696,3030.937,45.343111573334
88.062772,15.889280,1543.408,69.639422885455
88.148820,15.890147,3306.445,69.657407575636
88.066146,15.890882,3229.977,69.613988521287
88.162123,15.893290,2423.837,66.514204723859
88.162884,15.895449,16533.338,137.90128306552
88.164183,15.893666,1228.909,48.603125597638
88.105463,15.891964,7295.395,53.180703347517
88.046730,15.893050,17507.795,52.300038388019
88.229837,15.891450,1774.778,47.237084340504
88.109640,15.891918,1363.150,46.778926440000
88.032682,15.892146,2400.385,46.015030224958
88.194197,15.892450,1939.165,204.51518472555
88.085956,15.892376,1120.116,57.227707514250
88.209381,15.892891,1653.415,57.243472937333
88.076550,15.896560,69626.809,46.355673021505
88.244093,15.892539,795.398,46.364961219130
88.241751,15.894285,9207.358,89.688166857523
88.131294,15.893168,1120.973,46.731333874614
88.132743,15.894526,2268.465,60.534155914798
88.028426,15.895439,12000.710,41.440433006661
88.169720,15.894027,1278.566,57.309694297910
88.190262,15.896001,5958.658,59.678449005678
88.184519,15.894510,876.581,44.881110627121
88.208626,15.896639,7004.325,55.572848165984
88.009985,15.896279,2972.764,60.481675272342
88.060856,15.896243,1303.122,86.487147410599
88.197986,15.897138,6337.595,43.869208509372
88.106650,15.897843,6112.404,46.867716959187
88.102068,15.898599,17383.156,46.490044337565
88.121711,15.896694,911.824,63.790294074169
88.233684,15.897558,1686.942,56.352207395135
88.259201,15.897255,1087.941,41.494245180344
88.043079,15.899148,3785.932,82.465279577194
88.241473,15.900065,7891.653,46.738041102998
88.203473,15.898949,1642.432,92.789290131607
88.183840,15.901071,23309.645,469.31675600237
88.095874,15.898597,1355.280,469.61292086888
88.020825,15.901025,10692.992,74.970459608928
88.014187,15.903845,114056.848,49.660253963970
88.013689,15.906216,8191.131,172.18945054130
88.209381,15.902137,13797.128,48.761625553874
88.229202,15.901087,3238.007,46.430065692946
88.217736,15.904091,54509.188,44.513495337179
88.163303,15.901352,1444.802,42.917795594019
88.219550,15.901731,2833.995,38.931685410832
88.154690,15.901755,2197.394,46.694004782234
88.205864,15.902012,2077.880,52.673500946029
88.244323,15.901943,1493.497,45.426792321038
88.035229,15.901986,1441.329,94.120802862418
88.246852,15.903655,6759.036,49.318720843083
88.091157,15.903288,4714.443,76.795334893538
88.198311,15.904707,17489.584,76.807338115321
88.081210,15.902169,853.712,97.039483615021
88.233652,15.905406,20433.128,43.563951170152
88.235263,15.906403,852.596,56.904360620697
88.076828,15.906005,27251.989,69.932731794766
88.214210,15.904649,3113.484,69.973429582813
88.017940,15.904700,4568.276,40.941538188655
88.142478,15.906335,18012.548,45.381496658210
88.140969,15.907513,726.830,44.787332253168
88.027239,15.903845,898.432,36.887773979211
88.207579,15.905438,4032.029,46.298928481320
88.240888,15.905401,4060.830,46.324137816576
88.180594,15.904156,559.906,52.417069997975
88.139119,15.904989,1865.216,37.417994328937
88.136668,15.905531,2973.890,43.851744874212
88.225092,15.905575,3400.252,73.585967374273
88.159463,15.905342,1103.303,137.91947974071
88.020938,15.905339,756.252,137.83965098977
88.202311,15.908676,17199.337,63.040741002629
88.117888,15.909636,41157.834,54.251401191911
88.119799,15.909240,4933.168,39.646387810620
88.166922,15.907956,7460.082,57.380607450363
88.259774,15.907859,5005.083,57.401371986112
88.063373,15.907038,947.755,46.831477742640
88.227886,15.910250,5074.417,95.133027696217
88.227977,15.912648,4149.686,54.019263079545
88.018344,15.908554,1910.773,45.713237323194
88.096141,15.910600,21145.955,46.514776357330
88.253333,15.909178,2594.162,46.128001512839
88.006061,15.909506,nan,49.273281372270
88.049997,15.908202,883.614,51.939388375255
88.010452,15.908751,961.451,40.581087069612
88.148970,15.910167,3747.578,50.722495127163
88.173285,15.910018,2324.746,48.096661919410
88.161122,15.910785,5559.297,40.032433901157
88.089302,15.910326,1068.371,61.741823858890
88.066206,15.911381,4244.343,60.877461361523
88.233267,15.911126,1962.028,174.77973372979
88.123871,15.910430,868.342,48.580005080427
88.084121,15.911876,6803.893,45.112108075966
88.050653,15.912109,1411.904,67.400471149272
88.110420,15.915305,54431.861,89.818373919575
88.038365,15.913010,1691.233,89.844621184425
88.179948,15.912504,883.601,64.137966001235
88.222741,15.914854,10282.410,93.667548062362
88.174906,15.913488,1763.539,110.66900376382
88.176044,15.915915,30079.858,110.62809248235
88.153091,15.914728,7870.002,48.673473325673
88.028196,15.914860,14580.204,75.649994400885
88.163328,15.916889,36649.769,75.665738634236
88.165126,15.915389,3574.675,86.727186561198
88.078998,15.914280,2175.382,86.760828890646
88.231522,15.916391,16269.402,72.066074211082
88.229557,15.917229,7842.821,93.708200393042
88.216856,15.916804,36058.355,77.860340523092
88.216500,15.919478,5110.496,47.030086345989
88.258431,15.915569,9600.314,47.011940111092
88.190907,15.917560,31758.406,41.655677392713
88.251312,15.916528,10822.484,44.029467993860
88.142067,15.915862,2151.147,149.85238071677
88.144300,15.916628,1148.041,42.701434013063
88.236911,15.915035,597.309,55.663540915389
88.061680,15.915308,802.420,259.31401344047
88.174322,15.918521,38813.610,280.19028599328
88.179259,15.915861,1005.235,48.054990106406
88.064592,15.917532,2670.901,46.671704805123
88.126924,15.919844,65861.775,58.005463528189
88.139435,15.919652,61939.788,49.874565024833
88.076037,15.916898,890.255,111.27928283131
88.171328,15.917769,1318.411,43.224328848996
88.123622,15.918924,4260.446,55.936796478018
88.115007,15.918162,2099.288,45.808420234966
88.023793,15.920235,16456.037,52.156745913146
88.240064,15.918609,983.605,51.000752267218
88.087701,15.919817,5316.864,158.14214552679
88.257695,15.919002,994.731,158.19670062173
88.135906,15.919894,2844.089,158.15679327231
88.011566,15.919846,1196.588,49.862347252866
88.192841,15.921396,5699.689,60.722853730297
88.191421,15.926040,101472.716,60.730389708175
88.192386,15.923745,9496.819,43.997313663553
88.081212,15.920527,1552.674,44.000812150951
88.200799,15.922107,7909.316,44.012997683721
88.201569,15.923789,4695.148,124.14503708458
88.183215,15.920652,822.720,51.512772912946
88.185328,15.922322,2258.798,48.428008950929
88.185309,15.925226,5707.914,47.341811465956
88.026170,15.923412,18540.856,47.571365013074
88.044463,15.921569,1076.532,149.54227798983
88.035037,15.922504,1458.083,50.625716638394
88.070117,15.922221,865.571,49.146189552720
88.255194,15.923144,2795.904,41.252220765863
88.204595,15.927268,47445.106,41.795966294980
88.137649,15.923491,2715.283,41.784994581135
88.019761,15.922597,1346.370,108.43009065383
88.219734,15.922087,862.397,58.770722002388
88.094934,15.922637,648.320,58.798201829130
88.097206,15.923639,1157.187,58.830870220209
88.248263,15.924909,17751.251,60.950234275296
88.016583,15.922971,875.627,48.676891360928
88.017116,15.925242,5951.789,50.742691205054
88.018408,15.927557,693.275,49.127999756478
88.126789,15.924759,8973.554,63.328046936056
88.134236,15.923932,1843.652,46.942044912660
88.243823,15.925242,5359.628,48.677565865186
88.143555,15.924544,1399.499,48.673782280831
88.220732,15.925691,5349.786,57.428195509214
88.156670,15.925750,3827.616,49.292409918323
88.045088,15.924642,773.386,48.809799878123
88.043006,15.925233,801.316,60.190942201611
88.034882,15.926637,5367.479,120.76484577227
88.076941,15.925220,741.203,41.695260911121
88.108272,15.925854,1507.579,195.14965775107
88.028735,15.927332,6514.071,46.031258084226
88.063661,15.928375,34456.196,50.478107209747
88.212802,15.926662,2967.667,50.489269832509
88.115834,15.929487,57230.640,115.91326752498
88.101702,15.926427,1699.303,46.551870775000
88.241441,15.927446,4023.981,179.59126895422
88.240555,15.929143,2482.091,53.996436045141
88.211840,15.929949,40660.407,44.409561304526
88.218792,15.928186,3377.646,42.310250710091
88.232882,15.930806,47409.239,48.817647271041
88.151694,15.930478,5328.799,91.814975581478
88.060164,15.929548,731.741,91.819014751784
88.093831,15.929985,2239.065,62.465466210545
88.030030,15.930799,2581.824,42.159296443270
88.180029,15.933562,48083.716,42.557396602383
88.181169,15.936038,3104.842,115.38571268741
88.025678,15.933105,6626.419,52.828741160236
88.176800,15.932702,1810.347,50.388458446963
88.019372,15.932038,904.291,42.859613241982
88.116114,15.934814,24254.706,43.330430094996
88.063405,15.934176,4128.482,55.686065936182
88.154631,15.934682,3527.867,55.707176556585
88.133573,15.934322,971.087,42.776221054653
88.049054,15.935605,2375.317,46.250836950444
88.080023,15.935724,1730.769,55.126655371485
88.077420,15.936715,3659.460,44.792760460982
88.235868,15.936317,1329.393,42.383641707285
88.225544,15.936898,2374.785,268.16070051766
88.071443,15.937677,5609.476,268.36774048679
88.018274,15.936429,919.562,268.28099073397
88.240382,15.937421,1900.699,44.481601889530
88.046355,15.942415,123345.064,45.575494497150
88.051563,15.942637,679.036,46.025089113134
88.048932,15.943395,1439.872,205.88262264291
88.246497,15.938419,2711.172,47.050678337359
88.223060,15.938586,1483.658,559.76231999231
88.038069,15.939285,2193.368,35.852110825138
88.117900,15.942142,55521.511,46.762798398383
88.212920,15.939198,1107.888,52.804263090785
88.256996,15.943883,135066.094,53.912910120766
88.030445,15.940021,906.782,44.092193095079
88.252361,15.940164,962.769,44.317049143835
88.186888,15.941502,3687.697,82.804271730568
88.088443,15.940839,865.164,46.383633657494
88.176357,15.941472,2260.256,48.578773197975
88.255360,15.940894,619.489,39.473052165929
88.006559,15.944189,nan,44.750322651097
88.062110,15.943846,18004.727,47.198532393215
88.017508,15.941710,655.839,50.671297604283
88.142913,15.942168,1056.938,50.163925638702
88.243546,15.942824,1508.715,46.924890643353
88.230195,15.942975,1425.246,56.104844764194
88.032659,15.943138,1780.221,58.112056770924
88.189310,15.944942,6150.041,151.80351717130
88.070775,15.943191,813.655,64.541490998940
88.181023,15.944321,3007.415,64.500797181197
88.239345,15.945286,7142.187,48.481085489834
88.042822,15.944634,3367.541,46.810445803886
88.057847,15.947065,43301.933,46.828470523483
88.136378,15.945820,10473.857,62.005443391844
88.138580,15.946827,1011.707,48.514284887703
88.011015,15.944223,1553.216,55.292889534306
88.090591,15.944840,856.748,50.952359170618
88.089198,15.947010,1264.658,50.978703800951
88.072885,15.946040,5502.788,45.218702659434
88.141493,15.945308,1399.981,338.40932749962
88.094516,15.946855,4456.394,76.071617180516
88.100607,15.946345,1549.005,76.035255690446
88.099379,15.948204,1030.007,48.586424552117
88.156000,15.946980,1096.100,49.864618695785
88.006558,15.950524,nan,174.05818111168
88.244733,15.950462,72589.546,49.299650552206
88.141691,15.949994,20474.498,48.935143231499
88.143684,15.951755,1511.736,47.202618229503
88.112685,15.947287,843.521,51.707508391704
88.019181,15.948021,1571.858,79.250320423813
88.148450,15.951194,43875.797,47.533762688060
88.050930,15.947360,564.061,53.483688177626
88.225891,15.948806,2745.182,40.368447973634
88.221282,15.948908,2511.053,48.422142639909
88.179612,15.949235,4589.058,48.424401696654
88.151911,15.950763,13254.698,39.867454550455
88.054771,15.949282,1899.290,51.852269503026
88.048264,15.949620,3431.688,40.698842427274
88.254966,15.949128,771.440,49.210300717264
88.063289,15.951554,7907.249,49.229876476323
88.063930,15.953718,1038.986,41.276278335471
88.200493,15.950053,824.461,39.188401408813
88.162517,15.951803,4812.926,40.772042965806
88.195483,15.950878,1101.680,40.767994829321
88.040469,15.951471,978.716,101.64683838420
88.042932,15.951896,729.736,74.104410479050
88.207022,15.951489,1007.476,45.621431367271
88.212563,15.951161,821.378,45.042141704072
88.181210,15.951859,1922.639,61.151369423959
88.184192,15.951632,756.192,47.085224649913
88.177622,15.954241,22838.260,41.859442289736
88.098190,15.953638,5941.740,39.731449480921
88.258150,15.953070,1738.608,193.15048148649
88.090452,15.953504,2409.267,56.409870306157
88.195555,15.954528,8019.523,38.792141424062
88.153803,15.953919,4981.516,41.654798340186
88.139363,15.952532,657.458,42.955897993809
88.127787,15.953125,861.105,155.22994907072
88.032811,15.956885,44183.549,55.925057645026
88.043468,15.955030,4505.641,64.714199514868
88.157872,15.954516,1149.849,52.937175369599
88.165809,15.954163,779.726,52.938562549271
88.055024,15.955190,1134.269,41.092127377936
88.218822,15.964334,40799.651,41.100109524634
88.190633,15.958535,8754.208,39.228407338192
88.022254,15.958541,7722.475,43.691431897241
88.230638,15.958661,5573.369,66.235765500223
88.230853,15.961496,4981.171,42.305733340683
88.172777,15.957052,810.840,42.298222548709
88.171800,15.958747,742.843,41.877865973448
88.148732,15.957584,771.256,59.666625380554
88.080360,15.957706,807.942,59.661548294265
88.050317,15.959393,10900.126,37.930638339527
88.164269,15.958215,1211.688,72.110926614703
88.166766,15.958648,1785.317,51.366692779372
88.144533,15.958655,963.012,39.527042484848
88.067112,15.959850,2305.081,45.108944538280
88.064886,15.961700,13848.863,43.980718146417
88.053562,15.959654,1536.184,63.299017765713
88.104426,15.961175,6965.123,63.333412628748
88.259578,15.960298,2704.196,46.966831821596
88.242647,15.959345,748.851,42.159689405551
88.212529,15.960512,3145.846,51.332347262993
88.253273,15.960370,1845.888,51.979310053655
88.110887,15.960438,1135.411,54.671575453555
88.109257,15.962562,14748.636,54.686867377170
88.256438,15.960832,1412.202,45.874285395585
88.138518,15.960434,774.812,61.486587421184
88.170259,15.961707,2713.810,40.599999370082
88.096767,15.962118,5189.109,41.696575140995
88.032756,15.963153,12100.094,43.393026155093
88.035439,15.964276,2659.179,66.078673248613
88.153597,15.962218,2772.886,169.96979159471
88.086139,15.963429,8894.728,46.325573438889
88.023342,15.961642,689.150,50.504349229764
88.204722,15.962723,659.753,65.982021580106
88.143962,15.963147,1201.869,52.156388680112
88.198149,15.965058,8919.328,97.940032863728
88.194877,15.966841,53680.538,104.91337524940
88.060106,15.964328,2876.566,104.88819726091
88.134385,15.964758,4305.543,104.94549606132
88.179604,15.965591,10404.682,139.40092314406
88.081495,15.964801,1672.974,241.77949157307
88.090508,15.966883,19712.147,52.301127326823
88.034636,15.968379,46971.464,45.140267598272
88.032483,15.968496,2255.531,93.052385614353
88.036438,15.967495,763.322,48.626627429052
88.179115,15.969535,49120.572,46.976872973808
88.163324,15.969679,59890.937,52.464638091108
88.021372,15.966871,3135.371,52.454378466840
88.123739,15.965999,722.318,52.436228827847
88.044549,15.968774,25120.503,52.442875687179
88.248226,15.967213,2645.932,44.910427838923
88.170781,15.967366,1154.690,50.345978187616
88.029538,15.966358,773.763,52.821152176977
88.027467,15.967594,2469.307,48.400557612952
88.025227,15.968913,1381.623,46.494392820357
88.026973,15.971012,2059.151,105.16410110002
88.057721,15.967054,967.054,49.471024871781
88.184763,15.969200,10315.371,234.62154231648
88.140816,15.968419,2563.045,64.389568454870
88.049324,15.968205,1479.937,50.267694472846
88.012006,15.968187,1469.165,50.250942324328
88.172388,15.970877,23242.293,165.95758803539
88.081567,15.968581,1170.981,176.30588510696
88.246865,15.972029,48070.330,56.299643903423
88.197490,15.970761,8088.040,70.050983644271
88.057432,15.970041,3539.456,70.114353256367
88.054733,15.970820,764.588,85.941937717924
88.253277,15.971368,22688.245,184.58882847452
88.076648,15.976689,54604.215,184.66778031482
88.216750,15.972078,6364.290,51.238442620043
88.119240,15.972856,14932.294,97.747618395817
88.116283,15.972265,928.761,224.01093383024
88.166960,15.972834,12174.064,44.094564769085
88.127055,15.978178,72701.386,353.93454689081
88.124954,15.978253,769.154,153.77709507365
88.137804,15.971852,1306.669,44.903606918397
88.240455,15.973938,20839.790,51.985578666923
88.088613,15.974862,58015.456,50.006511330982
88.190956,15.972276,990.909,43.300152137218
88.145542,15.976136,109304.924,57.217967658111
88.038482,15.975064,50801.402,248.26808373039
88.201348,15.972715,2782.766,248.20488878628
88.170473,15.973134,3837.913,68.990990922160
88.107962,15.973581,3446.054,46.246602662631
88.229826,15.973059,836.453,46.234976206670
88.047018,15.973674,2095.662,49.564848116851
88.062005,15.977787,113333.563,44.627730254183
88.061750,15.979882,2637.043,44.631095303895
88.016311,15.974535,5065.770,46.499733494607
88.065526,15.973335,838.029,44.820892008551
88.066240,15.976087,2031.109,42.966779399298
88.029601,15.974052,1880.702,50.313918237878
88.173742,15.974172,803.474,45.159072466644
88.174775,15.975759,838.859,59.932511454095
88.142784,15.973664,778.558,71.830673693387
88.094702,15.974670,993.578,140.53578694960
88.128513,15.975107,1258.312,51.840637965958
88.230731,15.976392,3015.596,42.097747851344
88.194848,15.975901,1375.078,115.52234332500
88.242906,15.977155,5969.705,39.07868380773
88.203188,15.978513,17337.978,50.501149802764
88.169444,15.978867,35623.396,50.515505109274
88.011006,15.977055,1723.044,50.525928320075
88.188783,15.977780,2861.245,45.332156418153
88.080400,15.976948,934.645,172.18941448673
88.098259,15.977413,1240.756,45.752885574311
88.014331,15.977681,980.503,39.217745406349
88.016276,15.978443,3048.913,45.532413471867
88.018947,15.979333,3354.453,70.374072519700
88.216252,15.978129,2104.221,125.74320205994
88.201885,15.981437,76732.799,58.633174295900
88.239498,15.978552,3399.548,38.693935984025
88.119653,15.978010,1133.571,76.895886951139
88.221953,15.978169,928.091,54.750815103287
88.256013,15.980184,9772.497,48.838221677387
88.229486,15.981640,27865.246,89.498011956031
88.068487,15.981116,8738.085,48.279826823517
88.182193,15.979911,934.540,47.163014999517
88.173533,15.982090,13287.824,84.178892637886
88.260503,15.981738,4445.467,186.49142082361
88.092150,15.981460,2317.222,68.694248390751
88.155491,15.983392,14460.876,68.720306238173
88.195585,15.981730,2012.712,49.994152468112
88.126277,15.982585,2801.092,42.525750413830
88.068603,15.984146,16715.002,39.964266745428
88.037197,15.985119,46015.338,40.703400764033
88.081341,15.984252,14974.122,41.714047408209
88.079004,15.983035,1435.652,41.718418119861
88.014795,15.982728,1572.125,41.103518977968
88.189976,15.983113,1308.498,227.80359636916
88.214677,15.983680,2173.125,39.553004061763
88.086414,15.982970,705.542,43.553306515948
88.255584,15.983590,1144.990,43.541449839451
88.257942,15.984018,1063.479,44.262575892780
88.026162,15.983941,1710.706,55.078906530483
88.118256,15.987842,74218.023,43.251675239630
88.224123,15.984020,1034.893,104.95505336936
88.051706,15.984062,812.591,43.158539833993
88.050085,15.986449,1014.666,134.09463209462
88.089089,15.985084,2034.371,134.06517576080
88.221267,15.987101,3681.941,71.886197058233
88.055048,15.986972,1657.307,102.92494127206
88.182430,15.989500,26761.428,48.793410439234
88.251941,15.987958,930.573,62.246478800263
88.198816,15.991582,69541.223,46.152913816217
88.201621,15.990837,5050.959,521.94487275226
88.187587,15.990272,13823.913,113.64774676559
88.219074,15.990373,11185.301,113.63831379384
88.081684,15.989222,2167.096,65.876697678395
88.166666,15.990022,5006.172,49.087067055420
88.015460,15.989039,1671.699,78.607470490660
88.248284,15.992996,74940.549,78.629445991490
88.232124,15.991748,26985.151,46.997252719980
88.229452,15.991675,14500.766,69.297160564625
88.127015,15.990853,7321.575,46.627842578491
88.092209,15.990794,3302.427,64.955166097730
88.143682,15.991679,21925.675,64.961119778985
88.141720,15.992145,1208.246,64.977536102212
88.105520,15.991025,2073.140,65.605904654807
88.056936,15.992531,6815.952,48.803615016937
88.171585,15.991577,1718.530,104.10412298631
88.165516,15.992903,11743.636,50.484571049251
88.166028,15.995602,4458.420,45.856392297915
88.164270,15.996301,3751.510,45.857539315417
88.066497,15.992688,11155.015,45.862600921350
88.157139,15.992286,4758.710,76.152495291124
88.014214,15.993353,12793.155,53.383527407494
88.097112,15.992735,2153.740,50.649779298897
88.185308,15.992945,2019.879,49.364974766587
88.186642,15.994590,1963.383,44.494252061016
88.186743,15.997500,1667.325,53.048873224859
88.210592,15.995589,16417.734,378.49755210428
88.038354,15.993934,1324.387,48.221892280829
88.193511,15.994728,2151.054,48.989861717269
88.024627,15.995258,1951.852,51.175388401739
88.244675,15.994513,783.608,40.194374349633
88.220643,15.995631,3200.998,40.187146246618
88.232064,15.998414,86575.234,45.239716140961
88.153903,15.996550,2707.704,68.929743948211
88.239440,15.997187,5053.200,102.57572463395
88.053321,15.997478,3177.780,44.823826391183
88.215778,15.996199,829.443,45.232270581169
88.217779,15.997106,1145.953,86.760704516613
88.171238,15.996907,1434.012,42.972643234822
88.252931,15.998212,5817.680,45.834233816141
88.042787,15.998894,17758.809,48.107240222628
88.144769,15.996794,938.358,70.335397839523
88.064978,15.997210,1280.601,390.71211246612
88.165272,15.999471,20301.929,45.633023118424
88.096399,15.997547,878.652,43.163590878148
88.195711,15.997730,1049.319,39.981891563595
88.080168,15.998595,1314.643,52.844444266168
88.214119,16.000295,11416.034,56.445516668619
88.225207,16.002865,106351.126,41.738789397649
88.228670,15.998630,1056.187,56.367783118324
88.029909,15.999349,872.368,43.566657753269
88.208695,15.999853,1981.758,44.854448076898
88.050478,16.001079,3332.355,49.789571380422
88.026746,16.000939,2983.500,40.393611347808
88.094742,16.000044,855.275,177.63191753901
88.254904,16.001259,2747.378,121.17021622925
88.192684,16.000258,824.964,42.515186797961
88.122986,16.001546,3095.146,42.524166394416
88.208291,16.002867,4597.556,151.67133748596
88.182392,16.001940,881.330,151.67088616969
88.043406,16.004516,33647.831,41.601771621493
88.020825,16.004430,17761.715,55.157881877935
88.117145,16.002828,1820.767,48.133648957932
88.115180,16.004063,660.181,218.07783802340
88.196130,16.006377,76968.499,48.543837899886
88.198400,16.007289,3342.723,48.538916706838
88.090587,16.002605,1392.109,77.322771784945
88.069056,16.003996,4506.416,174.55185013738
88.084036,16.003702,3963.054,174.52669156301
88.224528,16.006207,49045.895,73.242263540494
88.052170,16.003531,1329.975,73.242755342286
88.054054,16.004300,2428.616,44.550629385628
88.133230,16.005980,14476.380,57.611576877847
88.062619,16.007969,28609.980,53.815993310078
88.060615,16.008988,48407.200,44.944290538628
88.216314,16.006806,20486.166,68.870349196034
88.214754,16.008011,1463.561,68.916832075744
88.168622,16.005325,1014.610,42.691808345570
88.253114,16.005958,2900.135,36.147123329854
88.034397,16.006932,4474.546,47.762449525509
88.104605,16.005805,962.779,58.327798058413
88.239325,16.007328,6294.845,44.450748615365
88.024240,16.008773,12233.015,39.258968272053
88.107943,16.006112,821.013,44.984863535158
88.245823,16.006611,1275.131,78.551019205400
88.037516,16.007191,2392.727,46.042559393572
88.065876,16.007943,6403.603,45.020945042239
88.203713,16.007265,1622.125,45.496312055010
88.176868,16.007123,756.423,41.002552936472
88.160436,16.008864,3070.908,55.554854103014
88.078376,16.009759,10379.059,44.559048364198
88.154786,16.008796,2337.144,43.530130344107
88.236847,16.009629,3782.794,39.714241593377
88.172241,16.009420,3173.457,43.323948048373
88.232927,16.008397,950.104,39.076735655895
88.047382,16.009642,4421.315,""
88.098808,16.009181,1217.081,""
88.112186,16.009094,1125.094,""
88.082686,16.010871,903.059,""
88.043608,16.010805,614.998,""
88.202525,16.010731,575.158,""
