#mjd: 58443.29251
#filter: r
#airmass: 1.43
#seeing: 1.092827445
#m5sigma: 19.7516
#exptime: 10.0
#night: ut181120
#ra dec flux fluxerror
88.149406,15.771461,10724.621,99.269369804650
88.235626,15.771375,6263.174,76.135551201384
88.199512,15.771002,1489.715,55.079954001326
88.035858,15.771595,1342.463,58.364791968360
88.081907,15.771296,1009.893,72.895312912978
88.072888,15.773341,20247.723,140.51804711248
88.168305,15.772733,10593.052,101.97470998194
88.036878,15.774813,51493.710,397.43287194659
88.232404,15.772750,1817.667,53.771540921276
88.051072,15.772755,2054.673,61.738818964519
88.203850,15.772859,1526.669,55.696345627186
88.146135,15.773987,5539.390,61.705122781414
88.206926,15.773704,2163.203,53.460694542670
88.049051,15.776489,19318.058,168.57519892948
88.170198,15.774728,973.317,57.184088331950
88.248601,15.775699,1502.022,54.217816819877
88.216948,15.776708,9460.307,96.381831683213
88.045745,15.776658,5058.505,74.325783118341
88.167430,15.776431,2873.886,58.904861901705
88.206213,15.776862,8780.100,91.181029965156
88.227855,15.776905,2664.769,59.040383352199
88.157523,15.777342,2452.529,58.747450766814
88.051009,15.777950,1175.254,54.231854949447
88.142033,15.777686,1784.932,57.071795739620
88.241294,15.778381,3777.302,60.232605714473
88.054083,15.778359,2388.210,60.172549501048
88.102836,15.778093,1098.192,51.642985182686
88.150083,15.779005,1596.360,58.360592414094
88.164357,15.781913,41424.731,298.93709410150
88.203955,15.779934,842.029,59.491664518671
88.255864,15.780683,1613.173,55.238978665288
88.233707,15.781213,2829.012,62.920997134764
88.262326,15.781288,1936.208,60.685367253068
88.227747,15.781238,957.099,55.325428082290
88.200569,15.782031,4316.063,63.218184577348
88.147681,15.782031,2863.829,66.859649809697
88.222267,15.783972,96184.528,583.26674710990
88.155066,15.782079,1345.410,58.022182844675
88.263989,15.782159,1450.348,60.464428236746
88.068498,15.784239,42328.922,274.51436325889
88.122684,15.784402,8633.348,85.577724039248
88.272551,15.784741,7862.601,69.945987854872
88.179694,15.785200,6734.287,82.087463362700
88.194304,15.784303,997.417,57.882954545902
88.104765,15.785708,9170.668,81.998121697145
88.065408,15.785075,1849.921,53.605163623008
88.071551,15.785822,3473.342,64.011078979147
88.201623,15.785659,2125.067,56.777108298779
88.135222,15.785347,1325.407,58.233910296873
88.162696,15.786566,9688.917,82.048172796224
88.145283,15.786979,15563.506,115.89915665969
88.128485,15.786665,3671.229,67.921672879028
88.089561,15.786402,2326.405,54.850699659829
88.113011,15.787604,8584.261,90.075191366979
88.057753,15.787280,4087.500,64.481264261503
88.165646,15.787245,1178.500,54.502853652795
88.191125,15.787658,3022.410,59.922808552997
88.192965,15.788406,13572.712,106.75783836486
88.043702,15.787833,1401.669,61.898321820457
88.276059,15.787301,1664.860,54.386798316722
88.115607,15.788483,1125.448,61.778539408165
88.141177,15.790718,74526.108,471.88436967755
88.133895,15.789426,5387.853,68.316551041957
88.221214,15.789121,5732.235,59.638350834677
88.150017,15.789542,2145.017,57.773451368847
88.247368,15.789914,1702.962,53.154848930141
88.147350,15.790324,2913.418,58.996050121689
88.096629,15.790334,1243.344,55.242984181717
88.230112,15.790361,2195.572,55.941511059032
88.123587,15.792294,12265.385,82.965917203096
88.265229,15.792159,5123.253,70.883317564247
88.218743,15.793532,15986.328,120.77206808384
88.161614,15.792243,2710.578,54.744981942256
88.258791,15.792051,1230.459,58.116334544527
88.059564,15.792479,3458.547,62.598571785843
88.082141,15.792504,1582.378,60.106873563203
88.188893,15.794632,13787.530,107.00872810173
88.172681,15.793997,2141.369,61.466812736208
88.114492,15.793781,1306.370,62.984646007825
88.270819,15.793791,1123.904,57.195225041806
88.266610,15.794823,13851.450,107.43325809788
88.274396,15.794025,1684.095,47.336935377807
88.118488,15.795054,5508.026,64.666834261060
88.192573,15.796123,34788.413,220.03986538875
88.224538,15.794590,2003.594,56.874817548226
88.245854,15.794292,1038.782,50.753665027116
88.175287,15.795719,6600.195,73.068774606645
88.083250,15.796829,14468.443,94.726434620595
88.081868,15.795453,1186.507,60.468048681031
88.252957,15.797366,6037.273,70.189975188295
88.249154,15.797125,2817.179,60.798516045598
88.262019,15.798388,14795.054,133.25635850028
88.169215,15.797140,2687.519,55.934687932195
88.151633,15.797406,1938.867,56.434908690993
88.273057,15.798660,13564.879,106.02328056122
88.120845,15.798395,5228.030,61.923747657648
88.159790,15.797444,1116.165,46.107277779550
88.206364,15.798451,4155.744,59.640546530921
88.189536,15.798326,5283.567,65.075486771778
88.151655,15.799292,17487.497,122.72757664688
88.071709,15.798065,2336.303,60.763511962902
88.126069,15.798081,1725.578,52.864054864807
88.123740,15.798453,1197.650,50.123880415554
88.268970,15.799005,2684.608,59.760086492948
88.129957,15.799750,9592.998,79.623598234406
88.096901,15.800620,12147.957,86.501217464978
88.241382,15.799534,1295.915,58.094453120021
88.043899,15.800797,10066.263,101.64249988483
88.263000,15.802336,11488.297,103.44687808016
88.158631,15.801911,2878.599,53.852926408968
88.102164,15.802675,13955.821,89.513422932865
88.243427,15.801398,872.569,56.263628011147
88.207782,15.802289,2130.251,60.653472947064
88.241106,15.802300,1923.404,53.442287553025
88.171496,15.802977,8048.149,79.913696810079
88.103066,15.805298,71089.931,388.67406209740
88.040214,15.803039,6834.721,74.656561099193
88.238873,15.802911,5744.836,76.100761896983
88.167373,15.803468,2261.798,56.868462650994
88.249636,15.803473,4813.278,71.797813444661
88.226057,15.803938,7006.471,74.612601513443
88.031224,15.803679,4645.897,69.659004569222
88.136653,15.804818,15623.800,115.99878342833
88.190457,15.803625,1373.367,55.912376148329
88.165126,15.804584,3233.209,68.459142734851
88.177154,15.805894,25890.436,205.07704171926
88.033567,15.804712,1686.511,56.012523260433
88.187104,15.806442,41089.332,274.89408223393
88.087898,15.804708,1463.325,50.206079690212
88.263348,15.805675,3108.942,62.842037856873
88.167083,15.805966,1053.546,59.136231083295
88.208207,15.806753,6189.802,78.030022605195
88.129644,15.808183,44870.751,300.57602758018
88.143431,15.806862,2357.436,62.777834502747
88.190018,15.806212,1151.085,58.449996156368
88.252708,15.809655,102639.202,701.07783887703
88.099983,15.807218,3203.345,53.442716023662
88.097860,15.808515,16931.799,110.84659858144
88.242784,15.807416,2125.004,59.304434575897
88.157602,15.808168,3415.986,62.766347842887
88.171761,15.807690,1638.704,60.164606419557
88.067396,15.808486,2602.776,53.164828283142
88.227782,15.811719,161511.660,1038.6419112981
88.160921,15.809834,17553.992,123.16010714063
88.193533,15.808647,1506.538,56.903579732641
88.102163,15.810088,10149.610,89.578199078017
88.107418,15.809640,1671.069,60.004341837989
88.226315,15.809307,1493.175,57.363645883452
88.121820,15.810709,13906.358,100.73997946591
88.038272,15.810319,1691.358,53.969142411751
88.155817,15.810095,1452.433,51.364425491922
88.206878,15.810733,2997.354,60.283706665358
88.087211,15.811517,2283.177,59.758596721600
88.142693,15.813485,32528.884,236.43938897197
88.212861,15.812256,2828.908,56.544784121531
88.198725,15.811937,1070.785,58.579423199202
88.037536,15.812295,1526.825,57.911191786672
88.227598,15.814469,56914.384,408.57970774760
88.102356,15.812795,1945.360,60.148530222581
88.218226,15.812654,926.302,52.986872573620
88.180621,15.814194,9863.568,96.028346709544
88.166150,15.814643,12012.712,105.72614777534
88.162363,15.814369,13207.341,114.24908170562
88.050799,15.814692,13574.640,89.370496554381
88.171812,15.814801,6738.204,78.651120750357
88.168069,15.814195,1134.078,50.964808660128
88.046324,15.817238,92687.607,625.31416067154
88.079915,15.816950,37497.541,219.74688951499
88.229947,15.815445,2634.029,62.499031829842
88.104928,15.816460,17820.419,119.26093022370
88.040520,15.815573,1745.789,60.396837207006
88.204979,15.815632,3566.612,61.280860702109
88.093347,15.816248,4328.897,61.829899531730
88.153195,15.816038,2147.727,60.026926637991
88.222604,15.815779,1005.470,50.901082932326
88.088531,15.816110,1825.178,59.616011528645
88.077291,15.816386,1646.896,57.361231023590
88.170823,15.816552,4528.204,65.950292531183
88.157307,15.817261,5885.768,63.970573311798
88.160962,15.818543,25621.310,160.48985362330
88.074265,15.818036,4416.667,69.059482511943
88.245821,15.817483,1073.574,49.125235509519
88.183070,15.819437,15058.396,139.76493152595
88.050747,15.819471,3041.994,66.464758909301
88.070736,15.819419,6079.534,68.599484767938
88.189043,15.819069,2209.638,58.324681281881
88.094353,15.819718,1907.133,59.602859683192
88.245570,15.821040,21585.429,149.52610991971
88.103270,15.820266,1610.728,56.453753743278
88.073025,15.821905,41290.272,241.82824362329
88.123764,15.821575,4433.477,62.743136143898
88.084180,15.821179,1180.212,56.834963788637
88.110784,15.821576,6074.679,67.616115041293
88.198113,15.821778,1291.928,60.931520560564
88.051102,15.822157,1127.496,61.558555868570
88.034841,15.822734,3356.427,61.529902970006
88.214238,15.822622,1985.196,57.074825511693
88.248085,15.824049,8409.523,73.078942235337
88.269916,15.823765,2828.184,55.119008510004
88.229215,15.824444,6463.355,65.690046249888
88.241423,15.824610,1994.979,53.482226286597
88.098875,15.824296,816.570,52.164864012317
88.250079,15.824919,1870.200,54.034914623098
88.039180,15.825792,2349.425,56.885299152278
88.272528,15.825714,2648.433,55.818846391266
88.063848,15.826181,2063.582,56.792090647296
88.131149,15.826013,1874.086,52.708654232700
88.249446,15.827231,2395.705,56.825534478538
88.170006,15.826996,1264.182,52.067950836296
88.089253,15.827710,5128.081,63.297586941420
88.109001,15.827838,3771.099,60.158567180842
88.050173,15.827974,2261.538,57.523219960668
88.274834,15.828549,6734.503,69.681891495152
88.218120,15.828086,1699.096,57.955164140758
88.181735,15.829314,21473.875,172.27064298226
88.068791,15.828406,1491.226,54.784660763488
88.103434,15.828931,2691.002,59.582579587033
88.174877,15.829318,2212.348,59.449216531638
88.068593,15.830252,12888.120,88.591560217715
88.187453,15.829931,8872.046,92.370209796539
88.039913,15.829504,1364.989,57.810275812361
88.134328,15.830025,2118.164,56.599006366957
88.178186,15.830296,4071.923,63.507889137577
88.254105,15.831410,14372.109,122.86317093343
88.166290,15.831135,4768.940,69.883788780527
88.183343,15.830489,2262.557,67.191005423706
88.036126,15.831284,5412.151,54.228963701354
88.175095,15.832189,11950.742,105.07685047578
88.201570,15.832560,8424.692,89.057720278822
88.198514,15.832022,1156.841,56.673537331801
88.179494,15.832928,1186.929,54.032817204818
88.184808,15.833080,740.649,56.077866238927
88.057084,15.833509,1196.987,56.871123818844
88.168864,15.834136,1920.629,65.597252758958
88.036323,15.835307,5227.388,68.274786982196
88.181114,15.834591,1010.365,59.495803059130
88.105687,15.836066,26614.540,193.79274415951
88.256875,15.835987,4886.725,67.054162022213
88.238765,15.835761,4249.999,62.361742705312
88.071220,15.835139,1199.618,54.202601001747
88.223777,15.836457,6164.126,70.951239579938
88.210779,15.836904,7455.849,92.264329697653
88.101274,15.837424,7329.350,74.929557460782
88.195060,15.838196,27914.256,231.91437303799
88.267114,15.837142,3453.811,67.910822761990
88.079482,15.839576,37062.184,188.10632487659
88.260601,15.838642,3402.815,61.063853035787
88.046162,15.839730,18615.156,103.10867892793
88.228380,15.838838,1095.381,54.968209777085
88.216068,15.839139,1884.878,56.290597310397
88.197227,15.838901,1335.461,53.943404387670
88.075319,15.841182,25411.886,139.00824599912
88.189634,15.839886,1639.397,54.178906445663
88.203345,15.840241,4703.549,82.312245757385
88.039972,15.840022,884.269,54.568131290052
88.122470,15.843335,84816.252,471.98404517804
88.109512,15.840828,1838.806,63.996567993926
88.165609,15.841088,1894.813,51.698820451392
88.169957,15.840886,1543.208,62.611680567493
88.151885,15.840991,977.709,55.693932166840
88.057690,15.841264,2965.485,64.139700360784
88.185359,15.841105,1793.016,54.797675066593
88.123606,15.841167,941.690,61.263719734112
88.059414,15.842230,4788.777,66.354461467119
88.052942,15.841758,2019.196,61.892704101678
88.211039,15.842025,1753.402,53.513042750071
88.068082,15.843804,21226.074,126.04042312002
88.076562,15.842570,3389.251,60.917553391914
88.218701,15.842422,1826.414,53.494711535037
88.143400,15.843005,5818.430,71.675371519680
88.036123,15.844364,27905.436,211.91372040919
88.234881,15.843267,3180.453,63.447151110096
88.240926,15.843087,2099.776,58.824446563932
88.132824,15.844053,12034.400,106.80019823315
88.276008,15.843853,4215.699,62.988154649839
88.119164,15.843622,2364.477,66.129663847238
88.157833,15.843052,826.026,53.419645808029
88.181195,15.844132,4525.537,66.541836847287
88.258292,15.843904,1518.119,56.547666552450
88.051065,15.845233,8956.658,70.948872193783
88.104172,15.845803,5861.272,62.764636291072
88.047128,15.846505,3795.968,71.721698698541
88.093133,15.845936,1086.396,53.980208410982
88.169901,15.846716,6481.905,70.846230985887
88.080058,15.846310,2142.829,56.175152768361
88.271570,15.846016,780.382,54.899950408496
88.144474,15.847023,2340.962,55.495586505067
88.053958,15.847437,2314.524,58.509041297796
88.132017,15.848856,23915.246,164.66559826152
88.147918,15.848663,7047.099,73.650914136273
88.158913,15.848706,3400.755,57.010255380779
88.246224,15.849220,6691.931,79.496361502372
88.152064,15.848946,3292.847,58.272270783422
88.129967,15.852066,119119.786,796.76756666642
88.257057,15.850773,9150.357,77.860237466478
88.098091,15.850221,3083.701,55.984358615072
88.199583,15.850278,2500.491,59.763604482782
88.219296,15.850088,2236.324,54.451270733930
88.184961,15.850072,1615.166,52.701757855981
88.250384,15.851299,5794.679,66.327261395319
88.091538,15.850866,2147.383,61.242614873430
88.174256,15.851300,3612.742,59.608262499550
88.225738,15.853772,64609.226,475.68320833929
88.212844,15.852634,1440.677,58.963685282612
88.147157,15.853106,3213.292,67.368394765126
88.086342,15.854550,8705.843,83.073355589877
88.183325,15.853524,3991.249,67.878195363871
88.071765,15.855357,34736.517,197.70874500086
88.144818,15.853360,979.919,61.261439394654
88.163021,15.853794,1553.562,50.308387920946
88.045769,15.853957,1466.929,54.223730035915
88.179114,15.854180,2299.414,56.289473631099
88.140482,15.855199,8229.620,86.040904900086
88.271622,15.854719,1063.357,58.312853341925
88.244599,15.854914,993.075,55.633536254856
88.136079,15.854915,1717.169,57.562833949193
88.075620,15.857789,83919.396,421.00430986642
88.175690,15.856047,9858.969,100.79385132389
88.253182,15.855118,1685.981,52.741801706071
88.167733,15.855998,5290.566,72.908712968220
88.207539,15.855720,3054.718,67.698907753459
88.096660,15.856257,4706.163,62.197931542825
88.177777,15.856574,10299.800,115.42800887487
88.124852,15.855639,1918.142,51.534613137273
88.127675,15.855726,1919.120,55.227940788111
88.166497,15.857428,14401.826,140.46273057336
88.100748,15.856791,3400.864,59.909022134893
88.256589,15.856578,4438.689,65.286872478618
88.034410,15.859384,23288.877,139.23789007081
88.080516,15.858963,14902.700,98.912515894045
88.037560,15.857709,943.352,53.966376052938
88.108439,15.859347,15997.093,140.64357994217
88.040927,15.859748,25028.686,140.74810120996
88.032089,15.859358,10047.915,79.354346918774
88.177659,15.859069,1276.626,59.455221209773
88.139144,15.859984,1890.785,62.214996203305
88.232085,15.860650,5224.620,70.868667842079
88.122659,15.860246,1904.721,64.105572384279
88.030474,15.860808,6082.901,72.572245588513
88.151748,15.862245,49397.499,404.92412474725
88.099366,15.861324,5143.503,64.527076828929
88.141089,15.861082,3919.465,68.025624267766
88.220405,15.861629,5591.949,71.494955482879
88.217574,15.861326,1198.247,56.199748144337
88.126916,15.861413,3313.830,60.331366976875
88.274649,15.863219,55819.961,381.65102060264
88.257890,15.862203,946.556,61.307787718492
88.050389,15.863644,5162.235,78.355377442607
88.239051,15.863238,1131.437,59.830759674738
88.179528,15.866305,29709.835,239.20803579323
88.269906,15.864299,6458.817,74.831922340442
88.252559,15.865071,37067.038,251.47911099189
88.031976,15.864231,4086.936,59.929183123321
88.082287,15.864203,4658.086,69.638272041072
88.198119,15.865246,2316.833,55.001398103112
88.230264,15.865313,2338.185,58.946556042130
88.248334,15.866714,7265.693,79.975658614452
88.175951,15.867642,4101.359,66.987050135217
88.244899,15.868136,13963.933,107.72218904535
88.165936,15.867506,2274.535,57.237586303719
88.163040,15.867762,3488.414,61.483124185182
88.029580,15.869218,10311.818,89.240265336624
88.133778,15.869443,7254.156,74.263328299214
88.198090,15.871689,84027.822,654.61179383926
88.141728,15.870549,6627.749,67.031798985264
88.117016,15.870137,2256.711,61.132764492688
88.146837,15.870270,2617.996,61.682531231594
88.229097,15.871712,13285.972,113.51603755443
88.258549,15.870423,1323.612,53.720098318834
88.238751,15.870455,932.984,52.764166604918
88.263439,15.871396,5368.485,76.642168479238
88.063852,15.873728,52871.875,359.82352903246
88.149592,15.871618,3029.838,60.755382975730
88.224016,15.871385,2299.336,49.689075611643
88.232930,15.872784,12461.600,101.14710362453
88.105594,15.871546,1288.376,53.195128981455
88.034338,15.871749,1610.502,57.832441605054
88.125969,15.873258,3731.819,60.576514553418
88.220528,15.874974,60867.065,481.68462457063
88.027345,15.873168,1788.464,57.725425688682
88.205300,15.873812,2251.756,60.382933574566
88.029535,15.874721,33723.994,196.26122658985
88.166544,15.873816,1342.831,55.824785246021
88.269258,15.875223,3010.679,61.499771760003
88.214081,15.874841,2458.431,54.371669633764
88.182799,15.875236,868.126,51.134443980232
88.104876,15.876677,7289.229,76.449580411754
88.078684,15.876799,20396.226,149.67198263465
88.217067,15.875761,999.847,49.269367174906
88.062737,15.875674,1059.937,54.671542601900
88.119938,15.877658,1888.303,52.847824109758
88.230929,15.877625,2193.160,58.998813483758
88.084331,15.879925,23758.972,155.75606857651
88.137312,15.879477,2372.233,52.818097643659
88.245333,15.879600,3336.021,57.632157402401
88.124249,15.880199,1932.923,55.177093592138
88.135101,15.880424,2384.800,48.946764315090
88.034320,15.880474,3875.245,56.779049187026
88.057652,15.880555,2227.624,53.545307281767
88.194134,15.880567,1325.394,55.378839513112
88.079376,15.881180,4205.835,55.868117766374
88.111677,15.882218,17277.601,140.89504299871
88.183397,15.882576,10509.386,86.671335329763
88.264197,15.884103,96864.770,795.94766327496
88.042225,15.881367,881.564,54.571041905938
88.128789,15.882066,1094.813,52.561894426341
88.123801,15.882868,4090.074,66.314018916677
88.046205,15.885557,61721.795,363.95351751521
88.102362,15.883892,3449.503,63.920737560975
88.057596,15.884586,4881.378,71.530176176449
88.034155,15.884366,2026.827,54.901298697114
88.268989,15.884406,2237.401,57.994935170056
88.073789,15.884406,1181.225,51.886525355293
88.154332,15.884498,1681.273,59.676557781917
88.214514,15.884317,1038.989,64.373170948633
88.122958,15.884750,2188.144,56.453082649693
88.231874,15.885951,13589.381,115.04997885506
88.174115,15.885484,8404.853,86.607426236196
88.171937,15.885577,5727.368,70.850429534213
88.146008,15.885234,2257.130,64.487070379603
88.241987,15.885217,1683.860,54.807504010616
88.082558,15.887071,44555.265,337.51303771902
88.084354,15.885736,2059.307,63.447792266571
88.076652,15.888006,73520.578,503.91357151133
88.089898,15.885737,1549.972,62.357533125043
88.169977,15.885775,1089.310,54.912114161363
88.127852,15.886613,2709.873,55.409460258539
88.236400,15.888179,35008.275,291.81793814271
88.243688,15.886664,1057.797,55.600169798444
88.087708,15.886991,2474.791,61.220687358214
88.040364,15.887319,899.791,59.624878165872
88.142619,15.888013,9781.048,95.518107175576
88.186164,15.888487,5058.468,63.920919090225
88.170787,15.888306,2186.434,60.249392228119
88.229599,15.888454,4106.360,62.215981306480
88.069524,15.888238,1257.452,53.355652139105
88.046126,15.888458,1189.855,58.829539735940
88.133017,15.888776,2373.292,61.917746006631
88.238383,15.889028,1068.999,70.349436313962
88.134991,15.889274,1299.337,57.620712141277
88.130392,15.889112,2378.545,61.364766187968
88.062743,15.889290,1816.698,68.186900797029
88.193142,15.889731,3202.132,62.604681119631
88.148796,15.890150,3103.444,66.953907113876
88.066139,15.890902,3127.584,56.836458291433
88.229869,15.891459,1996.563,58.218547382509
88.105455,15.891977,7587.377,77.036016701471
88.237341,15.891493,2013.422,63.935768787458
88.032671,15.892167,2489.179,65.591893554047
88.046719,15.893063,17111.400,174.88388144491
88.109642,15.891906,1503.646,60.776218932324
88.194221,15.892476,2070.497,51.823217458402
88.085986,15.892374,1173.072,60.280588001986
88.209384,15.892911,1688.924,58.827289418674
88.162183,15.893491,2656.809,59.238755077481
88.131274,15.893151,1136.157,56.085241725336
88.164180,15.893702,1101.870,53.453087287363
88.241762,15.894305,9303.476,95.959706002555
88.076541,15.896564,73141.863,462.90191025591
88.169719,15.894014,1304.444,53.733411675038
88.162895,15.895456,17274.433,133.57161337405
88.132735,15.894535,2327.092,58.662370140178
88.028415,15.895441,12184.131,106.40521401083
88.261950,15.895528,8802.433,106.22880621053
88.190278,15.896026,6610.908,83.945112025039
88.208621,15.896652,7457.682,91.740238102245
88.197997,15.897165,6789.187,76.863056881232
88.060819,15.896228,1403.034,56.969903193482
88.121692,15.896723,977.404,56.456635196479
88.106654,15.897866,6651.791,76.894381615000
88.102081,15.898614,17894.362,126.11902930653
88.233682,15.897567,1992.327,59.126151149629
88.259205,15.897261,1287.452,51.199039819406
88.272121,15.898539,11032.449,104.36163751737
88.043075,15.899149,3850.850,55.010332063577
88.095927,15.898621,1491.683,51.089237298441
88.203518,15.898974,1684.350,57.972537996313
88.241473,15.900080,8079.795,89.850810887060
88.183863,15.901084,24837.791,236.33810145974
88.229220,15.901116,3461.299,52.064684805099
88.209389,15.902149,14749.141,156.48453215517
88.219558,15.901741,2792.963,56.679168554781
88.163273,15.901359,1450.767,47.206317510269
88.154665,15.901768,2501.371,50.500315102402
88.217738,15.904109,57560.596,464.67110612642
88.244325,15.901970,1501.987,53.635318371372
88.205852,15.902025,2027.019,55.133879503871
88.261923,15.902646,6316.341,66.377102712329
88.035208,15.902026,1574.963,57.395158993794
88.081179,15.902149,787.720,57.642802356993
88.091144,15.903303,5027.357,59.176504536445
88.246871,15.903659,6265.876,74.987628865379
88.198322,15.904709,18477.980,175.76872215383
88.233653,15.905427,20620.455,175.89126400125
88.214198,15.904661,3231.580,61.969088539640
88.076819,15.906008,28216.832,216.42829842661
88.139093,15.905009,1987.309,56.762715962383
88.207578,15.905450,4137.641,69.714370118138
88.240913,15.905431,4092.753,66.187612657322
88.136659,15.905528,3340.917,56.754044768754
88.142465,15.906342,19014.299,151.58187748973
88.225081,15.905591,3570.846,63.899456761897
88.271982,15.905643,1180.249,50.224545524162
88.159439,15.905394,1172.846,49.883419429747
88.254882,15.906130,1128.126,58.767100512127
88.235293,15.906448,942.411,54.021601898682
88.117885,15.909637,43970.343,268.90330845039
88.166918,15.907960,7811.339,90.174873223830
88.202318,15.908682,18095.374,179.10589223202
88.063367,15.907059,960.097,52.357900638290
88.259776,15.907878,4996.497,70.897622097396
88.169122,15.907928,755.200,55.712600491121
88.253349,15.909175,2303.208,64.956048103392
88.119783,15.909226,5097.636,80.797872999411
88.096141,15.910612,21864.078,148.26133242995
88.227922,15.910299,5280.969,87.583541888431
88.173300,15.910006,2367.969,60.274749090810
88.148975,15.910185,4030.661,72.171085706772
88.143549,15.909797,640.163,61.093195052947
88.161122,15.910791,5762.118,69.995738186877
88.089303,15.910376,1121.442,58.332022628513
88.066226,15.911398,4170.618,60.439567797780
88.084106,15.911892,6975.836,77.990218696591
88.233268,15.911142,1959.782,62.750845417094
88.227972,15.912665,4228.849,67.124184079732
88.050641,15.912112,1310.099,64.005686547781
88.110415,15.915297,57262.504,369.20987717150
88.179955,15.912487,989.874,58.654700801210
88.038338,15.913025,1778.955,54.073829273863
88.174870,15.913468,1670.955,65.618826141883
88.153085,15.914740,8626.477,92.844106298214
88.222739,15.914867,10806.671,112.66423992111
88.028183,15.914875,14552.879,110.63194347740
88.078982,15.914296,2245.726,62.117999811397
88.176056,15.915933,32349.512,280.49280419627
88.258440,15.915585,9378.517,94.206934627596
88.275475,15.915748,11528.663,106.83079964952
88.216865,15.916816,37374.413,323.05570537850
88.165127,15.915400,3628.989,69.369128166672
88.163330,15.916893,38617.128,282.58111012096
88.231529,15.916406,16388.492,163.58284928823
88.251323,15.916545,10260.428,102.24334828972
88.190920,15.917560,33982.320,284.80026822025
88.142066,15.915864,2442.226,61.931898682114
88.179269,15.915877,1159.285,56.019499193677
88.229569,15.917244,7935.174,84.990518557962
88.144316,15.916617,1103.316,57.919297080294
88.174325,15.918528,41873.916,403.33909100806
88.064641,15.917512,2606.219,61.945991169900
88.076020,15.916895,880.927,51.651341797611
88.126926,15.919837,67878.278,445.59536568475
88.139432,15.919653,66607.078,470.31427481356
88.276650,15.917220,874.684,56.080572863169
88.114978,15.918145,2144.854,65.273414891789
88.274380,15.917810,2661.007,56.443585300543
88.171340,15.917801,1280.881,56.249750655213
88.123628,15.918920,4385.495,64.791718663297
88.216500,15.919463,5080.570,60.755777480816
88.271395,15.918222,748.679,52.760856927821
88.240037,15.918631,1041.480,56.852356451637
88.257700,15.919010,1073.619,55.702095428865
88.087711,15.919818,5010.846,71.124098632877
88.135910,15.919900,3018.273,62.118155848295
88.081172,15.920521,1624.390,54.862525487440
88.192864,15.921395,6193.901,77.660809257378
88.183226,15.920623,781.859,58.058324590912
88.200808,15.922105,8492.210,90.877174900312
88.185355,15.922309,2227.586,50.472592005024
88.034993,15.922534,1711.158,57.737606908750
88.219708,15.922083,873.328,50.213867676005
88.070099,15.922159,697.909,55.861185673437
88.137657,15.923490,2976.616,63.358432590807
88.255200,15.923158,2798.146,57.585583153106
88.192406,15.923751,9940.129,86.955038644729
88.201598,15.923787,4905.079,69.823673667727
88.191439,15.926047,107188.823,894.99730928526
88.097199,15.923602,1284.881,49.978808261471
88.248276,15.924923,18334.615,180.43690997297
88.126797,15.924767,9777.964,95.378720565638
88.134244,15.923942,1710.652,52.175579003440
88.265279,15.925505,14262.373,139.29874009837
88.143568,15.924522,1474.120,57.167041849407
88.185338,15.925220,6130.511,76.448327291325
88.220746,15.925718,5610.233,75.755114778086
88.243822,15.925254,5209.123,66.060308712674
88.252821,15.924950,1351.883,49.470638227467
88.083593,15.927155,36791.004,213.33414543819
88.156684,15.925764,4095.522,55.869114438000
88.042930,15.925248,799.211,54.323368180588
88.108257,15.925865,1597.773,51.069609375289
88.034871,15.926646,5579.816,65.826492764198
88.101734,15.926398,1614.940,50.639071403884
88.115835,15.929476,60373.623,390.79931835982
88.212788,15.926689,3206.636,60.636193038664
88.063643,15.928394,34123.628,188.75632491116
88.028722,15.927351,6491.019,71.620203657986
88.241435,15.927457,3795.772,54.989458761174
88.211863,15.929971,41545.509,333.43905120285
88.218789,15.928182,3495.811,57.826282750301
88.266849,15.927840,1537.077,59.192982425596
88.232901,15.930817,47786.090,376.45911088036
88.240545,15.929138,2467.090,51.194183495274
88.093821,15.929977,2429.864,56.957358792234
88.151712,15.930473,5929.889,73.323564205209
88.060142,15.929559,861.943,60.345953668781
88.030029,15.930829,2585.968,52.769956609889
88.180039,15.933571,51618.567,460.81887158323
88.275005,15.931277,1682.281,53.156406718841
88.176821,15.932705,1975.732,63.591349643240
88.116114,15.934807,25276.043,166.55965726136
88.063420,15.934189,4163.916,61.507569626444
88.154643,15.934668,3901.147,60.152135247067
88.049043,15.935629,2572.779,60.029356940784
88.080021,15.935739,1728.256,56.622784043661
88.181173,15.936060,3481.196,68.800574261897
88.077398,15.936711,3444.369,62.224865178410
88.235861,15.936288,1289.562,59.964919881441
88.267946,15.937863,7758.753,79.977140765045
88.225545,15.936917,2536.376,60.138742516563
88.071429,15.937669,5417.034,72.930294938592
88.240403,15.937439,1717.801,58.950547550010
88.246496,15.938401,2677.543,61.608663766327
88.223061,15.938602,1355.703,53.138585168586
88.260565,15.940942,29108.582,231.41575228844
88.038051,15.939306,2280.560,52.990532785154
88.046360,15.942402,124530.674,718.71230914328
88.212865,15.939190,949.950,56.784357049699
88.117900,15.942144,59565.399,457.53718690155
88.257015,15.943903,132826.185,1037.5597973479
88.252373,15.940174,932.460,55.418655902789
88.186897,15.941547,4070.371,60.363715377291
88.176374,15.941443,2279.580,66.661517127515
88.263077,15.942728,7794.187,82.069436413120
88.142916,15.942141,1025.425,60.827518056601
88.062091,15.943842,18391.517,112.50345754433
88.130442,15.942237,782.478,50.256934543629
88.243556,15.942850,1375.925,56.488560537816
88.051456,15.942627,803.943,60.157000034449
88.230231,15.942982,1458.622,60.736896167998
88.032623,15.943124,1753.115,59.188617812323
88.082460,15.943814,2699.714,115.98740604098
88.048902,15.943403,1351.962,65.566912087946
88.070773,15.943238,767.529,52.046489890534
88.181033,15.944331,3288.710,65.738953465114
88.189326,15.944947,6711.869,83.127346913418
88.042808,15.944654,3515.732,63.688707321201
88.239352,15.945291,7176.735,80.407899951072
88.136386,15.945816,11427.252,104.47642490575
88.090562,15.944819,1044.489,59.661547635998
88.072869,15.946031,5367.003,69.771816353765
88.273019,15.944996,1591.601,52.191558104749
88.057827,15.947074,45228.064,281.65608909401
88.141464,15.945316,1425.752,56.836410092012
88.094490,15.946847,4703.710,67.603993331932
88.100634,15.946389,1384.015,56.590361237853
88.156005,15.946975,1190.675,49.910811264359
88.089174,15.946994,1170.339,54.980251371784
88.112671,15.947280,898.470,54.552704026543
88.244747,15.950479,70517.992,521.80356575832
88.141702,15.949996,22088.344,185.71537091699
88.225882,15.948819,2848.325,57.947873844355
88.099412,15.948193,1127.003,60.082063519541
88.221288,15.948937,2602.786,54.910558488975
88.179618,15.949235,4656.884,70.794988126826
88.054732,15.949279,1716.613,57.897840568456
88.148458,15.951202,47910.177,418.40486187422
88.048283,15.949657,3381.461,57.010193273815
88.151916,15.950756,14559.971,122.29486079354
88.063267,15.951567,8067.535,84.899315350254
88.090090,15.950708,908.316,57.252203398173
88.162529,15.951798,5136.242,69.037855854259
88.268139,15.953379,52671.281,492.29833186050
88.181228,15.951867,2101.573,52.694501069639
88.143700,15.951784,1711.746,57.428774863164
88.207008,15.951515,1083.198,52.083104169657
88.177633,15.954253,25080.155,242.75013283773
88.113682,15.952533,718.737,53.995985107433
88.153828,15.953937,5326.029,69.998111204495
88.098168,15.953629,6052.660,76.123316164853
88.258154,15.953062,1660.946,53.228493911610
88.127763,15.953103,888.670,44.911716102231
88.090474,15.953477,2353.700,51.100457337477
88.195580,15.954530,8097.679,86.088222567052
88.063911,15.953702,1093.989,50.103714374542
88.043475,15.955048,4623.930,62.755538730274
88.157860,15.954521,1448.732,52.398392373167
88.055036,15.955167,1182.678,57.786693188895
88.032810,15.956892,44528.739,253.99709712609
88.270441,15.955870,3846.416,56.172551399856
88.274907,15.956465,1893.248,54.988290356913
88.190655,15.958542,9092.628,113.76307615892
88.148812,15.957537,906.520,53.157410354399
88.080343,15.957697,876.939,56.322249146471
88.230657,15.958672,5611.841,81.184320364092
88.164281,15.958249,1514.466,59.055736901161
88.050292,15.959389,11373.288,98.087770428046
88.166757,15.958658,1748.371,59.429349044458
88.269656,15.959230,1395.705,51.684256777909
88.242659,15.959361,859.412,47.391865610094
88.053528,15.959641,1600.298,59.898089111978
88.067059,15.959853,2266.274,56.176468808113
88.212536,15.960498,3256.415,61.766143824562
88.259588,15.960279,2456.016,58.394381067582
88.253314,15.960361,1907.900,56.270923941638
88.110850,15.960500,1032.235,59.269991683416
88.064859,15.961697,14419.033,103.28630861462
88.104416,15.961177,6902.102,81.518187629498
88.230864,15.961495,4970.374,80.343145242369
88.256462,15.960821,1238.358,59.130806769441
88.096759,15.962116,5560.156,71.406447037487
88.170267,15.961684,2883.226,71.293700797739
88.109242,15.962561,15715.325,120.73865437286
88.153608,15.962224,3145.449,67.439914558515
88.032748,15.963164,12296.861,97.034804832577
88.218819,15.964553,40342.751,343.10421487234
88.224345,15.961977,983.777,59.750119350961
88.086124,15.963431,9610.149,81.094432299733
88.204748,15.962736,852.177,60.406515284869
88.143958,15.963155,1339.378,64.802328602071
88.035422,15.964260,2763.859,58.291121452666
88.198166,15.965050,9614.588,130.13457799258
88.179610,15.965587,11325.050,122.00719034500
88.060082,15.964325,3068.158,57.617836048855
88.134421,15.964762,4499.889,62.167994903260
88.194899,15.966838,55199.931,552.23451605228
88.081489,15.964792,1882.637,64.605153397196
88.090499,15.966886,21243.910,181.53503005348
88.034618,15.968375,47586.659,260.87746058458
88.248234,15.967213,2676.648,65.238497495348
88.057721,15.967064,1177.586,60.476419246281
88.044518,15.968777,25327.447,177.15619208091
88.179122,15.969532,52633.859,507.33270015510
88.163335,15.969670,64077.405,544.94678945539
88.170764,15.967332,1372.407,62.024987619334
88.027428,15.967587,2480.276,57.857764658090
88.140801,15.968401,3060.794,68.047486262792
88.049339,15.968195,1678.059,63.559006810964
88.184768,15.969189,10836.501,124.97820987425
88.032459,15.968477,2229.895,62.766743050408
88.081577,15.968548,1256.868,59.884126926317
88.172395,15.970870,25149.897,235.92723935847
88.057421,15.970047,3668.517,65.341086162452
88.197502,15.970728,8085.583,106.36179999151
88.246877,15.972038,47189.009,390.88602173902
88.253292,15.971380,21804.059,173.73999135773
88.216773,15.972069,6526.245,73.480977688225
88.137837,15.971845,1555.838,57.154325062872
88.166973,15.972811,13167.537,125.06759094373
88.119236,15.972857,16237.268,118.34317641287
88.079289,15.974707,85802.250,545.89618323480
88.190946,15.972252,1181.882,51.023213638078
88.145511,15.976128,116400.315,912.43342747404
88.201350,15.972676,2954.909,63.724400146224
88.240475,15.973945,20225.174,159.15596394915
88.077699,15.973337,10844.370,91.306453224454
88.170463,15.973135,4063.137,68.844622831616
88.088580,15.974857,61939.255,443.74026772199
88.038463,15.975059,51918.675,304.91429556727
88.107943,15.973588,3913.393,59.403305862528
88.046988,15.973680,2198.067,57.436342699287
88.065450,15.973367,871.162,52.633956633212
88.031835,15.974396,2493.335,55.343361538037
88.029609,15.974085,1867.414,61.301261503640
88.173767,15.974134,1039.516,52.474819380254
88.269049,15.978354,41564.815,418.98193513738
88.094717,15.974625,1053.896,48.992944888583
88.078818,15.976620,22035.726,155.00897814550
88.126978,15.978022,78008.916,531.29407534224
88.061989,15.977794,117731.984,622.56613750025
88.128493,15.975115,1186.481,51.999012172161
88.031256,15.976145,8663.677,74.855459949252
88.066210,15.976087,2018.826,50.615417546778
88.263397,15.975579,1301.494,49.666898726621
88.230728,15.976366,2893.315,56.376776980324
88.194855,15.975899,1407.302,53.817611289495
88.147553,15.976653,3177.538,61.754640203751
88.242914,15.977169,5847.645,69.899365631901
88.169455,15.978855,38553.720,347.65100975820
88.203214,15.978515,18261.730,192.89753625242
88.188775,15.977759,3068.648,56.277625954654
88.098257,15.977401,1261.175,54.671802323489
88.239529,15.978547,3466.637,52.028271536329
88.119642,15.978010,1219.738,53.632816696485
88.216256,15.978146,2060.193,54.830819812024
88.201915,15.981442,78722.220,742.12203912161
88.256035,15.980194,9381.574,86.379701998352
88.061730,15.979891,2650.932,46.440564701379
88.229505,15.981633,27050.922,231.70276036779
88.182214,15.979925,935.325,48.308183890890
88.068475,15.981118,8780.513,76.107603422627
88.173546,15.982095,13903.032,142.80193014432
88.268446,15.982186,13677.980,104.11598726559
88.260482,15.981746,4081.985,68.236521396938
88.092128,15.981478,2550.414,55.112868246454
88.195591,15.981754,2014.268,52.849120594243
88.126275,15.982583,3014.252,55.230717494023
88.155491,15.983382,15013.431,159.96903854342
88.068584,15.984166,17365.647,109.20027585658
88.189987,15.983128,1384.342,55.070818903193
88.078993,15.983011,1584.003,61.130796178705
88.081326,15.984257,16028.153,125.74039037623
88.037179,15.985124,46209.381,260.14770277721
88.214692,15.983681,2201.607,58.740263939049
88.255608,15.983567,1199.807,56.059791272642
88.224103,15.983956,923.651,52.571145766547
88.257962,15.984003,1143.221,58.024579881495
88.089046,15.985099,2221.861,56.987618517286
88.271817,15.985203,1344.900,48.223648290768
88.170315,15.985322,4279.503,78.390724061211
88.118249,15.987846,79894.684,585.50499096839
88.221270,15.987077,3523.925,60.056485251420
88.055048,15.986970,1684.456,61.084957572653
88.182441,15.989505,28183.954,297.84773683239
88.081649,15.989228,2186.311,63.480042911506
88.166647,15.990019,5459.289,84.825919039903
88.198833,15.991573,70729.822,674.86425288769
88.187593,15.990277,14114.332,164.56677595705
88.143681,15.991683,22916.132,216.21447820749
88.127021,15.990867,7949.183,86.662918100423
88.232152,15.991749,26657.820,240.21683312803
88.201637,15.990821,4902.124,75.499496581605
88.248300,15.992994,70503.016,475.38321783296
88.092209,15.990790,3732.294,62.281650280384
88.229466,15.991667,13887.961,111.36134290787
88.056921,15.992519,6651.100,78.027861342410
88.105493,15.991035,2249.276,65.227715187037
88.171606,15.991573,1745.791,58.036806253146
88.165517,15.992896,12692.006,127.33269070935
88.157141,15.992299,5001.376,69.366514254598
88.066474,15.992692,11918.194,111.10227723636
88.141712,15.992116,1161.012,60.386315362449
88.275983,15.993119,7460.068,80.045360965055
88.185319,15.992941,2246.550,52.958772933141
88.097087,15.992745,2056.629,51.509197292351
88.264240,15.992289,662.999,57.079953841047
88.038315,15.993941,1226.517,51.579195474543
88.210620,15.995583,16938.230,167.96383909612
88.186653,15.994577,2050.186,57.301746587558
88.193512,15.994722,2377.291,64.096338915554
88.166030,15.995595,4663.367,76.241423227454
88.164287,15.996299,3950.764,67.022220724427
88.232026,15.998420,84891.569,662.14087331565
88.153910,15.996547,2749.265,55.109543901496
88.171208,15.996878,1645.279,62.463216421637
88.239472,15.997186,4720.329,67.592022578929
88.053311,15.997471,3349.369,62.009303789605
88.186715,15.997487,1618.921,53.966715321659
88.065006,15.997226,1173.993,51.315572628929
88.252956,15.998212,5412.470,65.519556842964
88.042777,15.998895,18089.042,114.09023592290
88.195759,15.997765,1036.589,56.968472823700
88.165284,15.999479,21248.912,194.34120023452
88.228651,15.998641,1083.026,54.184333430335
88.080142,15.998586,1243.185,56.697936177414
88.214147,16.000280,11393.795,116.99243089087
88.208718,15.999813,1938.338,53.048618547647
88.225234,16.002856,104390.097,930.13771162858
88.094730,16.000066,1045.789,52.387014354918
88.262219,16.001084,5537.209,79.338152910196
88.050483,16.001092,3264.674,59.683527163425
88.142013,16.002156,9519.904,91.269103143438
88.122967,16.001548,3310.146,58.258713514053
88.254914,16.001242,2648.753,64.283589605522
88.182403,16.001912,867.261,45.941666204425
88.090610,16.002589,1300.063,56.319122317696
88.208314,16.002854,4709.076,65.722194772093
88.117138,16.002811,2012.305,56.037758728142
88.043400,16.004523,34722.542,218.05524729487
88.084023,16.003713,4139.056,61.219957006392
88.224554,16.006197,48112.691,403.74967106548
88.069049,16.004008,4692.587,63.923930764896
88.052128,16.003531,1355.171,57.902972570121
88.196146,16.006369,79601.410,829.84931166031
88.115158,16.004030,756.101,54.075438640825
88.054057,16.004324,2477.266,60.468900652982
88.133229,16.005989,15788.221,144.54843047482
88.168574,16.005309,1018.456,55.529299251636
88.216346,16.006804,20148.029,185.15046995142
88.253141,16.005949,2944.500,55.401208428645
88.062622,16.007992,30223.683,187.02242695221
88.104598,16.005835,1289.489,52.412959513251
88.034408,16.006940,4499.769,54.934840267968
88.239340,16.007332,6080.164,77.508014737332
88.060608,16.008996,50218.954,285.38703849642
88.245866,16.006648,1177.102,53.365253846363
88.198414,16.007312,3511.771,68.786238448629
88.037523,16.007212,2566.515,54.228152866413
88.203699,16.007260,1479.781,57.606619557684
88.065869,16.007959,6452.335,53.819889043906
88.214796,16.008017,1516.211,54.214352622788
88.187178,16.010600,59013.885,601.51921786150
88.160425,16.008866,3333.588,66.398284446276
88.078377,16.009754,11379.559,90.253332390422
88.172213,16.009412,3340.503,62.541509834643
88.047364,16.009644,4428.578,70.706111066804
88.098827,16.009234,1410.138,51.196533421841
88.236858,16.009628,3703.658,60.744749747611
88.112173,16.009106,1180.406,58.048338849093
88.075161,16.010574,2847.431,60.454283943803
88.118456,16.010703,2978.784,61.748903362157
88.045722,16.011652,10803.744,98.589312015676
88.248990,16.011056,2036.994,58.380778296024
88.209365,16.010852,1046.435,51.757099830483
88.082648,16.010790,998.332,56.666693771427
88.223407,16.011314,2076.222,59.208604076835
88.154253,16.012718,12280.848,119.25860163934
88.162685,16.012934,12493.751,150.01314363105
88.210183,16.012500,2251.243,55.689472324663
88.238148,16.012621,2756.711,53.164875328667
88.110172,16.012852,2170.802,59.905700009684
88.143428,16.013816,11361.351,118.48168076313
88.217948,16.013117,1717.098,55.370882278192
88.157543,16.013571,1792.761,58.784018933290
88.034442,16.014144,3317.768,58.550491885083
88.105503,16.014050,4850.732,64.131692072055
88.101624,16.014235,1273.077,62.238469549250
