#mjd: 59876.34444
#filter: r
#airmass: 1.413
#seeing: 1.003838625
#m5sigma: 20.6775
#exptime: 20.0
#night: ut221023
#ra dec flux fluxerror
88.024680,15.763925,112011.412,944.30275531347
88.127872,15.762513,873.139,32.787863169487
88.009507,15.762875,2726.687,38.879482304416
88.058729,15.763003,2211.676,40.806783532345
88.197602,15.762777,583.264,34.220944752211
88.101008,15.762872,512.750,34.968287968172
88.118554,15.764334,7769.813,81.343180528546
88.109282,15.763832,1413.106,36.213146678692
88.001177,15.764126,6905.542,71.658141931310
87.994750,15.764921,10949.368,104.48918653014
88.020054,15.764769,5431.547,60.718889574748
88.048580,15.765441,8427.764,72.162329953100
88.008029,15.764177,521.720,31.782866828900
88.130108,15.765558,4449.592,53.194299258522
88.120069,15.765525,3043.020,41.645448431810
88.003012,15.764836,1056.243,33.334361001763
88.077649,15.765302,1711.284,35.020416224047
88.091212,15.766079,3788.809,52.417045478761
88.078716,15.766941,5211.592,50.860255719998
88.008386,15.766468,1186.663,35.239114129256
88.013277,15.768426,27014.263,208.64684922225
88.197485,15.768275,21025.658,165.14886409943
88.185731,15.767118,3771.423,46.402253965241
88.159345,15.767532,2378.826,43.089255378570
88.099366,15.767471,2851.372,41.912281976572
88.168412,15.768890,9049.179,81.491793080875
88.047507,15.767635,1762.413,41.113527880827
88.105324,15.768037,2120.042,36.790319409377
88.151758,15.767739,886.734,31.692101466309
88.038268,15.768913,7433.177,64.320165780890
88.120177,15.768320,1643.185,36.840529490831
88.226824,15.768537,1008.897,31.389567729470
88.106970,15.770086,7308.586,71.462418158729
88.085934,15.769671,2072.518,35.541147193094
88.011025,15.770353,7235.497,70.627149542667
88.068668,15.769505,982.126,36.717132789728
88.149389,15.771456,15737.698,137.71337383515
87.994612,15.770743,4019.337,46.905716135713
88.224559,15.770743,1744.265,35.941229695927
88.211539,15.769881,749.544,30.136641592668
88.049911,15.770554,2056.679,43.026798740828
88.022784,15.770036,783.430,38.636187528382
88.036853,15.774824,75432.358,582.49053344990
88.199482,15.770989,1921.779,35.914214614823
88.035867,15.771575,1961.321,42.535791629823
88.182688,15.770786,1383.129,33.915663471892
88.013786,15.771845,4151.142,50.238680956623
88.081905,15.771278,1333.349,53.986019967182
88.138624,15.771318,876.749,32.615405802612
88.072884,15.773314,29069.325,222.71889910509
88.168296,15.772721,15065.422,115.62907638640
88.045818,15.771307,548.263,34.229247627541
88.113877,15.771719,966.300,34.639489297099
88.008071,15.772840,9992.615,81.387120194268
88.125418,15.772358,779.457,27.389619667328
88.051078,15.772733,2600.586,41.586650059281
88.203835,15.772786,1897.219,36.444939188687
88.043610,15.772562,790.391,31.759236476333
88.083394,15.773121,1375.874,30.223269928743
87.993791,15.772855,1240.853,32.878242281770
88.227156,15.772651,497.377,32.456537401877
88.146122,15.773962,7690.189,65.915228925879
87.989816,15.773679,2928.691,47.172721024021
88.206906,15.773667,2928.348,40.698855785004
88.188035,15.773823,834.530,32.156244086860
88.066742,15.773965,778.486,30.735902538642
87.994272,15.775012,4513.757,49.564792566813
88.049044,15.776482,28302.626,231.99722803889
88.118400,15.774964,1114.398,38.316786138738
88.170210,15.774693,1378.995,31.341065518598
88.045745,15.776652,7558.178,61.925919573266
88.216932,15.776694,13420.269,101.11793691660
88.206193,15.776847,11938.939,108.84989486437
88.007201,15.778972,59922.269,481.22893602975
88.167430,15.776412,3954.239,42.619497095419
88.227836,15.776874,3509.274,48.184792850658
88.020115,15.778291,24942.941,203.68444447338
88.157517,15.777320,3596.037,48.037085435729
88.142024,15.777670,2481.893,36.152047688090
88.169273,15.777006,387.095,32.287043885842
88.014114,15.777399,1127.644,32.457730804317
88.203122,15.777268,411.204,33.993226382389
88.050979,15.777941,1961.401,38.089050645403
88.054089,15.778363,3634.055,40.241001258565
88.102803,15.778084,1571.375,36.028111983513
88.056333,15.777925,997.201,29.695390273495
88.150073,15.778988,2050.392,34.248488190620
88.012012,15.780141,7716.388,60.877176341239
88.164345,15.781912,58863.222,441.54179336290
88.203942,15.779880,1076.282,33.013534607388
88.000541,15.780949,4831.019,56.502096379670
88.222253,15.783967,131511.091,909.73625585632
88.046013,15.780674,814.588,34.275882987679
88.124661,15.780974,796.217,29.646893370667
88.200553,15.781992,5930.914,54.010047807502
88.227724,15.781248,1279.880,35.368283014281
88.147672,15.782034,4227.289,45.745327229394
88.142257,15.781263,594.146,37.683463150754
88.068497,15.784232,61002.739,505.88242434942
88.155090,15.782087,2104.871,38.632485578297
88.139706,15.781942,947.903,37.376519139434
87.985603,15.783107,10202.150,92.380931982968
88.178573,15.781998,800.813,36.319456337357
88.012873,15.785838,80336.559,595.02314269966
88.186503,15.783098,926.378,34.612331296841
88.122663,15.784398,12817.655,114.83844826351
88.071555,15.785753,5292.995,62.585165779884
87.993709,15.783682,1415.845,32.839901433425
88.179694,15.785185,9516.818,80.900004905711
88.166596,15.783897,919.478,35.187848096754
88.065369,15.785037,2612.015,38.004198431337
88.017083,15.784316,776.322,34.574077637168
88.189383,15.784502,904.098,30.099062624610
88.104752,15.785704,12503.690,103.60088833041
88.194303,15.784284,1434.927,31.749601508039
88.017983,15.787115,50591.243,399.49971175958
88.135212,15.785344,2130.244,36.895530876463
88.001718,15.785041,1335.870,36.851517447806
88.201589,15.785654,2931.488,40.015171932211
88.162694,15.786572,13760.149,121.88474121105
87.980275,15.786098,1298.712,168.03794360269
88.145271,15.786989,21604.704,33.749310616017
88.171209,15.785557,1228.474,43.274295465329
88.089554,15.786388,3479.572,40.247128085885
88.074542,15.785886,820.809,97.431022427620
88.004260,15.786815,9367.597,55.083671091101
88.128477,15.786663,5310.385,104.70733844362
88.112995,15.787605,12422.209,60.330478508868
88.057746,15.787271,5926.044,134.66481475790
88.192951,15.788405,18267.720,34.878737168649
88.050620,15.786583,816.437,42.247727865487
88.191122,15.787646,3753.118,764.89936891773
88.141173,15.790719,104146.326,33.888568874787
88.048469,15.787146,717.139,33.323150765786
88.165639,15.787226,1569.676,30.743135765083
88.196240,15.787879,1063.157,670.34486034365
88.004068,15.790440,83450.967,35.570195493448
88.080162,15.787751,1306.254,29.908275630207
88.179767,15.787546,869.399,63.788204613751
88.221198,15.789113,7530.882,38.103809339667
88.010049,15.788320,1570.861,36.508828714824
88.115585,15.788465,1509.578,77.905499805975
88.133880,15.789442,7762.666,41.406012541196
88.150028,15.789550,3011.306,40.111166535635
87.985483,15.789344,1271.302,33.782479063167
88.041007,15.789341,760.596,38.937636839570
88.147345,15.790332,3911.774,37.186768079638
87.998322,15.789642,1174.667,28.741439601778
88.174758,15.789582,818.352,33.646648087435
88.230091,15.790346,2647.137,35.807727162273
88.096623,15.790335,1847.506,153.89158995548
88.123580,15.792304,17569.572,40.128440334938
87.982954,15.790430,589.684,191.61130742823
88.218722,15.793531,21354.116,54.698219165121
87.990796,15.791973,5131.973,51.299785433048
88.059528,15.792501,4646.866,34.674753569903
88.082166,15.792512,2493.779,37.941994172532
88.161597,15.792246,3853.717,83.414682077767
87.988550,15.792797,7532.015,49.247239850162
88.019127,15.792530,4418.265,41.246673454450
88.117741,15.792421,501.364,29.030536847694
88.194954,15.792267,671.889,156.54392124688
88.188881,15.794621,19081.235,36.633401444806
88.172662,15.793985,2712.986,37.843444751941
88.114472,15.793776,1991.947,677.43530417239
87.988334,15.796449,83352.037,352.91040228232
88.192554,15.796122,48499.054,80.447170220075
88.118490,15.795049,7750.382,42.645385301234
88.224544,15.794567,2543.604,72.990923609333
88.175268,15.795708,8948.196,30.641860118044
88.011734,15.794085,481.333,187.95390391431
88.083241,15.796854,21023.198,66.427364860517
87.981523,15.796054,7648.411,43.022885120850
87.997121,15.795189,2751.837,31.346983290397
88.072814,15.794649,635.018,75.745469035984
88.006748,15.796324,9086.200,34.178189629110
88.081872,15.795490,1582.185,29.937537954970
88.041455,15.794960,810.736,29.887658910811
88.085242,15.795003,574.830,36.080922821473
88.003626,15.795582,797.837,32.883326197730
88.207272,15.795800,845.723,34.946456938837
88.146431,15.796347,1084.216,43.834422228440
88.169210,15.797123,3643.728,642.01250810899
87.991534,15.799430,78928.921,37.366627173775
88.151634,15.797397,2640.626,35.048766749157
88.183718,15.796482,449.358,31.472800114776
88.041354,15.796997,859.299,35.352089429875
88.126070,15.798063,2497.539,80.391283639845
88.189516,15.798328,7813.954,37.148098719238
88.159778,15.797412,1464.208,74.613889643303
88.120850,15.798386,7710.396,45.310676459713
88.071709,15.798068,3466.664,196.92850639016
88.151653,15.799280,23937.564,61.756297566652
88.206366,15.798451,5975.240,281.13910627923
87.994604,15.799860,32246.456,112.76525339663
88.129942,15.799743,13579.842,35.465371437448
88.123746,15.798442,1794.318,137.35821602996
88.096902,15.800620,17187.118,114.89371643678
88.043909,15.800808,14497.698,35.827795630972
88.160114,15.800211,1090.057,35.045337220339
88.090148,15.800009,1205.330,33.499441876361
88.030595,15.800411,827.019,45.162443026088
88.158639,15.801913,3887.647,41.326285188894
87.985377,15.801423,3081.432,33.207226921825
87.982533,15.801156,589.780,34.810563838404
88.109259,15.800925,763.650,157.63918612826
88.102155,15.802676,19862.082,91.662898786499
88.040210,15.803050,9880.858,751.97005331397
88.103047,15.805296,98637.882,81.981461093045
88.171488,15.802979,11131.964,928.14445954755
87.992049,15.805509,124520.630,43.782231787998
88.207782,15.802310,2829.321,32.370965374798
88.056953,15.801832,612.999,853.68394966242
88.024908,15.805860,107126.596,69.691803268537
88.226033,15.803934,9113.164,57.269563855463
88.031217,15.803682,6691.044,43.302405825763
88.167355,15.803456,3034.799,432.43530052667
87.979567,15.806138,nan,173.13337550004
88.187085,15.806446,57054.109,42.988419983323
88.136647,15.804812,21545.016,113.05105666436
88.190453,15.803601,1993.820,301.55803803348
87.993001,15.803906,1484.751,45.954002123778
88.177141,15.805893,34870.605,37.429211980365
88.165107,15.804573,4286.119,33.545678589363
88.087883,15.804693,1868.038,38.776623941719
88.020089,15.804007,567.889,70.667491118315
88.033569,15.804729,2413.145,67.912253556590
87.987797,15.805547,6767.560,34.521885107394
88.208188,15.806743,8336.843,35.295818908293
88.043106,15.805095,626.517,31.535855939081
88.065868,15.805162,679.372,40.364783013478
88.190009,15.806182,1652.937,35.504016337440
88.002001,15.806472,2644.248,500.89512346711
88.167086,15.805950,1487.010,27.984999790910
88.129634,15.808181,62051.476,74.644335752302
88.062673,15.806158,1068.456,41.483039138712
87.982940,15.807362,7471.976,51.036450962109
88.143422,15.806850,3079.149,1467.8107462793
88.099964,15.807216,4445.927,237.45695883625
88.227761,15.811714,216475.046,59.034551479054
88.008105,15.808784,27627.077,196.18494981467
88.006297,15.807464,4163.229,126.46632054774
88.097846,15.808512,23968.986,41.729711444708
88.016460,15.808837,12786.260,34.284338788428
87.991229,15.807591,2082.022,46.624742607154
88.171761,15.807705,2339.025,54.372880693061
88.157599,15.808159,4807.589,29.133880138567
88.017721,15.807378,640.560,42.288973445352
88.153982,15.807160,614.689,196.94911057768
88.067384,15.808488,3698.837,32.421375041719
88.160903,15.809838,24092.247,32.407267072408
88.193524,15.808636,2158.849,110.29475083680
88.122823,15.808160,824.165,167.65636007949
88.102167,15.810082,14429.186,31.220565092325
88.121806,15.810701,19810.478,35.764178506702
88.173755,15.808270,550.322,41.030597482298
88.226287,15.809297,1894.151,33.820714534038
87.985964,15.809284,1875.463,32.726621263196
88.107410,15.809651,2281.453,30.327131881257
88.023358,15.809385,861.642,45.139360409263
88.217554,15.809148,700.926,43.225402054085
88.206860,15.810711,3779.531,31.913714453122
87.982885,15.809947,2612.722,599.90950946403
88.155811,15.810080,1961.563,35.688634734323
88.227584,15.814456,77580.422,28.689307977382
88.038273,15.810307,2626.266,31.948357690946
88.213211,15.810081,876.153,39.068380821421
88.231036,15.810731,1053.865,379.96953709182
88.087217,15.811511,3315.745,44.511788186082
88.142685,15.813492,44839.302,31.457101219290
88.212840,15.812235,3775.978,33.279376832540
88.198699,15.811917,1616.830,193.81643792397
88.195006,15.811592,1025.411,145.66101673338
88.010943,15.813422,25057.490,35.040349088142
88.024426,15.813018,15595.295,31.775862617323
88.037522,15.812270,2271.403,38.477274077748
88.176628,15.811991,1112.582,35.093299045731
88.102347,15.812770,2790.498,33.732495301067
88.097222,15.812413,1057.829,34.237451880167
88.209775,15.812604,1334.185,153.75779425704
88.218228,15.812644,1389.803,167.67864028165
88.162351,15.814364,17970.408,101.05595871247
88.175269,15.814564,20844.703,854.14616745045
88.180607,15.814190,12800.978,139.72951827012
88.046316,15.817232,130531.361,124.41638671684
88.050819,15.814677,19001.697,139.92610845739
87.995933,15.814885,14267.048,87.669968493334
88.166141,15.814650,16205.716,32.542871852325
88.171792,15.814805,9174.646,36.130667470107
88.000163,15.813737,1260.357,31.162334975437
88.168050,15.814194,1641.812,33.427626596749
88.048593,15.813958,445.679,183.38293387930
88.189111,15.814137,524.834,29.032080994377
88.104918,15.816464,24760.601,401.33908137768
88.065182,15.815059,985.238,58.946066982283
88.079898,15.816958,53462.481,39.046912163884
88.093339,15.816245,6254.674,46.501044694927
88.040513,15.815557,2582.304,38.341248898823
88.204964,15.815636,4703.256,37.983499838802
88.229945,15.815433,3511.016,60.609650839377
88.002440,15.815723,1689.768,37.044873933675
88.170790,15.816554,6256.525,36.815097431160
88.153175,15.816039,3223.356,34.798302388046
88.222612,15.815741,1257.889,81.544800873487
88.077259,15.816396,2232.090,35.908988388386
88.157299,15.817259,8162.997,307.69168511113
88.138055,15.816699,1077.287,71.929071494591
88.160953,15.818535,35297.374,33.281294419917
88.231513,15.818080,6496.371,59.214771546692
88.184132,15.817141,789.129,34.262130749786
88.074256,15.818032,6315.824,185.61931844739
88.179097,15.817362,666.772,280.11470352415
88.183051,15.819433,20854.870,78.618795282093
88.007496,15.819887,33330.979,41.651552760145
88.070726,15.819410,8781.987,46.755278841836
88.189039,15.819061,2940.587,30.521813318233
88.050746,15.819461,4380.042,156.00150439605
88.192180,15.818847,507.695,34.571591047265
88.004977,15.820652,17705.963,40.945707764463
88.156242,15.819076,976.385,415.48652344474
88.094351,15.819731,2443.137,30.215614253492
88.073018,15.821915,57260.637,34.536575953749
88.149309,15.819596,507.718,41.071822525989
88.228693,15.819999,1219.876,89.489919169221
88.103260,15.820251,2089.959,77.743718379373
88.010348,15.821097,9100.730,37.947129959883
88.110760,15.821568,8579.052,32.694556380720
88.226981,15.820791,1367.685,32.649992645563
88.167788,15.820706,665.557,56.771235392267
88.084165,15.821182,1488.828,41.229567624367
88.123763,15.821560,6061.272,38.498146959553
87.983842,15.822273,3081.193,45.078432046963
88.198097,15.821774,1635.479,40.728533988733
88.034841,15.822729,4499.835,33.068095410295
88.051079,15.822145,1685.458,37.750743587889
87.993531,15.822114,1599.201,36.241156569997
88.179133,15.821936,651.089,35.933799814636
88.214210,15.822597,2770.341,31.112990075677
88.001948,15.822620,1474.858,37.598928991436
88.025561,15.821714,467.978,36.794132704038
88.075142,15.823040,694.185,81.755899816291
88.085306,15.823324,1496.274,32.596894963088
88.229212,15.824440,9194.978,33.789990380299
88.181726,15.823807,679.254,34.882061450899
88.098882,15.824241,1211.989,48.265198922095
88.131135,15.825988,2660.401,30.471812407988
88.039184,15.825783,3472.510,54.698334945239
88.108774,15.825678,939.399,54.279871633822
88.089234,15.827707,6892.091,35.614211982765
88.109003,15.827831,5478.909,245.51349201766
87.984263,15.827250,889.790,44.698388884410
88.181716,15.829310,29401.731,33.750854524284
88.050156,15.827966,3077.532,32.625610824825
88.134699,15.827543,952.887,36.280118786931
88.218083,15.828060,2164.261,36.553768300132
88.005217,15.827583,855.479,44.239233572114
88.030720,15.827530,557.780,103.94884472539
88.103423,15.828922,3481.290,35.560830315852
88.187426,15.829924,11586.527,31.444033165955
88.068764,15.828380,1896.747,126.69428822334
88.210916,15.828228,826.849,887.69060056083
88.068578,15.830243,17776.658,32.973871293518
87.984308,15.832097,104307.304,36.838498595917
88.023167,15.828513,771.527,60.808234511692
88.174869,15.829324,2801.260,40.404969401670
87.994442,15.829679,5911.488,35.842316496688
88.134313,15.830037,2764.485,63.781257271717
88.039916,15.829486,1897.586,32.887905700992
88.178176,15.830282,6092.058,35.925313215322
87.991198,15.829515,1173.615,41.780186622311
87.980562,15.830256,276.720,58.811981128005
88.183321,15.830467,2954.912,34.863980692544
88.166276,15.831128,5968.792,163.08559453526
88.138895,15.830823,906.478,102.03373085467
88.175073,15.832178,16549.782,147.33711424793
88.201549,15.832559,11491.033,37.036942032867
87.982319,15.832861,16826.427,38.942317749122
88.161481,15.833179,1133.614,33.473878991232
88.179492,15.832909,1451.297,36.552113682770
88.057107,15.833504,1786.073,40.023594290274
88.184813,15.833071,998.139,34.251100148710
88.168843,15.834115,2409.251,32.700100258643
88.007217,15.833231,871.447,266.25957946381
87.979921,15.833628,343.211,33.114887896143
88.061965,15.833667,909.152,30.034129865476
88.105685,15.836066,36549.867,81.162646320590
88.200701,15.834557,1167.934,423.09789029155
88.001989,15.833511,378.782,61.060737768099
88.023391,15.835195,8494.589,36.212114651697
87.992525,15.836461,47677.613,87.123860350680
88.036356,15.835288,7438.689,35.842019697838
88.181089,15.834588,1375.813,32.493282693472
88.210761,15.836920,9831.126,74.735194700515
88.071209,15.835138,1594.114,150.77092835000
88.148567,15.835190,859.658,356.20708642144
88.223751,15.836460,8574.252,98.482767139312
88.012128,15.838195,17206.564,33.635158603584
88.195040,15.838187,38399.443,35.726078279380
88.101266,15.837434,9976.723,396.36777417303
87.994983,15.836364,1313.616,31.614958191877
88.049211,15.836681,994.136,183.53604904572
88.079474,15.839578,51949.858,33.966031748794
88.126445,15.837212,640.721,32.460508229560
88.046157,15.839706,26166.045,36.672208717937
88.136885,15.838170,961.840,35.655702951152
88.197219,15.838881,1843.645,29.846548944253
88.228390,15.838835,1593.167,32.673367730395
88.216052,15.839116,2415.995,60.803796467245
88.192857,15.838938,1020.635,300.57756281732
88.065782,15.838979,1212.933,33.029490629053
88.203336,15.840231,6240.787,960.07207747372
88.075316,15.841183,35745.345,32.914825685078
88.016971,15.839051,816.336,34.009380663528
88.001709,15.842663,105447.948,31.598723532839
88.039981,15.840029,1296.754,979.22129850673
87.988979,15.839386,1031.893,36.786420770362
88.231666,15.839575,648.842,34.628803032943
88.122467,15.843326,117631.210,42.113567715981
88.169939,15.840879,2207.760,47.256495963285
87.985955,15.840365,676.949,42.913995676265
88.109506,15.840810,2467.869,38.109304434847
88.057678,15.841273,4205.444,44.429141597427
88.165583,15.841072,2747.935,33.298840712377
88.185372,15.841084,2388.432,36.122018415748
88.013907,15.841260,3049.698,35.995723689253
88.151907,15.840972,1419.577,258.12293250570
88.123565,15.841154,1223.642,59.969136282429
88.018286,15.841134,1238.375,98.978424820456
88.068069,15.843797,29702.316,42.933048982971
88.059416,15.842217,6941.843,37.122673455731
88.024805,15.842571,9232.228,45.338429881169
88.052932,15.841738,2676.618,38.354245506085
88.211009,15.842019,2343.460,77.824187769469
88.076554,15.842562,4451.259,36.098182954244
88.120021,15.841647,707.583,350.48679799151
88.143397,15.843003,7873.843,133.35677128513
88.218667,15.842382,2421.116,36.430402601069
88.036135,15.844360,39521.574,32.325126119219
88.132829,15.844058,16330.346,45.337112256441
88.157819,15.843046,889.060,60.123403885943
88.208393,15.842912,655.689,105.45481055846
88.119162,15.843602,3383.859,149.47113907917
88.181183,15.844138,6169.509,32.182648461215
88.051064,15.845227,12314.916,70.810335430760
87.986724,15.845770,15394.739,87.297661231424
88.015578,15.844098,605.192,52.168477261281
88.104155,15.845799,7836.982,39.571985096494
87.979774,15.844650,261.878,37.923224704306
88.169888,15.846706,8734.965,31.919747809274
88.047127,15.846506,5289.312,36.313462844508
88.080046,15.846289,3108.632,30.887015929130
88.144464,15.847023,3068.389,30.593604755326
88.118323,15.846448,827.738,36.173986139071
88.002196,15.846580,1129.671,32.094642846970
88.147026,15.846662,849.841,29.896165756038
88.216723,15.846513,802.115,85.325143736216
88.053952,15.847445,3126.418,275.87418837662
88.084253,15.846293,531.234,33.360482006373
88.132892,15.847077,861.111,36.160256962968
88.147908,15.848657,9656.633,1123.7783684486
88.132012,15.848856,32970.251,91.162983150061
88.185550,15.847157,917.578,48.232620188151
88.095586,15.847358,514.482,48.188395619173
88.129955,15.852060,159815.520,33.995529601693
87.979765,15.849950,6286.916,39.081943093126
88.012439,15.848933,9261.505,181.34594815856
88.158896,15.848696,4660.192,31.784608216687
88.152038,15.848944,4248.777,50.382117095713
87.988970,15.848240,872.792,34.930798402972
88.219275,15.850075,2917.297,42.688951994803
88.027505,15.850985,24069.140,39.553978257348
88.154810,15.849382,1010.167,35.745292791099
88.001654,15.850246,3837.263,747.06015343783
88.184963,15.850071,2173.040,30.392731093793
88.098091,15.850224,4029.128,32.219809246095
88.199601,15.850250,3335.085,57.564682051979
87.986450,15.850091,1500.061,28.935743301772
88.225718,15.853767,86676.102,33.253696521744
88.212701,15.850525,1048.150,33.909310583505
88.148836,15.850537,1404.110,33.673313433449
88.174237,15.851286,4776.215,32.656601974581
88.086001,15.850838,811.146,33.598558429199
88.004797,15.851811,547.481,53.299730561212
88.164002,15.852123,835.554,65.160937567609
88.021820,15.851699,472.594,35.903591762911
88.137281,15.852047,903.791,344.69912061730
88.157304,15.852064,925.595,30.030966147530
88.183300,15.853526,5361.248,32.914533915154
88.017601,15.853106,5732.457,41.775247017037
88.212822,15.852631,1771.667,37.25362225346
88.071753,15.855345,48082.927,101.78902612576
87.989136,15.852241,467.812,42.298283342858
88.144791,15.853352,1035.656,49.003261568750
88.179088,15.854151,3019.219,44.812128083314
88.045785,15.853928,2111.259,132.13241794463
88.086330,15.854553,12025.388,49.399715854261
88.162987,15.853795,2076.071,96.954774429937
87.979333,15.857225,nan,30.575075494111
88.136086,15.854911,3310.529,56.825481577991
88.014514,15.854172,3127.172,134.37907026012
88.175672,15.856041,13250.096,37.506858161310
88.207521,15.855708,4438.642,38.633688004886
87.990224,15.855565,9354.972,33.150819891926
88.042547,15.855001,744.304,28.253276081383
88.096646,15.856267,6425.783,101.44201317934
88.177763,15.856567,13092.721,50.665220207843
88.124854,15.855643,2757.433,180.35084272424
88.127671,15.855722,2494.104,59.740621002938
88.075584,15.855435,777.605,855.10556744972
88.024504,15.855515,676.569,36.741296499451
88.003579,15.857060,9997.107,32.572713635712
88.100728,15.856798,4594.421,283.22082217292
88.166481,15.857431,19218.214,32.793233450116
88.026273,15.857102,5889.563,155.28620959424
88.020664,15.860484,97661.217,176.78994569084
88.037595,15.857703,1548.034,306.80479764352
88.143082,15.857128,788.063,32.346047438087
88.034404,15.859376,33701.327,106.91021182152
88.106200,15.857739,1274.705,35.928767360447
88.080510,15.858968,20522.626,54.722756370478
88.108425,15.859351,21387.852,33.866764339175
88.040926,15.859749,36528.186,683.45753748334
88.230517,15.857901,985.967,39.312932544056
88.032090,15.859354,13847.738,570.92455394953
88.009884,15.858297,1395.617,80.772606707806
87.993002,15.859159,4832.509,32.960307484837
88.177616,15.859040,1676.613,47.225097519757
88.020920,15.862685,79825.166,36.278254265561
88.139150,15.859994,2525.487,59.789011795746
88.151733,15.862240,66169.671,59.429311512513
88.030469,15.860799,8549.314,76.170040382403
88.048116,15.859703,1126.148,79.928626735659
88.122651,15.860272,2655.411,36.948744441826
88.199338,15.860000,1163.777,38.013269928884
88.141085,15.861075,5287.149,32.540135117216
88.099352,15.861325,6926.469,70.593892461576
88.220388,15.861627,7695.310,34.713322403811
87.986673,15.861696,7528.644,369.32735074354
88.217554,15.861299,1803.655,59.473139934674
88.136659,15.861505,1245.512,61.463858692646
87.997102,15.862559,847.071,36.202227615884
88.050379,15.863651,7386.453,40.146703960393
88.038401,15.862348,526.558,39.588262310261
88.179506,15.866308,40397.024,38.298794728414
88.031969,15.864220,5943.086,46.795894480828
88.082283,15.864192,6451.776,39.143013557644
88.100467,15.863759,866.030,31.868766553577
87.996939,15.864524,1653.238,34.637701659292
88.230232,15.865316,3251.809,56.744145327780
88.007593,15.864405,808.790,33.257674817943
88.198114,15.865248,3026.475,64.359875981525
88.013929,15.865070,1671.985,37.369904276379
88.126475,15.865146,902.751,34.611066192537
87.989916,15.865404,742.845,119.62276166970
88.018733,15.866572,4341.016,31.858362947364
88.036593,15.866544,663.068,33.977699629029
88.175928,15.867658,5390.097,30.118250608759
88.165914,15.867495,2931.595,981.20567015348
88.105653,15.866641,991.419,76.376066874047
88.029579,15.869199,14567.698,146.39566696822
87.998909,15.867444,594.865,73.132932407524
87.990220,15.867957,611.572,37.827226293156
88.174026,15.868627,1405.387,42.582085010237
88.198074,15.871699,113051.706,31.832955602022
88.133766,15.869447,9739.384,159.86676372710
87.995952,15.870199,14503.970,72.050517595957
88.141728,15.870569,8934.544,34.807479747521
88.117018,15.870137,2949.385,29.261484285534
88.146833,15.870284,3442.733,35.412978291946
88.096553,15.869653,840.725,48.887364841729
88.229078,15.871727,17916.917,581.31951716249
87.994001,15.871031,7382.126,31.818864485030
88.160697,15.870538,842.930,37.150441699113
88.080450,15.870595,802.458,34.925805607111
87.999809,15.870525,910.536,33.507574841340
88.149588,15.871620,4107.919,28.990708959063
88.063856,15.873722,71749.421,737.27207501014
88.163692,15.871100,801.507,53.346473230878
88.223997,15.871383,3248.204,385.85954569398
88.034327,15.871751,2133.072,35.940845857288
88.154498,15.871118,719.081,45.042477185928
88.056797,15.871359,521.491,34.715582670937
88.220509,15.874980,81855.310,30.437246090798
88.205323,15.873746,3163.267,40.202294786580
88.029575,15.874725,46902.556,31.291614589842
88.027371,15.873131,2427.510,35.770876619666
88.125959,15.873257,4951.201,46.901631078272
88.208245,15.872832,881.161,224.66825867309
87.998259,15.873294,1195.589,34.950145851919
88.003271,15.874029,2077.537,35.026036146875
88.166527,15.873814,1872.247,33.942249368546
87.980672,15.873550,468.370,79.889292981616
88.214075,15.874845,3078.023,34.163429783252
88.078677,15.876795,27307.745,34.887635008349
88.187082,15.874735,704.019,39.482730734324
88.182783,15.875245,1132.960,751.64136328227
88.062743,15.875661,1486.587,228.60104979956
88.104875,15.876683,9776.004,39.334501782603
88.217056,15.875728,1291.700,33.214584417470
88.013694,15.875810,710.310,50.507718402530
87.979855,15.877105,1611.352,47.254084290150
88.119933,15.877660,2463.322,36.405907053025
87.985626,15.880441,76682.383,58.582054434164
88.084320,15.879927,31615.012,48.852059632177
88.092706,15.878555,695.443,34.529447395793
88.011467,15.878425,563.211,184.94837763851
88.137295,15.879476,3172.718,57.882392442557
88.135085,15.880421,3490.355,539.67407501963
88.124251,15.880194,2659.707,37.230132597113
88.034326,15.880448,5280.030,122.42396484604
88.057661,15.880562,3364.819,34.409445383001
88.194107,15.880594,1948.784,67.647316713056
88.111660,15.882216,23214.752,36.197139424437
88.079356,15.881195,5435.193,32.040880988898
87.992385,15.883677,60481.452,69.345383790640
88.042257,15.881376,1371.737,32.099869243394
88.183372,15.882578,14341.959,669.70675174042
88.105882,15.881039,769.105,32.255297851533
88.019511,15.882224,6458.327,34.158899608417
88.230000,15.881434,1418.625,35.488172622122
88.048420,15.881473,537.674,36.633886129390
88.123782,15.882865,6370.577,35.381944032424
88.128781,15.882071,1533.375,59.294354882230
88.046202,15.885552,86380.768,37.526301707041
88.174695,15.882281,625.932,38.662039095103
88.210995,15.882688,1284.262,36.660424111661
87.996876,15.883595,1190.798,37.081023548759
88.004355,15.883105,1199.533,42.462357646840
88.016533,15.883437,1737.195,180.34709366351
88.102366,15.883877,4701.646,106.45534652640
87.981689,15.883662,740.729,41.339961493993
88.154278,15.884519,2332.857,416.36506574131
88.214486,15.884332,1489.310,44.418926404355
88.073767,15.884397,1524.309,42.106875535827
88.034167,15.884354,2805.553,76.876002093874
88.231871,15.885959,19149.690,733.41648960422
88.174090,15.885496,11386.860,66.729618366279
88.031182,15.884158,1121.296,39.391602941008
88.082548,15.887066,59040.320,42.697466361780
88.122961,15.884766,2994.651,34.135863424137
88.145998,15.885232,3275.538,34.856218274477
88.019025,15.885650,7552.059,47.312220390653
88.076642,15.888017,98787.173,33.123113537526
88.171919,15.885587,7624.378,39.683216014200
88.089911,15.885747,2118.394,68.521064180849
88.004293,15.885727,1996.945,126.34311775518
88.169968,15.885769,1435.164,34.455291001905
88.084356,15.885745,2661.341,33.052945872536
88.127843,15.886609,3494.501,31.518931493264
88.032253,15.886221,1099.147,68.308736852713
88.087693,15.887003,3325.147,33.415963199804
88.229583,15.888500,5423.582,40.256741352818
88.142600,15.888016,13369.327,38.384085350760
88.002168,15.887107,1983.029,44.727335276743
88.195941,15.887409,705.428,35.875455404966
88.040365,15.887317,1108.868,39.944561198830
88.186132,15.888492,6902.714,34.995682983041
88.011393,15.887390,1037.773,35.841991802727
88.069527,15.888247,1942.687,47.216166085638
88.170756,15.888314,2756.070,52.960267930254
88.132995,15.888772,3113.712,51.205679937152
88.046117,15.888454,1561.060,44.259883916529
88.130381,15.889122,3135.117,33.956923760217
88.062751,15.889283,2288.410,31.951458016015
88.134949,15.889281,1752.076,45.078179389222
88.193105,15.889725,4301.916,263.24187194236
87.991485,15.889980,4048.955,32.261259316773
88.148798,15.890159,4824.623,41.995649107845
88.066134,15.890902,4587.412,31.153975017032
87.997469,15.890075,648.754,33.050779199026
88.218459,15.890817,1015.065,29.879030950115
88.229841,15.891461,2535.048,33.955517170273
88.046717,15.893054,24047.753,33.338562038083
88.109624,15.891912,1985.314,34.895679978887
88.032671,15.892136,3387.398,34.313770248364
88.009205,15.891795,943.490,43.907541335025
88.025212,15.891800,1039.482,820.36860993756
88.085955,15.892394,1594.119,34.103893839235
88.194205,15.892471,2879.257,26.204378549703
88.214993,15.892098,706.847,207.90783990879
88.209375,15.892921,2376.313,37.252542721474
88.131296,15.893138,1619.179,31.427802803221
87.992352,15.893467,4025.741,45.765532242511
88.076539,15.896534,98700.153,136.32657735143
87.998335,15.893298,2465.056,92.555658332096
88.014787,15.892773,601.028,37.154432071813
88.162872,15.895464,23387.252,101.20843305492
88.164158,15.893701,1473.969,57.314937426366
88.169710,15.894011,1855.652,34.728476098510
88.132712,15.894524,3383.884,95.977813458600
88.028423,15.895426,17058.185,35.248912822378
88.190267,15.896026,8585.897,32.639695497873
88.184488,15.894554,1178.715,66.479032010740
88.208605,15.896671,9718.116,37.157220815209
88.010000,15.896270,4412.495,163.17129774383
88.060848,15.896239,1937.391,34.225919567818
88.197976,15.897188,9288.945,68.021090629395
88.121707,15.896722,1324.510,37.454173501492
88.002455,15.896395,598.389,46.335189314647
88.106641,15.897869,8690.494,41.877395122020
87.983097,15.897361,1202.854,37.373048310004
88.102065,15.898624,24365.659,299.60880357518
87.995291,15.897679,1644.533,1348.0779079256
87.984860,15.898692,5750.125,42.307909776904
88.074204,15.897877,742.775,151.00279557774
88.043096,15.899147,5323.599,32.275871463142
88.095882,15.898622,2102.718,35.879027802868
88.203475,15.898969,2386.283,55.892461582911
88.183836,15.901097,33154.398,78.279858094463
88.014182,15.903840,161635.459,191.95581266033
88.007238,15.899689,1448.928,731.70294000280
88.020831,15.901031,15320.597,37.181014734310
88.128167,15.899731,606.907,43.528372805957
88.112779,15.899923,639.538,34.499919147527
88.229199,15.901109,4608.061,40.979534079214
87.994834,15.901326,7454.872,54.429880347043
88.209369,15.902158,19743.303,44.937250617689
88.217717,15.904116,78286.520,36.059497740937
88.163254,15.901366,2022.553,33.673778685148
88.154672,15.901767,3348.493,247.40391456822
88.200941,15.901000,706.077,31.812866192112
88.205831,15.902043,3073.588,38.928894329524
88.219545,15.901739,3820.342,59.660905917488
88.035210,15.902011,2216.288,62.891810934678
88.181887,15.901919,749.028,307.26255474632
88.081172,15.902121,1163.343,32.981267746019
88.198297,15.904720,25023.344,52.727834698795
88.057013,15.902725,668.832,231.61716515587
88.027263,15.903858,1292.083,48.697602247453
88.214170,15.904661,4469.146,58.312293921668
88.017941,15.904703,6611.459,38.904783678984
88.076813,15.906021,38277.545,37.081405808137
88.180574,15.904179,690.538,34.939652543193
88.207551,15.905470,5493.816,98.981001458757
88.142456,15.906353,26043.208,32.348029914625
88.136647,15.905545,4327.562,50.637482476921
88.225059,15.905596,4877.578,484.88899155589
88.139090,15.905002,2409.469,221.09858376591
87.981486,15.905006,917.413,100.36431831482
88.159430,15.905388,1545.375,30.963458340242
88.013691,15.906234,11306.143,31.978215370190
88.020975,15.905330,1105.987,33.513762096489
87.992341,15.905985,4629.168,82.949650278729
88.117867,15.909642,58770.308,29.665219088344
88.202298,15.908706,24848.458,36.309655226992
88.166896,15.907967,10382.396,76.337738732045
88.191028,15.906549,620.830,33.182148835329
88.063355,15.907058,1436.612,37.468965108463
88.140999,15.907507,988.179,30.662848950968
88.227891,15.910291,7101.240,32.802328365603
88.169105,15.907960,1070.400,221.89578458242
88.018343,15.908545,2686.347,48.744643100521
88.119781,15.909231,6816.574,42.055178148069
88.049995,15.908215,1182.998,67.586004887801
88.010490,15.908752,1317.313,29.232641504666
88.107552,15.908239,739.051,59.290869471231
88.080776,15.908330,931.661,29.232057223270
88.096127,15.910620,29885.325,32.279807307273
88.148958,15.910191,5385.350,27.058873288101
88.173303,15.910022,3052.465,95.432970324882
88.161117,15.910803,7899.129,30.389326268874
88.143538,15.909816,788.039,29.009314305871
88.066190,15.911406,5721.787,40.583468115154
88.163363,15.909895,592.944,60.139537199870
88.089306,15.910365,1430.333,576.74484573578
88.103093,15.910249,664.524,36.686908595537
88.084101,15.911899,9633.560,37.602079171005
88.123838,15.910409,1099.081,378.43039190830
88.144922,15.911538,574.079,41.642525501279
88.050680,15.912133,1638.049,169.75578443993
88.227967,15.912685,5878.337,29.529822009028
88.110402,15.915314,76915.399,27.655044944007
88.179959,15.912504,1318.775,166.40847514856
88.038359,15.913010,2504.991,117.35950148843
87.998489,15.915216,44464.746,37.857589366695
88.174847,15.913490,2135.135,414.54396671753
88.028187,15.914863,20545.572,30.151491989819
88.170145,15.912842,622.098,530.10693013006
88.017532,15.913210,871.622,53.411181284715
88.222724,15.914893,15191.117,437.72140158985
88.153069,15.914759,11208.123,421.26524229806
88.078979,15.914301,3076.213,221.11801388707
88.176045,15.915956,43915.114,42.028439781265
88.207507,15.913534,660.651,31.736442324363
88.216845,15.916839,52192.541,38.066691793001
88.165108,15.915409,5063.975,115.83502543772
88.163315,15.916918,51378.630,493.00638802936
88.190904,15.917584,45522.600,745.44232955938
88.231520,15.916434,23114.624,753.63773731308
88.142051,15.915878,3116.815,53.991548331420
88.061699,15.915293,1199.078,39.083802794477
88.179261,15.915908,1583.877,33.464048363703
88.229555,15.917272,11135.658,34.262673044731
88.174313,15.918545,55440.805,41.853044790114
88.126908,15.919855,91783.680,47.067079829116
88.139422,15.919682,89122.835,65.237178175812
88.064633,15.917513,3732.865,37.000257537780
88.076033,15.916885,1345.963,71.930232281862
88.144337,15.916639,1437.171,87.108590849148
88.181384,15.916874,685.060,220.18372796412
88.171336,15.917814,1684.362,36.457934991896
88.114964,15.918166,2967.229,48.271671589955
88.123618,15.918933,6006.654,37.510564624593
88.157268,15.917925,709.769,733.41762725219
88.087707,15.919830,7028.692,36.009121680750
88.216483,15.919506,7427.328,37.992872123456
88.023796,15.920242,23419.243,35.666456325635
88.065686,15.919037,813.759,103.86218558509
88.135894,15.919914,3992.774,39.502087048205
88.011537,15.919837,1714.908,122.51868831803
87.984921,15.922458,72276.063,38.415422322449
88.030288,15.919854,601.355,48.214356550881
88.081199,15.920530,2133.994,31.380652512798
87.983343,15.920608,702.342,79.693561026084
88.192832,15.921419,8485.485,1347.8063970924
88.183210,15.920641,1086.885,35.660623733173
88.200788,15.922127,11468.742,36.759539622907
88.044498,15.921531,1396.330,138.73533973602
88.185333,15.922331,3125.581,43.595304513558
88.070103,15.922183,1164.250,595.15810195833
88.201568,15.923834,6859.404,48.395994623340
88.191432,15.926068,145933.115,34.652458462388
88.219728,15.922109,1252.929,32.910544581935
88.019768,15.922601,1855.832,30.109482434598
88.192379,15.923767,13921.454,47.850235379670
88.035026,15.922520,2330.763,43.530746554997
88.204585,15.927308,68325.430,35.264444192760
88.137651,15.923505,4041.709,119.01442312070
88.094900,15.922629,1028.062,89.204398654131
88.016612,15.922972,1165.061,78.180790071555
88.086311,15.923071,538.622,99.497166106401
87.991697,15.923913,4019.435,37.172883843604
88.134218,15.923982,2927.926,35.219094928651
88.097194,15.923635,1652.958,32.245384534677
88.126778,15.924780,13109.659,39.036295473706
88.185311,15.925261,8266.221,52.693680009644
88.017114,15.925253,8410.470,127.46805217096
88.220731,15.925736,7401.551,38.676227513782
88.143558,15.924535,2029.597,32.123441487676
88.045050,15.924607,1214.064,35.533371467445
88.218486,15.924482,883.899,84.911776480372
87.998078,15.924946,1824.904,345.08358307000
88.156668,15.925790,5517.137,55.806695240936
87.983497,15.925886,11291.670,34.837163823363
88.076932,15.925284,1065.944,30.722852540667
88.042987,15.925261,1097.611,31.831885862438
88.108228,15.925853,2263.010,648.05374541923
88.034880,15.926639,7890.773,31.054369481173
88.063656,15.928383,47514.501,52.872713908476
88.212775,15.926703,4521.288,525.53824638228
88.101701,15.926437,2203.976,30.487430322393
88.013573,15.926372,1032.676,83.396664420941
88.138607,15.926370,916.924,45.216729006979
88.115830,15.929491,80483.999,26.490641085343
88.130584,15.926937,819.223,29.401167532606
88.218793,15.928195,4648.121,53.766349310396
88.211829,15.929989,58749.019,34.767070317156
88.018397,15.927594,605.944,651.54964631575
87.978989,15.931381,nan,39.894574951907
88.151693,15.930498,7893.837,34.370444381593
88.093821,15.929975,3297.948,83.091708595379
88.060167,15.929550,942.289,42.317455334748
88.123315,15.929738,584.446,28.588222105975
88.030044,15.930809,3677.853,35.065544191695
88.175862,15.930288,781.106,277.87832752857
88.180023,15.933585,70021.516,51.713962534887
87.986620,15.931202,2375.177,33.094174513710
88.054140,15.930882,705.809,57.898702704707
88.025674,15.933107,9576.894,37.566082330007
88.176807,15.932719,2703.387,37.738746216196
88.019342,15.932026,1231.980,54.673190495871
87.980905,15.932054,623.307,50.279562171001
88.116103,15.934822,34059.351,38.402384594818
88.063422,15.934195,5807.843,56.758227690804
88.040951,15.933898,726.946,33.575514191095
88.154634,15.934681,4747.392,55.925492489902
88.133541,15.934301,1039.678,46.376821733782
87.984278,15.934196,675.293,1227.5731569289
88.181167,15.936059,4617.618,73.343454577465
88.049052,15.935630,3445.679,30.941748105014
88.080015,15.935727,2368.882,40.616700348599
88.077400,15.936710,4914.651,31.279789666870
88.018278,15.936423,1198.313,33.259941368136
87.984870,15.937025,4468.356,687.33644593858
88.225526,15.936927,3374.078,47.065174150337
88.046347,15.942413,172572.488,33.767092865748
88.071452,15.937665,7784.685,1374.5944587777
88.093224,15.937866,602.084,36.024185470730
88.223047,15.938610,2091.862,34.942826037111
88.018990,15.938292,985.294,39.102353252871
88.152260,15.938072,488.238,46.726911233955
88.117895,15.942151,78509.905,58.899923128415
88.038069,15.939293,3178.771,37.324799899315
88.212890,15.939201,1542.546,35.742657377119
87.995485,15.943316,155458.566,33.851904163094
88.030429,15.939992,1338.197,31.851043880094
88.137417,15.940833,836.349,35.475405580039
88.088418,15.940800,1376.254,199.63338375430
88.176351,15.941465,3402.714,37.260430998104
88.186874,15.941557,5577.710,37.374786738567
88.065855,15.941014,601.609,32.334973403390
88.017493,15.941666,1030.161,37.999141386109
88.001778,15.941353,629.278,39.778506015275
88.142910,15.942166,1316.459,36.418052757629
88.130409,15.942236,899.365,60.704391812953
88.062098,15.943829,25120.304,96.538558946880
88.051533,15.942613,1079.643,34.813407261235
88.032650,15.943110,2472.759,75.439689291939
88.218866,15.942582,814.445,119.08725688856
88.230202,15.942996,2170.117,465.07763730522
88.048904,15.943389,1934.710,37.118887892962
88.070771,15.943195,1208.822,35.373145460100
88.006675,15.944119,5176.476,34.757634039387
88.189296,15.944955,9001.146,70.504636440587
87.987092,15.943618,809.993,34.739914729706
87.997038,15.944767,6389.542,68.676932044923
88.136377,15.945817,15126.953,36.205828523170
88.057838,15.947055,61359.740,35.730429391320
88.141485,15.945283,2094.170,31.779166865165
88.090574,15.944789,1411.835,37.072231536203
88.050874,15.944881,819.358,34.070880166323
88.072883,15.946031,7604.765,32.851890819386
88.100609,15.946346,2105.725,40.792257383660
88.094483,15.946849,6349.650,32.647362643172
87.986529,15.946270,1478.192,33.340882925931
88.089151,15.946989,1683.718,62.545028816761
88.138595,15.946831,1294.804,243.59247520595
88.156011,15.946988,1543.018,50.349699525621
88.112662,15.947294,1252.673,36.360179453912
88.050870,15.947344,970.273,42.360600136486
88.019204,15.948006,2237.426,40.148749677980
88.180728,15.947439,638.349,477.24419631832
88.170983,15.947628,898.016,60.508346590352
88.179626,15.949243,6636.912,176.09053506753
88.141696,15.950003,28996.852,29.418544197584
88.225854,15.948816,3905.426,91.553941758251
88.099370,15.948174,1508.537,44.996763892434
88.221261,15.948921,3499.568,30.916826440397
88.054741,15.949252,2384.049,107.19160251017
88.148454,15.951196,63045.866,37.528002478082
88.048283,15.949640,4873.825,32.170979150861
88.151913,15.950763,19443.913,76.488316550942
88.229420,15.948944,737.759,168.54300423101
88.006644,15.950489,10009.899,60.488887372936
87.991473,15.950046,3029.524,32.575237799892
88.200481,15.950095,1117.311,33.469550983770
88.063284,15.951546,11671.628,30.413443568806
88.195407,15.950896,1550.813,34.933364475374
88.090091,15.950698,1259.894,32.706536879197
88.162513,15.951794,6972.024,41.552393265930
87.988318,15.952636,18521.884,31.497311478083
88.003941,15.951943,6398.683,51.249236389814
88.212596,15.951186,1104.703,34.624153996996
88.040489,15.951464,1446.780,34.188410130057
88.206974,15.951508,1361.631,308.59057668815
88.143716,15.951765,2279.022,35.603056903495
88.184164,15.951606,1098.323,111.06251548520
88.181222,15.951870,2900.129,32.346142593569
88.042925,15.951888,1112.495,49.877097203861
87.982248,15.952628,4479.779,85.398492098506
88.139380,15.952552,1018.556,33.871684365894
88.158722,15.952004,646.137,123.04415707775
88.177619,15.954265,34751.261,33.549275947144
88.113747,15.952543,778.722,34.468302231167
88.098188,15.953636,7831.875,41.063178830098
88.127769,15.953092,1225.135,60.538436986651
88.090456,15.953476,3352.960,446.29507820110
88.153823,15.953939,7366.150,38.958677104495
88.063931,15.953686,1449.513,33.949638871172
88.195555,15.954540,11440.074,29.684712690642
88.027492,15.953330,482.786,37.484916582591
88.165837,15.954113,1010.218,122.03733567278
88.157892,15.954510,1903.917,96.571469880162
88.043483,15.955032,6092.435,32.990760746562
88.032819,15.956886,62320.460,70.850196356894
88.055050,15.955167,1750.140,49.421426138598
88.173786,15.954922,1065.592,37.043704990937
88.126574,15.956113,719.693,52.507872621620
88.172804,15.957051,1231.079,41.302938738227
88.190613,15.958522,12370.679,134.20559832095
88.022264,15.958522,10654.994,34.539560733453
88.148750,15.957513,1120.326,33.428574866845
88.230641,15.958689,7904.934,41.780625125847
88.005473,15.958049,2865.145,46.333149520009
88.164282,15.958251,1831.221,33.423248751566
87.983795,15.959088,1087.575,54.971539248430
88.166757,15.958661,2393.212,89.716796920693
88.050307,15.959389,15824.489,151.06767103061
88.144523,15.958672,1316.537,35.307845022137
88.171831,15.958729,828.037,36.306715076711
88.053560,15.959652,2355.017,260.91673433839
88.067092,15.959856,3057.084,36.608768932009
88.014594,15.959395,740.784,64.859273377505
88.212517,15.960508,4204.747,165.42821029279
88.104420,15.961190,9585.716,50.720383810584
88.064871,15.961685,19931.810,74.930797263926
88.138568,15.960413,1040.563,34.101844856612
88.113369,15.960237,741.738,37.495042142039
87.987969,15.961970,25247.500,51.754470834944
88.110868,15.960485,1460.216,130.00159234272
88.096752,15.962117,7311.828,35.327426278131
88.109235,15.962569,20509.433,34.966563070923
88.170263,15.961694,4002.208,503.86926807318
88.230847,15.961511,6806.493,110.46825195850
88.042500,15.960917,534.354,33.241648478247
88.004611,15.961281,1329.038,36.837790622142
88.153612,15.962202,4303.482,31.735963665681
88.032758,15.963153,17184.153,44.622859296541
88.023362,15.961615,997.441,47.251105331678
88.122031,15.961507,542.612,159.40326517685
88.218790,15.964566,57034.971,51.222884772454
88.086129,15.963427,12711.367,132.36491467183
88.204735,15.962759,1171.192,66.244914675730
88.143963,15.963151,1863.281,647.58818709107
88.201450,15.962603,665.580,36.175387878070
87.979452,15.963686,886.130,35.525617276178
88.035440,15.964252,3800.001,229.78008039663
87.996360,15.963879,1854.853,32.071709796163
88.179603,15.965587,15650.336,465.04074318803
88.060099,15.964317,4132.226,31.268649825008
88.198145,15.965072,13019.012,30.884924950430
88.134411,15.964759,6485.548,31.287928551408
88.194885,15.966842,76459.532,689.53738092286
88.196080,15.963876,709.213,31.631577128846
88.081473,15.964799,2448.579,638.04901250091
88.090499,15.966886,28731.057,43.612080085783
88.182718,15.964904,683.334,243.13717369413
88.034635,15.968376,65694.375,33.311644396876
88.042084,15.965910,565.367,45.250425402935
88.123769,15.965986,839.144,37.939169715701
88.029541,15.966355,1190.381,80.038464094005
88.163325,15.969683,87746.755,40.307623177404
88.057719,15.967060,1368.212,130.93707592292
88.179111,15.969537,72433.688,41.877280325812
88.027448,15.967594,3454.682,33.201934353728
88.044536,15.968766,35135.197,45.509172430121
88.170771,15.967339,1670.965,32.052681922330
88.140800,15.968405,3765.034,30.277032190210
88.011998,15.968163,1973.377,316.44627809451
88.036392,15.967522,959.923,73.779332044143
88.032470,15.968464,3123.692,42.042201220857
88.184773,15.969207,15449.338,51.707183294011
88.049363,15.968192,2215.646,108.99915581170
88.212988,15.967732,814.539,31.231919155732
88.025233,15.968926,1920.938,87.269319948816
88.138810,15.968081,909.851,39.943142929639
88.081578,15.968544,1575.370,31.514946841901
88.172393,15.970872,34623.946,154.68363201561
87.983020,15.969926,7387.293,35.997680208255
87.985069,15.969950,779.818,188.76858331076
88.057433,15.970044,4921.039,1448.3065742778
88.197492,15.970747,11390.235,636.07528284135
88.087165,15.969672,929.168,107.12498708108
88.216770,15.972104,8912.429,35.369952443826
88.027014,15.970994,2724.523,541.27169347697
88.054706,15.970864,1146.039,44.535722953992
88.166959,15.972833,17865.939,36.764336663606
88.137831,15.971836,2079.353,56.523662253106
88.119232,15.972865,21454.680,31.691989393225
88.145487,15.976137,161814.240,162.48984127606
88.088588,15.974847,82347.984,57.905895123932
88.077710,15.973337,14498.016,1120.7366892118
88.190966,15.972278,1496.278,29.550542662754
88.038480,15.975057,71196.198,32.505297368411
88.201339,15.972709,3837.803,33.054104836735
88.116302,15.972213,1185.151,74.360759289747
88.170466,15.973150,5647.990,38.643900243539
88.185074,15.972167,729.909,41.048815401689
87.981759,15.973987,17833.000,43.748085336910
88.107933,15.973588,4985.949,34.037393706008
88.061999,15.977788,159692.095,32.317874654587
88.229797,15.973062,1089.570,28.809740177058
88.126141,15.972879,488.199,35.897712294997
88.065488,15.973388,1220.010,40.221234876948
88.016308,15.974532,7336.142,41.608814470669
88.047000,15.973666,2876.301,847.56231771849
88.029614,15.974072,2696.470,100.30519646113
88.031837,15.974394,3533.315,86.569771656446
88.142770,15.973647,1004.533,36.008391197445
88.114289,15.974074,777.518,39.806041639159
88.187149,15.973752,484.020,36.579319437076
88.173771,15.974187,1251.622,51.194198579119
88.094759,15.974632,1401.412,42.073834361903
88.128524,15.975100,1559.676,52.132430734731
88.126968,15.978030,105816.523,61.377346490285
88.031277,15.976145,12051.642,438.92637513332
88.002432,15.976393,8763.614,37.885176299481
87.989535,15.975625,1168.762,217.12549779014
88.194822,15.975906,1992.694,45.353696600402
88.174797,15.975741,1112.348,56.692947701417
88.147564,15.976667,4291.117,42.929834622794
88.066259,15.976084,2769.540,76.957614993406
88.230698,15.976386,4288.735,33.769212742885
87.990262,15.977492,5204.280,49.019585307317
88.169446,15.978855,52316.227,35.326092542876
88.011026,15.977053,2494.071,37.250993754447
88.203202,15.978530,24578.132,45.498447237733
88.080375,15.976937,1369.269,35.640216333833
87.984537,15.977287,5084.536,906.05657361764
88.004908,15.977464,1781.952,35.653882445801
87.993131,15.977868,7446.285,35.224258024595
88.098259,15.977383,1692.368,33.858107511818
88.188776,15.977787,4192.592,55.240036939336
88.014340,15.977662,1535.327,48.770860177606
88.150699,15.977132,633.966,32.111967135327
88.216245,15.978137,2878.257,103.89908308240
88.119667,15.978028,1514.017,333.11732891860
88.201897,15.981448,108717.612,31.729874886365
88.221929,15.978129,1234.737,165.67477852005
88.124839,15.978268,922.135,44.190336712822
88.105926,15.977876,433.715,31.361727044776
88.018943,15.979320,4709.308,49.201125370152
88.061746,15.979866,3706.957,224.83943534678
88.182224,15.979923,1333.085,34.875893651793
88.068481,15.981110,12033.560,43.500555788655
88.229474,15.981644,38543.404,190.68313694606
88.118546,15.979839,540.948,547.45186532343
88.173531,15.982101,19298.156,148.68107551681
88.092134,15.981457,3330.091,37.548635638133
88.132654,15.980080,385.320,32.925312275368
88.195594,15.981758,2912.828,32.579145168228
88.155489,15.983402,20400.141,427.70601485628
87.985192,15.981787,1205.156,41.460729456749
88.126267,15.982587,3823.909,37.619620345149
88.068589,15.984161,23853.205,31.890802647737
88.037196,15.985123,63556.675,31.941285316507
88.081332,15.984243,21085.856,36.952316564945
88.014794,15.982703,2193.694,34.969301861012
88.078995,15.983002,2039.499,33.649344456027
88.086496,15.982934,980.656,44.3309791721
87.991923,15.985277,48502.293,822.09283147212
88.214669,15.983697,2892.681,33.473576268969
88.189963,15.983132,1851.719,30.003195673997
88.039498,15.983430,850.751,34.586363551381
88.006792,15.983829,1357.346,29.631846933672
88.026164,15.983923,2199.914,35.983161990521
88.051725,15.984051,1102.556,56.563191067625
88.224129,15.983978,1380.985,30.748531395754
88.089065,15.985093,2988.795,38.920751868195
88.118244,15.987858,107829.294,31.534337552334
88.062172,15.984891,720.549,33.245876348294
87.979687,15.985198,793.748,325.62463158637
88.151767,15.985092,804.888,27.819614234814
88.050049,15.986411,1373.480,35.214571473401
88.199428,15.985972,845.151,866.03013488120
88.055053,15.986945,2299.517,28.297029265129
88.221247,15.987102,5342.299,43.656431227924
87.988903,15.986466,737.667,77.258481955924
88.028037,15.986895,883.726,171.66201860969
88.004832,15.986868,733.251,34.732918048182
87.982005,15.986897,691.879,101.84706826867
88.182428,15.989522,38169.444,74.911784721122
88.158939,15.987043,635.882,27.704228346022
88.015465,15.989022,2180.015,245.94858739007
88.198818,15.991595,97659.078,193.88459106709
87.996045,15.988509,649.450,48.141336048254
88.001412,15.989568,4250.707,43.038869515791
88.166657,15.990034,7582.971,91.257254155241
88.187581,15.990287,19905.641,116.01647714850
88.161427,15.989641,673.554,142.59624286686
88.127026,15.990873,10835.511,36.357084697777
88.201623,15.990843,7043.784,63.867797085921
88.123877,15.989203,385.897,75.358992189299
88.143679,15.991686,31781.067,123.81796732552
88.229441,15.991674,20116.510,70.224546318154
88.092218,15.990799,4923.870,31.740026919197
88.105486,15.991035,3018.397,39.583949883353
88.056934,15.992528,9263.473,32.415483833674
88.066490,15.992674,15957.478,40.748709681139
88.165508,15.992907,17648.342,37.530742968029
88.171608,15.991583,2232.219,36.033052278954
88.157144,15.992315,6886.536,37.497623945902
87.983451,15.992608,7911.415,218.24704961052
88.014227,15.993333,17070.144,43.426072141901
88.005627,15.992852,7767.842,43.452070436562
88.141719,15.992160,1404.027,40.940885584086
88.097111,15.992740,2634.614,72.326476394193
88.020942,15.992572,693.636,31.626761114378
88.185308,15.992959,2928.625,32.797214377667
87.988399,15.993358,2939.623,56.089175519439
88.032207,15.993372,795.516,57.880448530354
88.038308,15.993931,1711.360,56.048054006820
88.210597,15.995596,23395.787,37.012592540701
88.186641,15.994603,2805.776,35.255356893416
88.024630,15.995256,2720.117,163.46404413778
88.193511,15.994746,3066.863,56.311271573120
88.166033,15.995615,6777.166,42.834253979670
88.142554,15.994785,961.313,32.911849417781
88.051013,15.994744,543.681,38.356822824340
88.220672,15.995625,4568.347,39.546104017892
88.164287,15.996335,5451.311,36.267980550602
88.153905,15.996546,3912.577,32.014835617269
88.215779,15.996181,1032.705,35.360000790003
87.998644,15.995902,519.221,39.078950102651
88.042790,15.998883,25070.073,249.14167066473
88.053336,15.997462,4619.409,33.547364146135
88.171211,15.996903,1992.612,159.53270526170
88.144753,15.996799,1058.782,38.929949112648
88.217767,15.997095,1591.937,35.958130642881
88.064987,15.997195,1695.945,33.842857168825
88.001071,15.996921,525.289,34.887949266221
88.190260,15.997192,545.723,1312.1137274304
88.096390,15.997578,1309.403,44.941425641605
88.195734,15.997764,1321.119,37.864665128661
88.165282,15.999495,29250.331,34.688682598488
88.080164,15.998587,1728.960,38.304014257668
88.214112,16.000304,15871.130,36.023691472117
88.228651,15.998663,1347.996,58.604916720283
88.029917,15.999300,1230.434,31.573677245084
87.987267,15.998496,587.467,35.831190654264
88.121332,15.998298,569.526,47.596718138648
88.225206,16.002861,144467.937,37.007629344250
88.208698,15.999843,2687.908,73.123438330708
88.094757,16.000056,1306.907,32.283351751533
87.992946,15.999986,839.839,37.247128609010
88.192648,16.000248,1075.619,342.45786005499
88.063907,16.000194,773.333,40.376307803218
88.026748,16.000910,4310.415,196.33313721196
88.109830,16.000479,654.362,65.512983361923
88.042297,16.000978,813.457,567.15936749171
88.122971,16.001567,4529.400,32.055602075307
88.000539,16.000893,751.585,67.867408243168
88.208280,16.002851,6436.752,34.702637037549
88.182424,16.001958,1163.479,40.575748170876
88.090577,16.002615,1796.658,31.381639994348
88.043410,16.004514,47144.184,41.139813613138
88.117132,16.002830,2758.572,39.046522237174
88.020831,16.004408,24413.210,31.970949467477
88.084043,16.003698,5564.647,186.03799660092
87.992782,16.005206,62519.420,32.459300282908
88.012523,16.002789,656.480,33.090277903147
88.069038,16.003991,6320.092,33.363553032661
88.052155,16.003501,2009.561,33.106550694872
87.982534,16.003703,2198.583,32.471097274168
88.231372,16.003187,629.667,""
88.054054,16.004309,3482.773,""
88.004281,16.004740,2089.514,""
88.115189,16.004044,974.604,""
88.133228,16.006002,21710.134,""
88.168557,16.005352,1413.716,""
88.104635,16.005840,1444.875,""
88.107949,16.006120,1282.601,""
88.026079,16.006234,680.094,""
88.064929,16.006214,694.909,""
