#mjd: 59965.11089
#filter: r
#airmass: 1.42
#seeing: 1.323278265
#m5sigma: 19.8623
#exptime: 10.0
#night: ut230120
#ra dec flux fluxerror
88.235414,15.763072,nan,435.39106170226
88.024685,15.763926,50471.318,33.549483683069
88.058760,15.762981,997.045,32.296939155942
88.088421,15.762511,nan,50.753017011687
88.009514,15.762896,1188.921,53.496850342416
88.001164,15.764133,3206.699,53.153825409789
88.178312,15.763026,nan,30.004035592793
88.118563,15.764340,3519.507,39.710375419461
88.216909,15.763246,nan,47.829082099604
87.994759,15.764938,4820.223,33.059031630279
88.109257,15.763856,626.239,31.282112284394
88.020055,15.764771,2472.411,34.877653524046
88.048587,15.765438,3754.493,35.870385690527
88.130122,15.765585,2095.636,84.386410040231
88.120076,15.765564,1474.631,39.879078225851
88.077641,15.765306,793.072,77.124359536153
88.091218,15.766071,1582.851,34.493000610928
88.197493,15.768291,9519.322,30.014761266974
88.078732,15.766952,2371.955,37.474357466237
88.013293,15.768435,11940.450,40.583668923017
88.185743,15.767142,1677.225,30.914372795931
88.008397,15.766470,590.651,28.198540424118
88.099356,15.767474,1302.343,27.824314083975
88.168427,15.768889,3989.964,38.497374849288
88.047517,15.767630,761.200,29.483553521624
88.105318,15.768067,985.939,39.773307575218
88.159327,15.767546,981.726,25.889402235453
88.038274,15.768904,3381.329,41.805077024558
88.120182,15.768346,804.808,29.817753517812
88.106964,15.770091,3184.606,31.189176370860
88.234677,15.768702,524.956,26.926042186565
88.011031,15.770333,3118.101,91.058537423909
88.085928,15.769677,987.699,38.785858693146
87.994612,15.770732,1755.659,35.462799475088
88.068655,15.769519,516.576,268.49699964527
88.149394,15.771468,7064.587,117.18004779625
88.235640,15.771378,3718.240,31.631258786198
88.224527,15.770752,1320.763,29.235378656188
88.036864,15.774818,33835.462,52.532500007222
88.072904,15.773321,12990.375,30.304149067694
88.049961,15.770573,889.270,53.503711524224
88.182678,15.770802,583.987,119.36224379289
88.168298,15.772729,6529.245,34.277801200854
88.199504,15.770988,769.541,33.031784233999
88.008082,15.772831,4534.424,31.155908501381
88.081935,15.771318,633.057,32.975416040709
88.013784,15.771856,1815.974,31.325231736229
88.035835,15.771586,841.890,30.971270167253
88.051071,15.772726,1200.184,45.150035051822
88.232382,15.772747,1241.736,30.683194024828
88.203829,15.772811,806.231,34.438421687055
87.993814,15.772893,592.018,32.715428065652
88.146135,15.773979,3642.891,116.54987068635
88.083399,15.773110,554.446,32.826868966583
87.989849,15.773672,1233.514,30.501892748796
88.206901,15.773668,1349.986,29.825422980341
88.049052,15.776487,12438.277,60.043611620382
87.994297,15.775029,1964.216,218.07429189770
88.118363,15.774988,585.576,33.271762791385
88.170200,15.774713,613.596,53.765018210906
88.216935,15.776703,6013.443,38.877104383564
88.007212,15.778962,26413.696,33.818934596785
88.045761,15.776654,3159.684,91.943348686348
88.206202,15.776858,5191.247,35.835763686105
88.167451,15.776418,1825.643,29.429385367783
88.227822,15.776900,1532.464,33.961729053899
88.020116,15.778295,10985.272,32.557877898166
88.157512,15.777329,1481.989,28.257896237658
88.050974,15.777972,932.553,28.864252946242
88.142040,15.777667,1012.452,31.153256020510
88.054103,15.778379,1622.381,218.20889557038
88.014070,15.777414,471.149,41.571107046185
88.056334,15.777928,528.925,28.773866469408
88.102798,15.778101,665.798,453.04386107211
88.164344,15.781927,26157.018,30.648662644743
88.012005,15.780130,3404.216,37.830990854394
88.150060,15.779017,960.644,33.379782652597
88.222264,15.783980,58545.522,32.580995424392
88.203947,15.779919,599.257,225.54012025500
88.000550,15.780937,2047.216,30.453682036802
88.233679,15.781199,1891.922,253.87089805693
88.200568,15.782005,2596.904,36.114017168700
88.068513,15.784252,27514.569,27.121857200763
88.227711,15.781243,547.805,43.709023662819
88.012888,15.785845,35690.911,70.651201009127
88.147666,15.782065,1944.395,41.891039964952
88.155090,15.782102,968.551,28.468081354118
87.985622,15.783099,4464.154,50.433544295514
88.122674,15.784403,5803.624,159.09305461537
88.071587,15.785734,2410.464,61.721617898454
87.993735,15.783633,573.207,28.563419063495
88.179688,15.785214,4194.586,63.074301460093
88.017995,15.787123,22287.969,93.166233914258
88.104758,15.785714,5897.979,31.118115405500
88.194277,15.784282,643.777,30.790274089277
88.162702,15.786583,6090.938,26.918980282345
88.145277,15.786997,10031.885,29.341331952477
88.135220,15.785349,1066.019,47.282319583991
88.065402,15.785028,1055.325,38.457286194178
88.001715,15.785037,524.973,28.079223985790
88.201596,15.785685,1431.586,77.143216914652
88.004273,15.786809,3981.441,32.207553977016
88.128475,15.786679,2375.603,39.724640155659
88.171180,15.785577,538.352,384.68744617294
88.113013,15.787608,5578.509,67.253814863776
88.089581,15.786397,1538.796,298.01552519684
88.057760,15.787269,2698.332,29.483399931965
88.141189,15.790726,47697.808,34.295173751775
88.192958,15.788422,8190.165,38.741931677561
88.004084,15.790441,36863.119,25.416252807293
88.165583,15.787252,759.738,47.026814348165
88.191114,15.787668,1786.781,31.759747402026
88.221206,15.789134,3407.895,42.385947041989
88.196208,15.787884,493.432,28.127385299470
88.021132,15.789483,4585.802,29.638499449268
88.010064,15.788332,707.723,31.052810291342
88.133888,15.789441,3478.219,33.384219023176
88.115581,15.788479,551.148,106.00095596229
88.150037,15.789564,1337.677,30.978714283503
88.230091,15.790354,1191.212,73.970911598320
88.147359,15.790332,1815.123,37.922159931973
88.000751,15.794347,15671.695,93.889587133099
88.096640,15.790325,767.971,30.722204425762
88.123593,15.792307,7975.961,48.416896626911
87.990807,15.791972,2288.541,31.100508088620
88.218719,15.793549,9443.336,33.102400954192
88.161573,15.792247,1761.902,29.783040334971
87.988539,15.792801,3362.009,270.40202543579
88.019124,15.792515,2003.410,150.28149194709
88.059557,15.792499,2148.262,66.663165983219
88.082163,15.792510,1140.739,29.147499927219
87.988347,15.796439,36181.614,31.565969020879
88.192560,15.796139,21102.270,46.205125080746
88.188883,15.794641,8397.388,41.905720817913
88.172674,15.793993,1209.871,30.500904913277
88.114484,15.793786,878.186,94.469655666337
88.118487,15.795049,3444.142,32.491075592270
88.175274,15.795723,4012.424,39.015453164797
88.224505,15.794570,1176.937,31.225739665182
88.083259,15.796859,9324.232,242.96675591927
87.997121,15.795179,1210.919,101.34295631280
88.006763,15.796311,4001.795,34.377707101617
88.081885,15.795498,711.210,40.565625582099
87.991543,15.799424,34896.499,32.605039299368
88.151661,15.799309,10750.434,29.309349142300
88.169206,15.797127,1582.402,49.672717723858
88.189511,15.798342,3222.075,106.65562401237
88.151630,15.797425,1227.615,34.113087352052
88.159755,15.797454,699.907,36.110581382351
88.120820,15.798406,3452.344,33.388787308056
87.994612,15.799866,13868.864,56.665755758957
88.071704,15.798082,1486.513,31.403284653588
88.206358,15.798469,2597.840,29.998718137208
88.126071,15.798071,1161.175,349.68538430354
88.129954,15.799758,5981.528,66.874647544888
87.983914,15.798388,750.080,60.017503114736
88.123742,15.798456,703.299,29.353730842816
87.992069,15.805492,54566.979,96.439351874131
88.096906,15.800618,7649.835,36.573210862475
88.043924,15.800798,6416.037,373.18584424856
88.160098,15.800210,552.122,32.106546690180
88.102163,15.802669,9051.411,27.659121599625
88.158637,15.801916,1782.793,50.888337916987
88.103055,15.805291,44456.989,49.906005936600
87.985402,15.801406,1385.524,34.810808835966
87.982481,15.801169,222.468,353.56811793775
88.171495,15.802988,4927.155,49.160826772756
88.040226,15.803069,4454.700,38.494759830289
88.207777,15.802293,1233.626,92.204235504558
88.024923,15.805863,48010.230,186.70475506289
88.226034,15.803941,4034.942,134.00405148254
88.031237,15.803698,2910.527,32.005090268647
88.136660,15.804823,9536.095,31.575106518479
88.187096,15.806452,25281.849,30.525492174716
88.177148,15.805900,15180.071,27.881710450954
88.167359,15.803458,1317.024,29.706908976664
88.165105,15.804571,1771.960,37.141334804022
88.190443,15.803614,872.027,217.56094767099
88.087899,15.804684,761.573,45.019257400854
88.033567,15.804720,1105.289,28.285958693072
87.987790,15.805523,2914.616,92.625819192386
88.129645,15.808194,28024.421,86.723691040771
88.208204,15.806751,3653.785,29.261644176428
88.167117,15.805937,612.093,31.264891179325
88.008116,15.808787,12226.848,28.895730222475
88.097859,15.808498,10636.306,29.832319394596
88.189965,15.806215,723.405,30.994599851785
88.099964,15.807213,2024.638,36.327552139165
88.143414,15.806858,1448.526,34.358427839196
88.001990,15.806482,1187.059,27.851681966980
88.062696,15.806179,381.517,31.002742180410
88.006312,15.807465,1887.976,91.722017191977
87.991250,15.807589,899.941,55.742333194027
88.171751,15.807723,1027.864,33.028082143692
88.157592,15.808159,1991.255,28.543074116982
88.160909,15.809842,10941.761,74.853860372044
88.016479,15.808851,5700.900,31.020052125088
88.067413,15.808498,1674.315,29.230508480112
88.235880,15.807876,454.793,65.107097650447
88.102183,15.810087,6517.421,29.594009631123
88.193535,15.808651,1084.841,29.047656482231
88.122808,15.808150,446.045,31.784000397258
88.121825,15.810710,8837.499,33.253240784949
88.107416,15.809659,1195.029,30.624298387742
88.226284,15.809327,916.790,27.740478311999
87.982843,15.809944,963.306,32.856097976402
87.985977,15.809279,727.718,158.74068247062
88.038296,15.810299,1179.253,29.384554392884
88.155814,15.810083,891.982,32.627085026603
88.206857,15.810722,1617.748,80.866061653675
88.142687,15.813498,20281.849,64.269696274705
88.230998,15.810760,546.198,33.590064257165
88.087245,15.811511,1535.145,28.434762646358
88.010961,15.813437,10919.884,27.946990063562
88.024445,15.813035,6972.993,51.746146615350
88.212843,15.812265,1707.911,28.316431721628
88.176620,15.812015,531.296,82.329871657717
88.198667,15.811956,767.028,79.151493480384
88.180600,15.814203,5642.164,34.447771582752
88.037542,15.812299,1034.727,369.35819838046
88.050839,15.814696,8766.076,75.021613645476
88.175282,15.814581,8904.829,29.059485728047
88.102344,15.812770,1226.681,28.897744981095
88.046338,15.817258,59360.434,68.753823583462
88.162357,15.814371,7677.519,59.498400090980
88.209778,15.812612,616.530,44.873499845053
88.218205,15.812666,576.998,172.37062762954
88.166145,15.814661,7312.478,31.723929232901
87.995946,15.814909,6557.012,28.998525455715
88.171792,15.814800,4102.071,34.819515081887
88.079908,15.816956,24408.777,95.431664657669
88.168009,15.814203,716.810,39.704362468452
88.000170,15.813749,619.388,26.103598801330
88.229956,15.815440,1653.798,28.143488193316
88.104925,15.816488,10862.197,39.411706937148
88.204941,15.815639,2102.482,43.829246868630
88.065137,15.815082,482.505,29.320049065572
88.040521,15.815576,1018.609,31.619856851265
88.093348,15.816256,2892.166,45.801921683346
88.170795,15.816554,2738.058,25.631867786908
88.222584,15.815777,609.126,32.283498610751
88.153188,15.816048,1352.408,112.21302319399
88.157306,15.817273,3688.727,33.341757000860
88.002434,15.815760,718.073,29.008703538185
88.088536,15.816107,1206.202,37.876909581361
88.160958,15.818541,15402.669,102.91090937392
88.077246,15.816408,1037.233,72.947364157863
88.138092,15.816747,482.844,199.18245386745
88.074257,15.818035,2709.089,44.893351076792
88.007506,15.819904,14576.050,32.796960217643
88.183062,15.819445,8984.334,36.592421837787
88.073028,15.821930,26093.220,72.812108724819
88.070734,15.819403,3994.449,30.799383671395
88.189041,15.819054,1361.885,28.331371187504
88.050759,15.819477,2070.155,41.797829522199
88.004986,15.820658,7810.388,30.336793391458
88.094349,15.819749,1107.556,33.600840729174
88.212940,15.819792,537.275,43.147726033768
88.010359,15.821114,4159.052,28.674774950901
88.228684,15.820029,550.282,40.053699543842
88.103271,15.820288,896.266,28.550842465344
88.123762,15.821588,2704.816,27.570966303813
88.084159,15.821206,774.579,30.407173893328
88.110774,15.821580,3607.858,38.667746831612
88.226944,15.820823,535.020,28.477850122599
88.198106,15.821767,735.560,29.709132809304
87.983864,15.822281,1381.044,30.710748385133
88.034840,15.822738,2082.476,27.832140742743
88.051059,15.822151,779.569,36.356438224179
88.214214,15.822622,1327.011,41.462423573978
87.993550,15.822127,685.654,28.546592263505
88.001963,15.822645,623.253,27.719776393989
88.018369,15.823623,1950.136,34.424711832153
88.229217,15.824445,3974.514,28.678213436778
88.085279,15.823324,732.447,31.637302366229
88.098897,15.824245,514.533,35.640803024648
88.039204,15.825802,1498.816,99.888246949620
88.131142,15.825991,1191.283,30.184153995006
88.063839,15.826199,1414.499,30.577957789190
88.089241,15.827716,3145.438,31.946053239844
88.181724,15.829321,12992.949,26.760568484701
88.109003,15.827841,2267.835,49.476199412307
88.218056,15.828066,979.204,28.250699232515
88.050170,15.827994,1336.621,51.983115470095
88.068771,15.828394,836.654,253.19398023643
88.187438,15.829936,4959.424,39.120407865261
88.103420,15.828959,1470.425,29.872314346013
88.068578,15.830254,7690.319,32.839201611945
87.984322,15.832104,44404.046,29.302691960527
87.994433,15.829707,2503.210,31.412607524600
88.174860,15.829330,1214.320,30.493862118291
88.178185,15.830291,2544.573,31.376900019585
88.039938,15.829534,797.325,38.073523886605
87.991174,15.829548,595.893,65.502786193977
88.134315,15.830036,1237.631,46.731991848179
88.183355,15.830447,1147.660,26.504813073391
88.166268,15.831126,2619.606,28.769226466695
88.175084,15.832188,7248.623,27.889863233540
88.201554,15.832563,4808.423,28.258690149137
88.198498,15.832007,658.362,105.59560167899
88.179489,15.832923,676.420,150.06852726611
88.057103,15.833535,778.654,39.013352550347
88.161493,15.833201,509.559,31.061502046628
88.105697,15.836074,16223.041,44.955158489435
87.992532,15.836460,20949.567,27.346275296578
88.023404,15.835218,3739.230,27.588874605946
88.168851,15.834116,994.415,48.489942642649
88.036373,15.835296,3343.498,30.239413385459
88.181080,15.834585,596.097,42.445582659444
88.200716,15.834593,460.277,103.44852062405
88.223754,15.836459,3682.715,43.804537966668
88.071201,15.835134,797.564,60.558230561637
88.210766,15.836905,4185.180,129.57302884782
88.195048,15.838199,16363.619,30.612894327839
88.101289,15.837424,4361.025,82.828208259613
88.012140,15.838204,7549.836,27.132149983929
88.079484,15.839578,23196.360,30.897957955833
87.995017,15.836365,635.607,119.47264439889
88.046171,15.839723,11946.580,27.895570606541
88.197233,15.838871,764.418,281.77765070894
88.228398,15.838830,646.770,259.33130073843
88.075322,15.841184,15740.566,35.513730731799
88.216041,15.839138,1064.473,29.557543248130
88.001724,15.842678,45912.731,30.119150343611
88.122480,15.843328,51616.552,30.266988731784
88.203342,15.840243,2837.688,30.697618037962
88.065815,15.838986,564.753,33.263464458323
88.189607,15.839889,859.295,35.140307735930
88.039990,15.840023,527.679,30.454466991690
88.109484,15.840818,1101.323,33.532872176605
88.165611,15.841085,1241.413,29.804271194083
88.057678,15.841267,1769.678,25.721889632174
88.185382,15.841069,908.250,30.815711544995
88.013916,15.841267,1271.661,36.597486485165
88.169913,15.840912,843.585,30.417546849546
88.151890,15.840961,637.561,39.339570362875
88.123597,15.841115,585.400,77.601550319598
88.024835,15.842569,4006.858,30.717757692961
88.018288,15.841157,628.026,35.847644056208
88.059412,15.842233,3027.585,126.56960897779
88.068078,15.843815,12812.171,29.643496185403
88.052945,15.841744,1192.943,39.124001476843
88.076568,15.842567,2129.660,54.397546344739
88.036149,15.844368,17502.072,26.467875230037
88.211006,15.842015,1051.620,30.690283133836
88.143387,15.842997,3377.842,32.071052633787
88.132835,15.844069,6914.024,27.832636236224
88.218679,15.842364,985.793,51.607180596048
88.234862,15.843266,1760.906,54.646802921337
88.181193,15.844133,2684.774,46.200622171354
88.119176,15.843607,1506.382,39.272127732371
88.051070,15.845244,5394.960,32.342580604553
87.986743,15.845776,6836.528,28.924534255970
88.104159,15.845812,3490.840,26.886553546326
88.169889,15.846708,3696.957,88.046987707251
88.047142,15.846522,2346.928,29.362353509895
88.093187,15.845914,662.991,31.559407615299
88.080062,15.846310,1327.503,28.461607817687
88.132023,15.848859,14599.472,346.39485058945
88.002213,15.846591,479.841,44.986754137534
88.144446,15.847037,1375.822,34.471669885916
88.053962,15.847436,1411.462,28.874558690696
88.129959,15.852071,70260.799,28.409820916893
88.147900,15.848662,4335.074,51.201517813319
88.012460,15.848947,3880.204,28.561286414730
88.158898,15.848706,1907.321,25.828177912148
88.152035,15.848958,1754.641,30.366859247583
88.027516,15.851002,10644.232,30.232996888271
88.098083,15.850226,1758.277,30.008065412738
88.219276,15.850074,1238.024,217.00929888663
88.199597,15.850255,1435.780,33.594253951809
88.001656,15.850270,1749.054,32.375984139539
88.184940,15.850085,908.902,31.309399797563
88.225724,15.853777,36538.579,30.690389015047
88.174235,15.851297,2115.414,30.556211561994
88.148806,15.850567,588.585,28.434516934388
88.212685,15.850519,485.493,116.09499505668
87.986482,15.850100,540.594,38.064913325292
88.017628,15.853120,2483.836,32.843000612027
88.212841,15.852649,730.085,60.479528251207
88.071773,15.855361,21114.885,28.558996828482
88.183311,15.853548,2301.160,31.769461158056
88.147130,15.853132,1945.475,29.180871028023
88.086339,15.854566,5359.813,27.611537231661
88.179085,15.854153,1344.105,46.391371150703
88.163000,15.853790,936.137,39.896373298717
88.014535,15.854182,1367.553,29.210761927762
88.045779,15.853949,879.562,134.04905960367
88.175674,15.856051,5632.096,46.249170384824
87.990236,15.855577,4065.110,37.417888915971
88.136073,15.854925,1378.909,55.106665586112
88.196390,15.860470,19767.820,35.003611860571
88.177767,15.856568,5478.410,39.328579616173
88.207530,15.855713,1844.315,32.029744461848
88.166480,15.857438,8282.743,49.050469926989
88.124835,15.855651,1136.218,33.514244514727
88.096658,15.856260,2958.031,36.401970454693
88.127691,15.855722,1149.573,63.353696668916
88.003594,15.857077,4358.860,106.53193738343
88.100752,15.856787,1998.694,102.30941505028
88.026293,15.857107,2513.100,58.244930618165
88.080519,15.858974,9095.406,45.670713487826
88.034412,15.859383,14688.956,31.140249380510
88.040934,15.859758,15727.823,29.117229971840
88.108428,15.859353,9573.768,32.367128278170
88.032105,15.859363,5815.292,158.64764048069
88.106161,15.857752,525.643,38.691499187647
88.037588,15.857709,601.998,26.683178966753
88.009856,15.858281,570.224,30.880262499516
88.151740,15.862253,28542.306,40.243292704980
87.993002,15.859167,2129.416,28.278553471661
88.177635,15.859030,770.960,39.651202916228
88.139165,15.859963,1107.528,30.453341344201
88.232060,15.860649,2969.489,39.590741624256
88.048112,15.859729,426.254,29.116174419890
88.030472,15.860809,3804.781,33.008849335129
88.122658,15.860271,1121.066,35.279099584262
88.099348,15.861323,3115.658,39.237591924782
88.141069,15.861073,2190.574,26.948657314301
88.220387,15.861638,3245.148,26.289936329652
88.126925,15.861438,2094.289,105.54074330822
87.986686,15.861685,3117.716,33.522648123262
88.217565,15.861298,753.742,36.109955737213
88.136637,15.861491,478.904,36.305735928430
88.179513,15.866309,17273.831,30.353491065914
88.050374,15.863648,3258.436,28.537234543757
88.031987,15.864232,2666.190,31.021057202807
88.082302,15.864201,2756.693,32.631854585212
87.996986,15.864532,708.255,30.072896379198
88.198098,15.865236,1458.771,33.065116159118
88.230228,15.865328,1348.433,30.277640154729
88.013898,15.865085,699.330,35.448225408148
87.989922,15.865354,374.653,296.28307748901
88.018736,15.866597,1860.512,31.941063103178
88.162990,15.867763,1991.776,57.848702564078
88.175931,15.867651,2315.101,35.615638459192
88.198081,15.871713,48105.101,47.777327727589
88.165903,15.867507,1349.201,28.859278380817
88.029600,15.869202,6303.533,43.955328321195
88.133767,15.869461,4314.980,193.81320225612
87.995979,15.870219,6265.155,29.353760498364
88.173989,15.868650,610.284,30.640265057350
88.141735,15.870566,4059.952,44.463597496327
88.063863,15.873736,32285.335,53.520955375515
88.117007,15.870140,1281.792,56.248949869443
88.146817,15.870290,1530.838,34.810786528008
87.994011,15.871054,3385.632,27.325075437687
88.229083,15.871737,7379.974,187.17125886249
88.232909,15.872807,7019.338,33.042930848536
88.149578,15.871641,1892.394,28.388649040206
88.080473,15.870616,388.628,32.760698531151
88.220508,15.874998,34091.452,134.90188524379
88.223999,15.871374,1500.089,34.537105373640
88.034324,15.871750,974.075,38.244004459710
88.105575,15.871549,739.404,24.400575127639
88.029581,15.874734,20505.415,29.321924623042
88.205325,15.873766,1273.577,31.525427907740
88.125953,15.873273,2212.356,28.257023312501
88.027372,15.873137,1174.666,72.932897074955
87.998255,15.873272,512.064,31.241069706112
88.166532,15.873806,794.184,48.902567882384
88.003284,15.874049,898.473,43.309743822291
88.078679,15.876799,12202.921,31.233879428097
88.214066,15.874834,1118.768,54.831066099288
88.104869,15.876694,4588.166,205.14394163033
88.156526,15.876402,4640.783,82.036128249423
88.062747,15.875662,710.425,31.013718680920
88.212758,15.881142,6599.172,26.904412813373
87.985650,15.880460,32864.191,34.200146162411
88.084320,15.879935,14386.979,28.706189996539
88.119898,15.877648,1080.581,35.615891343278
88.230933,15.877655,1201.850,36.235698850642
88.092741,15.878537,402.092,29.008839616291
88.137311,15.879478,1367.111,74.570526567677
88.124275,15.880174,1082.385,34.319614634264
88.034324,15.880434,2439.989,31.835853466398
88.135085,15.880404,1461.726,37.964420438806
88.111664,15.882218,10298.708,198.27308589764
88.057658,15.880579,1428.204,53.930429830808
88.194107,15.880618,811.259,32.103555028693
88.079352,15.881190,2568.876,41.494579380399
87.992402,15.883700,26323.102,32.601293880111
88.183387,15.882595,6345.710,30.828559005543
88.042247,15.881337,604.177,32.781573204633
88.019514,15.882229,2918.447,179.39601988844
88.128800,15.882047,571.310,34.868587997831
88.229982,15.881428,553.806,27.544315943923
88.123781,15.882845,2227.482,138.76002789167
88.046211,15.885572,37614.190,33.662971221585
88.102372,15.883864,2088.252,28.058570526393
88.210990,15.882682,482.098,60.683597952780
88.082552,15.887067,26454.699,29.596666656418
88.016554,15.883483,770.227,31.670470587107
88.004377,15.883147,522.267,198.20343895955
88.231869,15.885965,7929.228,28.440459393758
88.154272,15.884515,997.277,30.065361392994
87.996882,15.883603,559.672,30.242070073248
88.076647,15.888011,43857.922,41.402951560744
88.236359,15.888205,19705.188,34.294155440132
88.122969,15.884734,1411.522,28.690234989821
88.034193,15.884349,1274.514,27.231545844187
88.031136,15.884170,547.021,31.298458559115
88.174085,15.885489,4927.128,33.361135134844
88.171915,15.885587,3370.095,34.787591275455
88.214453,15.884371,652.680,28.698718758055
88.073785,15.884406,723.676,29.481452435239
88.145995,15.885227,1383.536,30.165334207166
88.019017,15.885660,3327.735,42.747212164202
88.084359,15.885715,1254.408,32.044526948927
88.089881,15.885773,942.880,32.507935304381
88.169979,15.885756,618.968,39.603908623636
88.004280,15.885750,820.478,30.702947204435
88.142608,15.887999,5734.849,35.309859209503
88.127845,15.886601,1558.969,29.736698730036
88.087692,15.886996,1489.003,28.206937482496
88.229587,15.888523,2203.527,28.217154388432
88.002163,15.887125,859.435,29.050456188898
88.186125,15.888494,2875.727,26.210719242820
88.040395,15.887320,607.434,28.420921394990
88.170771,15.888318,1333.789,30.875322155801
88.011389,15.887408,479.598,27.216212127154
88.069525,15.888255,808.945,30.672717282922
88.046132,15.888436,692.877,30.498485802573
88.132994,15.888769,1374.264,29.985269742173
88.130389,15.889115,1257.955,32.092782745116
88.134945,15.889273,720.204,30.118843220636
88.062762,15.889263,1003.608,37.638015308889
88.193123,15.889752,1737.208,31.587213951888
87.991493,15.890011,1716.251,104.34431144955
88.148798,15.890163,2043.174,200.09057891976
88.066158,15.890885,1893.762,32.252231062528
88.105452,15.891973,4571.640,29.466354191634
88.229866,15.891474,1080.811,32.868912731668
88.046722,15.893056,10646.303,27.407034270980
88.076541,15.896526,43984.033,29.749355195042
88.109591,15.891900,916.670,35.345681470289
88.032661,15.892146,1568.371,32.829019299509
88.194204,15.892471,1196.555,30.776822268954
88.025217,15.891803,476.904,32.702975318950
88.085971,15.892406,752.165,66.330550759898
88.162174,15.893499,1496.308,30.532559684153
88.209357,15.892925,895.595,45.444271887255
88.131299,15.893156,742.984,32.149463995931
87.998344,15.893317,1118.333,31.717207153852
88.162880,15.895456,10174.176,33.555684025498
87.992364,15.893483,1726.651,30.077256810373
88.028430,15.895429,7397.987,41.183136866509
88.169712,15.894022,834.065,42.700899744661
88.164152,15.893669,599.776,37.958195216568
88.132718,15.894541,1497.934,35.321609638035
88.184510,15.894557,559.696,30.374586375088
88.190270,15.896031,3556.732,72.235376857513
88.208592,15.896672,4243.254,41.343890770431
88.197977,15.897182,3925.287,30.074708203551
88.010013,15.896251,1951.403,28.282134563055
88.060842,15.896255,752.390,32.301684881354
88.102068,15.898608,10869.967,30.633096967593
88.106652,15.897870,3870.100,30.281277642021
88.121743,15.896715,542.804,34.860594465903
88.233667,15.897578,1100.911,91.108534858794
87.995275,15.897696,737.533,29.847540310772
87.983094,15.897363,512.993,28.475841073053
88.043084,15.899138,2454.230,429.77246404489
87.984877,15.898687,2455.370,27.855165870738
88.183844,15.901079,13963.453,180.87492929322
88.095894,15.898610,880.608,63.488832837829
88.203474,15.898952,991.597,35.628719783576
88.014195,15.903835,69986.547,41.141381683412
88.007204,15.899702,598.137,28.313568527390
88.217721,15.904118,33205.361,31.518731452270
88.209376,15.902159,8413.584,32.276496646291
88.229205,15.901123,2020.072,29.022834118003
87.994824,15.901331,3304.039,29.442292189406
88.163280,15.901341,875.589,69.675194161407
88.219543,15.901752,1541.310,31.307042994315
88.154664,15.901777,1372.019,31.856798801393
88.205849,15.902042,1289.522,90.297625226255
88.035217,15.901993,905.627,69.164335025958
88.198304,15.904729,10465.118,32.012941645276
88.081194,15.902102,474.681,39.014904106204
88.091140,15.903279,2950.516,63.894794548110
88.076815,15.906008,16793.156,28.112438812220
88.233637,15.905447,11934.394,36.637412039723
88.214171,15.904674,1837.016,28.808461730098
88.017952,15.904698,2840.397,28.881777055128
88.142471,15.906345,11224.946,57.855157390258
88.027237,15.903831,572.784,29.607777328666
88.207551,15.905469,2549.746,28.563372331628
88.225065,15.905598,1952.500,32.115283406238
88.139116,15.905008,1116.138,113.71756703365
88.013698,15.906222,5071.335,62.963529674390
88.136650,15.905538,1800.600,36.635245334089
88.159442,15.905372,666.275,27.921391439625
87.992346,15.905988,2007.373,30.535377129626
88.117880,15.909647,26008.116,76.202122570077
88.202301,15.908703,10515.634,29.313725300351
88.166905,15.907947,4465.594,37.810124163623
88.235271,15.906456,517.625,37.223326045610
88.063348,15.907056,585.812,27.904393941675
88.096135,15.910614,13358.979,25.486593800516
88.018337,15.908506,1153.883,27.481543420119
88.227891,15.910307,2930.042,37.072484146805
88.119799,15.909237,2941.054,34.120321926099
88.049972,15.908179,537.882,28.719863577975
88.107555,15.908260,379.118,34.915934172153
88.010510,15.908711,591.430,29.938521879017
88.161110,15.910792,3356.396,42.294807158252
88.148952,15.910176,2305.338,28.398312959323
88.173313,15.910011,1303.959,33.546698602831
88.066204,15.911399,2546.815,168.97135060390
88.089320,15.910365,633.707,35.276809618021
88.084118,15.911887,4209.427,36.216550165329
88.123822,15.910426,582.941,91.296908137866
88.233253,15.911165,1150.910,112.97036305263
88.110416,15.915318,34576.255,25.492321912853
88.227964,15.912684,2484.665,52.101094602040
88.050670,15.912145,860.512,34.242008307725
87.998498,15.915218,18982.505,32.544960512203
88.176050,15.915946,18700.821,51.009921782372
88.179919,15.912465,468.926,42.747189737120
88.028189,15.914852,8904.574,108.57888905059
87.998630,15.912462,773.488,33.550604677915
88.038347,15.913004,1148.627,94.850437804700
88.222734,15.914870,5923.589,34.853918039536
88.153074,15.914742,4952.791,63.206726494493
88.216851,15.916828,21537.862,37.602841756011
88.174872,15.913481,918.616,90.934556483242
88.163322,15.916903,21880.140,131.87811046396
88.078973,15.914285,1479.226,29.633850064749
88.231514,15.916418,9434.331,42.842996585399
88.165121,15.915405,2100.851,32.165469340947
88.190903,15.917577,19044.774,203.27664475424
88.174319,15.918542,23909.370,160.31186978545
88.061712,15.915287,509.907,27.955282615597
88.229566,15.917267,4562.020,31.393920594000
88.142079,15.915871,1312.390,36.114074185321
88.126915,15.919853,41143.337,34.360623103753
88.139418,15.919665,38782.828,28.891711324557
88.179231,15.915903,560.875,29.837143135981
88.144339,15.916612,590.654,67.217848490974
88.064649,15.917488,1662.562,36.825751737130
88.123622,15.918925,2956.318,34.885428245415
88.114974,15.918165,1311.363,163.29844854848
88.171343,15.917820,742.785,30.753366480693
88.023783,15.920246,10085.669,31.552183198226
88.216480,15.919509,3072.293,30.563705877822
88.087710,15.919823,3141.613,30.827734822477
87.984929,15.922455,30756.061,45.147397322852
88.011530,15.919836,871.284,30.435316167050
88.135913,15.919903,1872.412,303.22343628497
88.192847,15.921407,3463.853,40.304076708466
88.081194,15.920527,1074.291,28.843815004118
88.200782,15.922103,4672.487,30.218789830855
88.183206,15.920565,478.825,25.636621420685
88.191443,15.926064,62059.518,24.845133875580
88.192389,15.923756,5984.020,150.17528296699
88.185346,15.922312,1223.001,36.948969265978
88.044506,15.921580,592.997,28.798936558540
88.219722,15.922110,533.548,32.717731442719
88.070097,15.922175,520.373,30.709010465298
88.204594,15.927297,28843.973,33.824370210742
88.035021,15.922527,1057.233,46.563957568979
88.019737,15.922602,835.452,28.183461605815
88.201573,15.923809,2795.878,27.372434580605
88.137612,15.923497,1676.118,37.790135030803
87.991690,15.923926,1705.815,35.067432185718
88.126791,15.924774,5836.939,40.012168384135
88.134209,15.923971,1196.933,30.521195631383
88.097234,15.923632,739.355,29.123854266022
88.017110,15.925245,3659.960,30.777081825584
88.185323,15.925245,3486.112,33.525344384596
88.220733,15.925718,3160.493,83.303216973865
88.143542,15.924526,912.655,130.04634477952
88.045030,15.924553,574.191,27.613933195795
87.998079,15.924958,789.619,27.237984231178
88.156676,15.925777,2455.143,40.779836342696
88.063655,15.928388,21094.546,29.584216954142
88.115841,15.929486,35301.426,38.351070281274
88.108248,15.925863,963.622,28.232744845723
88.076918,15.925252,511.120,28.887376595866
88.034876,15.926637,3436.243,169.80110314191
88.212788,15.926694,1924.538,38.420829861001
88.028722,15.927340,4097.467,31.306270903062
88.101705,15.926428,943.017,37.207408460195
88.013592,15.926318,468.591,28.716088620406
88.211836,15.929980,24903.056,154.33060996686
88.230508,15.928293,3623.090,32.569243920230
88.218788,15.928183,1922.887,29.435496414956
88.151689,15.930495,3426.864,94.537936759252
88.093832,15.929980,1261.232,40.190907751717
88.180028,15.933580,29769.948,32.547331816649
88.030042,15.930811,1680.582,29.822199204527
87.986643,15.931209,966.938,37.764810578225
88.116112,15.934802,15450.620,33.272439114502
88.025670,15.933093,4045.950,31.315110218570
88.019344,15.932027,550.722,34.272795510982
88.176825,15.932730,999.661,33.655737684830
88.063421,15.934195,2559.380,40.749215177826
88.154649,15.934685,2077.976,29.340442354453
88.049071,15.935592,1538.972,31.488140252294
88.181163,15.936052,1929.941,36.615311803485
88.080007,15.935709,1081.685,345.08165966557
88.077401,15.936692,2158.696,31.711388017901
88.235888,15.936329,826.120,36.111055472174
88.018289,15.936428,562.871,170.13877542400
88.071448,15.937667,3454.948,385.43208546148
88.046353,15.942418,75433.961,28.255691059481
88.225525,15.936936,1551.952,36.367270751252
87.984877,15.936980,1826.370,29.439881647612
88.117900,15.942139,34523.796,35.803570694627
87.995487,15.943303,66667.871,30.246316119697
88.223021,15.938605,845.744,28.342707961993
88.038050,15.939281,1423.514,66.052525863804
88.212870,15.939199,675.969,27.882154106670
88.186875,15.941564,2363.483,27.627213243528
88.088446,15.940786,515.542,30.871976541037
88.176356,15.941476,1414.284,27.696107819137
88.062107,15.943837,11186.565,28.950344126175
88.130378,15.942206,484.539,27.213600050807
88.142902,15.942160,543.860,111.90103608292
88.032623,15.943104,1126.744,32.081832954677
88.051547,15.942594,471.738,41.837364797122
88.230201,15.942993,903.045,34.524613928840
88.048906,15.943351,904.947,45.089369685471
88.057845,15.947057,27105.545,42.262639862641
88.181046,15.944355,1838.742,31.520370332343
87.997027,15.944732,2866.561,27.859534542068
88.006660,15.944100,2302.782,26.049250373619
88.136383,15.945799,6854.598,33.227129123783
88.189307,15.944949,3915.884,28.107192479301
88.011018,15.944186,857.379,34.733394363061
88.042829,15.944624,2090.598,32.257156320684
88.090555,15.944796,570.243,24.757471876014
88.072882,15.946034,3308.987,30.771264474276
88.141484,15.945241,888.520,26.934991898051
88.094488,15.946855,2672.207,27.119363487154
88.100621,15.946347,905.771,177.57278769415
87.986535,15.946258,625.658,26.315730428794
88.089151,15.946935,651.123,97.185756152282
88.156010,15.946966,713.449,36.985972009199
88.138573,15.946788,592.552,31.156630115960
88.148468,15.951200,27941.317,36.453253897842
88.112641,15.947257,543.426,40.230637608848
88.141701,15.949990,13329.116,30.000266482712
88.179621,15.949250,2923.567,30.542606600982
88.019193,15.947994,953.922,60.178716847916
88.225849,15.948832,1637.381,31.374148868561
88.099382,15.948176,756.328,40.817909017464
88.221260,15.948935,1565.215,27.757764574889
88.048290,15.949655,2035.556,51.595380555655
88.151918,15.950766,8573.521,29.773758620236
88.054763,15.949239,1076.470,40.157770651733
88.006640,15.950473,4589.808,52.482863665793
87.991483,15.950046,1327.177,31.314826779772
88.063287,15.951547,4984.811,32.609339215856
88.200447,15.950104,533.030,30.069266595452
88.162505,15.951789,3008.539,29.629818555966
87.988310,15.952617,7990.608,31.234760324622
88.090103,15.950706,515.823,30.432193878892
88.003937,15.951928,2780.103,96.307619300175
88.195451,15.950880,800.716,35.480614300267
88.040500,15.951458,719.392,31.356766470714
88.212596,15.951207,575.617,28.458944165974
88.143713,15.951739,1018.206,51.866567824435
88.177627,15.954263,15246.263,29.560276551754
88.181228,15.951854,1188.590,31.246672984350
88.207003,15.951522,591.803,39.982387564261
88.184214,15.951634,473.989,28.962579599574
88.098197,15.953621,3591.092,45.572720996849
88.139374,15.952498,505.100,32.324284023517
88.042861,15.951878,400.589,131.39440192414
88.153826,15.953947,3167.022,33.671430067661
88.090461,15.953457,1349.812,30.714160477998
88.195561,15.954548,4763.959,36.125582130268
88.127739,15.953047,456.154,30.665460526462
88.032817,15.956876,26600.640,50.751085605707
88.063905,15.953685,661.028,29.647283554784
88.157885,15.954511,781.387,37.915523560311
88.043471,15.955031,2898.826,40.776332982139
88.055073,15.955168,693.688,51.182610328112
88.190626,15.958526,5422.583,31.242426020498
88.172809,15.957063,578.378,30.797738222267
88.022264,15.958512,4667.730,30.704714937795
88.230652,15.958698,3290.977,27.632089336543
88.050303,15.959378,6823.360,33.724464387651
88.005477,15.958033,1336.728,32.073046977351
88.164244,15.958262,855.540,64.976524401670
88.166768,15.958645,964.076,31.512763992149
88.144542,15.958634,598.284,32.867404246529
88.067121,15.959797,1334.772,45.205277668286
87.983955,15.959199,533.986,58.730524141254
87.987963,15.961944,11015.843,29.222372878813
88.053563,15.959651,1000.718,36.666620149091
88.212524,15.960504,1915.660,60.844579946999
88.104412,15.961176,4301.996,152.68458694015
88.064877,15.961688,8502.282,32.364570316210
88.110880,15.960522,592.729,61.497851345242
88.230847,15.961515,2943.469,28.948836972669
88.109237,15.962563,9223.570,28.734666152355
88.218797,15.964566,24321.550,29.569186729466
88.096743,15.962118,3286.852,37.878611125290
88.032766,15.963146,7509.511,28.197121939867
88.170254,15.961715,1713.905,198.10256130046
88.004638,15.961252,627.516,30.392755043521
88.153612,15.962207,1723.159,43.226025858462
88.086134,15.963427,5463.996,29.077808286754
88.224360,15.962012,621.393,30.405601620381
88.194890,15.966859,34094.896,52.730005085231
88.143968,15.963144,772.265,33.500974722087
88.198150,15.965079,5852.628,31.593553616727
87.996330,15.963848,807.360,30.391558666807
88.060104,15.964313,1694.091,70.682869798427
88.179606,15.965600,6902.845,134.19057939250
88.134436,15.964758,2796.772,220.35064346795
88.035434,15.964250,1628.884,194.31322789697
88.081470,15.964792,1135.726,88.200600494158
88.090508,15.966885,12135.434,31.039088759054
88.034645,15.968363,28691.907,29.909856828562
88.163341,15.969707,39335.661,27.473131731433
88.179119,15.969556,30899.503,29.823499593621
88.044540,15.968758,15035.059,60.539110556315
88.021375,15.966852,1714.499,30.721629609414
88.027460,15.967573,1508.112,27.300289071864
88.057696,15.967092,586.781,30.612619076252
88.170767,15.967362,720.618,29.102450403260
88.184773,15.969222,6697.507,87.016105463143
88.140792,15.968426,1731.697,31.534958226090
88.032471,15.968429,1318.075,45.196217391780
88.049360,15.968191,877.927,37.608529316742
88.012003,15.968181,883.043,33.194812081182
88.172402,15.970896,15292.676,48.513624511869
88.081566,15.968543,742.298,206.04178085281
88.025244,15.968902,771.791,299.34418638610
87.983002,15.969898,3227.097,39.491951506620
88.057438,15.970019,2094.457,59.460732983936
88.197490,15.970764,5049.884,40.762982220185
88.088607,15.974850,36801.527,397.23823744117
88.061997,15.977830,70234.939,60.082871711943
88.216780,15.972128,3815.581,277.23192744970
88.166974,15.972857,7986.703,159.03610770536
88.027011,15.970991,1122.395,32.341331337931
88.145503,15.976153,70646.904,32.115391444097
88.119238,15.972877,9371.831,34.419339593861
88.127057,15.978196,46678.185,30.490335868242
88.038490,15.975051,30694.707,30.067120156051
88.137822,15.971866,859.845,35.155802692190
88.170477,15.973175,2524.233,31.012929856006
88.201334,15.972715,1712.674,29.880584566009
88.116348,15.972252,487.630,41.393334807491
88.190958,15.972321,588.761,33.226523821785
88.107934,15.973605,2199.335,30.961335841047
88.046995,15.973657,1253.057,53.872218079593
88.229779,15.973116,503.927,45.656181283021
88.016309,15.974495,3123.912,26.131962992810
88.029610,15.974045,1155.854,31.112693058999
88.031837,15.974370,1648.821,36.205922212448
88.076078,15.975059,2078.082,47.016722127559
88.031284,15.976118,5012.560,155.04878765525
88.094724,15.974637,605.518,33.932988778049
88.128500,15.975141,703.209,30.504083550828
88.002428,15.976366,3835.003,27.575351214767
88.147526,15.976656,1812.725,30.168328424640
88.169459,15.978870,23126.031,32.647899598462
88.066241,15.976056,1251.174,79.602923530186
88.194837,15.975941,817.359,35.726056686326
88.174794,15.975715,608.225,33.456975126299
87.989536,15.975627,540.667,35.179825782315
88.230698,15.976404,1607.905,38.652768817911
88.203197,15.978537,10691.831,32.525582955401
87.990256,15.977456,2216.174,56.075113626038
88.188774,15.977797,1822.996,320.26379619575
87.984536,15.977239,2098.669,34.216254510165
87.993128,15.977856,3081.937,28.685818562963
88.011027,15.977014,1039.072,30.995365085212
88.080349,15.976926,554.854,28.785117217478
88.201901,15.981452,47867.399,34.720632395125
88.098246,15.977391,724.302,32.591004186025
88.004897,15.977463,686.218,29.729466158586
88.216245,15.978144,1058.493,33.094842372119
88.221925,15.978126,555.593,151.19321206250
88.016303,15.978419,1994.544,40.745349554633
88.014367,15.977623,446.653,29.703826960242
88.119624,15.977999,683.520,51.983062100089
88.018947,15.979283,2088.848,156.28301402212
88.229487,15.981661,16723.269,26.495071453993
88.068506,15.981097,5109.696,28.671363423246
88.182220,15.979956,604.886,75.848849159856
88.173542,15.982106,8775.547,30.798795284539
88.037212,15.985115,27506.916,68.101816914985
88.092151,15.981439,1363.191,56.982487834799
88.195580,15.981804,1141.573,131.46266180989
88.155506,15.983408,9282.142,30.378784637394
88.126260,15.982576,1800.953,26.196129301389
88.081342,15.984237,9535.235,29.636090906069
88.068605,15.984151,10093.264,30.830556309785
87.991931,15.985258,21365.971,27.910325713275
88.014795,15.982694,921.746,250.86433573503
87.985199,15.981761,475.528,31.330339882893
88.078985,15.982970,847.181,26.814884318510
88.214639,15.983705,1282.763,29.228384452394
88.189956,15.983189,753.103,27.914328132784
88.118257,15.987856,47355.559,27.896865217956
88.006781,15.983797,543.357,32.568267197466
88.026169,15.983922,907.304,103.68623388300
88.224111,15.984016,628.450,29.192009347195
88.089081,15.985069,1103.315,304.53762556430
88.050033,15.986390,649.924,70.376960937745
88.221256,15.987110,2231.564,31.399983318145
88.182440,15.989529,16667.447,144.13337992826
88.055055,15.986931,943.407,80.754438621497
88.198821,15.991600,42663.439,33.283379794699
88.187594,15.990295,8608.505,29.326850752670
88.081679,15.989218,1330.443,81.419774923644
88.232121,15.991761,15957.307,39.432082963788
88.229442,15.991685,8312.662,44.213372376907
88.015476,15.989023,993.676,40.485687037542
88.001401,15.989530,1693.378,32.886951102510
88.143692,15.991698,14493.938,51.961083034215
88.166667,15.990059,3158.588,70.393038760770
88.127037,15.990880,4673.014,33.380117802829
88.201619,15.990846,2938.927,48.115327969956
88.092232,15.990806,2184.094,54.138151642405
88.056930,15.992516,4160.160,28.135245872856
88.165525,15.992910,7699.273,37.634395967571
88.105500,15.991020,1372.886,37.387292840519
88.066495,15.992669,6949.347,44.526713418216
88.014234,15.993320,7624.345,31.848411052344
88.171604,15.991607,1104.913,31.213920859487
88.157154,15.992311,2970.026,32.799845207307
88.005626,15.992844,3243.264,34.302071258553
87.983453,15.992568,3433.843,82.315120987894
88.141706,15.992192,693.047,383.04266591801
88.097112,15.992731,1198.010,33.250082683503
88.185298,15.992974,1210.274,38.316353556093
87.988405,15.993321,1514.725,32.398275958114
88.210594,15.995604,10274.493,30.070393806463
88.232056,15.998420,50768.442,31.003866236080
88.038280,15.993908,754.774,39.730413975255
88.166035,15.995628,2814.919,32.023791419824
88.186646,15.994597,1277.721,28.191926316565
88.193495,15.994752,1353.225,28.317671168939
88.024633,15.995224,1201.431,68.352229663207
88.220663,15.995630,2023.878,27.905061027130
88.164290,15.996323,2242.513,33.774853036723
88.153929,15.996537,1695.158,30.255952037303
88.215770,15.996184,515.195,76.793344073879
88.042810,15.998881,10989.378,25.544027241219
88.171202,15.996911,894.035,31.290973204714
88.053329,15.997455,1992.262,31.380173873019
88.144751,15.996820,541.535,27.343020527281
88.165295,15.999491,12886.689,535.77469547314
88.217745,15.997127,526.064,32.529433886851
88.064994,15.997187,723.423,57.108364142515
88.186711,15.997497,993.235,29.281129628736
88.195700,15.997776,634.845,28.637656716168
88.225207,16.002868,62782.430,28.522038398413
88.080167,15.998574,716.722,45.402104250397
88.214111,16.000312,6755.352,29.883520344833
88.228655,15.998641,556.417,30.721541760665
88.029900,15.999238,552.280,27.291073589251
88.208696,15.999847,1102.907,28.922163764744
88.142027,16.002161,5860.654,103.60567006323
88.026743,16.000894,1917.291,30.426556078321
88.050485,16.001066,2108.057,37.840588769573
88.094731,16.000040,632.288,62.319025250124
88.122988,16.001548,1915.239,122.27413425701
88.043423,16.004502,20707.769,28.662287508273
88.182426,16.001946,565.934,34.980635927128
88.208294,16.002864,2741.527,25.143698800543
88.020841,16.004387,10869.284,32.053261157726
87.992791,16.005188,27300.445,29.028294102201
88.117117,16.002824,1154.627,61.533972800394
88.084047,16.003692,2438.103,28.460500309061
88.090575,16.002617,859.366,27.546924765392
88.069030,16.003974,2866.864,27.675450643790
88.052157,16.003477,906.216,29.179077119161
88.133252,16.006011,9306.528,31.970823927497
88.054066,16.004302,1408.973,28.066960743478
88.115172,16.004027,487.279,""
88.004274,16.004730,863.276,""
88.168527,16.005341,675.371,""
88.104664,16.005805,575.501,""
88.107970,16.006063,561.366,""
