#mjd: 58897.016
#filter: r
#airmass: 1.429
#seeing: 1.27914969
#m5sigma: 19.6758
#exptime: 10.0
#night: ut200217
#ra dec flux fluxerror
88.049048,15.776461,18357.137,146.17448121529
88.216941,15.776717,9539.973,120.46339606733
88.167457,15.776440,2701.010,69.825419658754
88.206213,15.776854,8253.389,98.864074402821
88.045749,15.776632,4945.572,74.837956812794
88.020114,15.778273,16151.602,137.00714381921
88.227836,15.776882,2546.412,64.476613585562
88.007199,15.778954,40005.866,379.43883237155
88.157534,15.777342,2373.428,55.777754963320
88.142058,15.777686,1525.451,52.746933527355
88.054093,15.778336,2498.983,65.081483438790
88.241288,15.778364,3505.810,64.295426761399
88.050949,15.777950,1196.350,61.409014613038
88.056347,15.777907,774.214,54.637652923407
88.102828,15.778100,1016.602,56.134156114405
88.150094,15.779023,1453.981,50.396631739168
88.011991,15.780123,5085.357,69.562740409426
88.164356,15.781917,39755.053,339.92084723761
88.203979,15.779910,805.013,54.584969410587
88.233670,15.781214,2909.837,63.232475577950
88.000526,15.780944,3018.193,62.149858171760
88.222263,15.783971,91709.665,941.32829975260
88.147709,15.782034,2902.627,54.962534938509
88.200565,15.782017,4139.171,64.638293907768
88.155113,15.782088,1476.812,51.911116674226
88.068490,15.784220,39727.697,255.11415321864
88.122674,15.784417,8501.540,100.62078683197
88.071551,15.785754,3286.368,67.358531930534
88.012865,15.785818,54793.818,523.96962336712
88.194304,15.784280,986.085,51.673381472300
88.065402,15.785032,1679.498,60.250028155163
88.179699,15.785204,6207.447,71.652128833873
88.104771,15.785709,8560.284,96.351314374103
88.201610,15.785675,2224.305,58.239950416997
88.135234,15.785338,1264.241,53.460064560976
88.145295,15.787000,14535.406,133.38560440761
88.017980,15.787106,34511.296,333.01598507706
88.162706,15.786575,9140.806,89.860450282244
88.062030,15.785962,1497.677,55.013898386653
88.089562,15.786404,2279.995,65.193915130605
88.004259,15.786790,6235.045,85.761856201352
88.128489,15.786680,3761.722,60.251149633031
88.057733,15.787249,3852.142,66.713828548928
88.113007,15.787608,8242.503,83.500160069973
88.192960,15.788416,12375.749,83.416675497867
88.191137,15.787656,2620.347,83.424735950101
88.165646,15.787235,1208.971,52.461107356896
88.043671,15.787789,1310.131,55.260952581154
88.004065,15.790425,56407.241,635.23501357925
88.221201,15.789109,5444.246,80.294128282972
88.010057,15.788302,1176.435,56.359922033401
88.141189,15.790736,70481.243,537.01230380409
88.133894,15.789444,5174.417,65.726286571868
88.021127,15.789477,7047.194,77.690042552403
88.115594,15.788456,901.187,53.851607909247
88.150037,15.789555,1994.247,51.718520691721
88.147365,15.790341,2758.501,52.783037800204
88.247373,15.789947,1538.348,61.173477685134
88.096672,15.790327,1260.406,57.069540903833
88.230099,15.790361,1945.528,62.990887738583
88.123595,15.792307,11404.177,111.80053135362
88.218731,15.793528,14304.832,133.78313027898
88.059534,15.792484,3094.283,60.170683406205
88.161619,15.792243,2415.081,59.884692113321
88.019139,15.792501,2802.456,61.683548337241
88.082174,15.792523,1710.793,51.790475493902
88.188892,15.794637,12341.197,90.606829158008
88.114488,15.793767,1359.507,49.353586566578
88.172683,15.793998,1899.004,63.390032841147
88.118494,15.795072,5306.577,66.315308336256
88.224532,15.794550,1620.000,57.791497190603
88.192569,15.796135,32097.737,240.99299935799
88.100099,15.794070,798.159,75.286840435273
88.245845,15.794284,955.679,59.400129823518
88.175286,15.795739,5990.655,83.724830243282
88.083261,15.796832,13454.641,80.807806593023
88.081921,15.795520,1130.624,80.787500078585
88.006744,15.796300,6012.905,82.119444035489
88.169222,15.797127,2570.278,56.749650549941
88.189529,15.798347,4975.801,67.532104801918
88.151651,15.797410,1738.498,88.460018583416
88.151658,15.799287,15818.282,88.407857965395
88.120853,15.798394,4911.704,66.407277933367
88.071729,15.798059,2229.051,55.982733762108
88.126071,15.798061,1715.622,51.549157217019
88.159775,15.797445,942.888,48.885699597035
88.206363,15.798450,3846.923,65.153845547500
88.129965,15.799748,8992.499,90.877849641036
88.123739,15.798457,1199.154,52.209252567567
88.096910,15.800612,11153.522,90.308714686552
88.241383,15.799501,1244.086,58.367524877623
88.043900,15.800782,9262.616,73.689879645465
88.158654,15.801937,2509.236,66.257355761806
88.102169,15.802677,12741.927,92.886182846582
88.238859,15.802899,4989.234,72.068137301832
88.207788,15.802301,1752.152,62.031041480029
88.241110,15.802277,1664.716,54.663985952677
88.171518,15.802986,7156.619,68.976099509743
88.040203,15.803048,6308.829,66.272005012701
88.103078,15.805306,63341.975,350.33391275185
88.226044,15.803933,6277.694,69.470745619263
88.031214,15.803670,4446.284,57.775748030417
88.167374,15.803474,2007.339,57.732256951186
88.024902,15.805855,70111.667,496.61104036572
88.190463,15.803623,1207.845,53.457139090418
88.187097,15.806454,37854.732,252.67055412587
88.136657,15.804830,13774.518,104.84263285930
88.165147,15.804586,2626.740,60.783462992373
88.177160,15.805909,22861.025,163.79131088203
88.033555,15.804674,1560.819,45.870535342392
88.087929,15.804715,1352.013,55.975935049785
88.208191,15.806749,5577.729,62.517728892762
88.167094,15.805971,788.211,61.517877271828
88.190030,15.806214,1038.295,49.040931156828
88.129652,15.808191,39992.680,225.67364781325
88.143422,15.806857,2119.989,64.224948514461
88.001987,15.806460,1715.390,62.888478027838
88.242799,15.807413,2008.930,58.223575796151
88.006285,15.807454,2674.215,64.571755933837
88.099992,15.807229,2840.524,66.254274100880
88.008108,15.808775,17976.637,144.35729036824
88.097872,15.808518,15437.259,108.32259536364
88.171777,15.807722,1584.662,58.695494503279
88.157600,15.808182,2931.275,58.039344339610
88.016463,15.808837,8423.041,84.047886310765
88.067388,15.808483,2268.690,56.294875772610
88.227762,15.811717,144857.523,862.21048206135
88.160917,15.809851,15214.419,104.71146744215
88.193531,15.808640,1302.478,50.439679301078
88.226293,15.809313,1347.157,44.838667359997
88.102176,15.810102,9268.793,83.839678086641
88.107451,15.809665,1547.942,59.387609616223
88.121832,15.810714,12660.646,91.537297929736
88.155822,15.810114,1307.322,52.849527978287
88.206874,15.810722,2558.582,59.065831780103
88.038296,15.810291,1622.648,52.601364908451
88.037506,15.812273,1512.727,52.554381596794
88.087228,15.811518,2079.639,58.663867033118
88.231035,15.810783,737.096,49.471615691643
88.212853,15.812245,2510.220,53.440074274655
88.142695,15.813503,28246.858,177.42343361074
88.024429,15.813015,10325.389,96.951327222258
88.198707,15.811900,1110.399,48.028385390373
88.010945,15.813427,16573.147,171.95472466422
88.227586,15.814467,51108.019,300.20141499042
88.102365,15.812786,1756.478,62.708468533122
88.162370,15.814373,11237.731,76.744124287494
88.180631,15.814193,8360.500,76.153474396159
88.097222,15.812454,676.946,63.197147661659
88.050807,15.814688,12601.726,97.590425730049
88.166156,15.814647,10926.179,77.786508021021
88.168056,15.814236,1072.759,77.838300055878
88.175283,15.814567,13353.387,88.485916052156
88.171815,15.814810,5884.255,71.992178364773
88.170802,15.816569,4003.151,71.951888754690
88.046324,15.817243,86016.330,463.56768177189
88.229960,15.815439,2288.967,52.997915332089
88.204971,15.815642,3173.684,57.753052712689
88.079919,15.816970,33414.874,197.25463633369
88.104939,15.816484,15891.992,97.319642973638
88.040530,15.815572,1508.563,51.975544357287
88.153195,15.816046,2038.869,51.053083228286
88.002455,15.815760,1097.023,55.804286717294
88.093353,15.816274,3784.080,61.347532475632
88.077269,15.816409,1539.837,56.442356564398
88.088576,15.816110,1572.889,57.039697826353
88.157322,15.817267,5419.699,60.873562009816
88.160964,15.818546,22299.219,138.46470537246
88.074276,15.818047,3891.872,61.885522244719
88.183060,15.819437,13358.564,94.771529342689
88.245867,15.817458,872.209,57.409636781044
88.007498,15.819883,22228.877,168.19582241424
88.070730,15.819432,5728.050,69.258649561250
88.189053,15.819076,1893.871,51.232935345118
88.050754,15.819473,2993.557,63.542711346695
88.245549,15.821026,19182.508,131.23541342546
88.094362,15.819737,1546.867,56.642240302005
88.073031,15.821940,37254.967,214.29098396486
88.004978,15.820652,11592.587,121.16920358548
88.103258,15.820286,1371.870,53.904028657468
88.010346,15.821092,6156.989,86.841803093907
88.110781,15.821586,5133.068,56.044770789524
88.226979,15.820826,895.897,52.581103018708
88.123776,15.821577,3688.624,58.510606589155
88.198114,15.821775,960.268,51.134976992412
88.034836,15.822730,2982.214,60.287859272242
88.214216,15.822607,1828.902,58.506417331204
88.051102,15.822196,1106.472,57.351542493313
88.001958,15.822581,1095.480,59.961423901417
88.248077,15.824044,7124.150,78.706465472327
88.018350,15.823628,2950.061,68.639116124324
88.229215,15.824427,5916.142,67.438425826257
88.085346,15.823367,1022.782,47.872456634833
88.241441,15.824606,1710.519,61.081673004991
88.039176,15.825801,2257.381,58.137036183169
88.131141,15.825969,1769.788,51.640012112904
88.063864,15.826204,1882.228,57.845950808749
88.170030,15.826965,1090.444,58.038607035649
88.089256,15.827724,4502.398,54.613618360122
88.109031,15.827840,3383.412,58.968280586141
88.218096,15.828022,1500.210,62.476823727286
88.050183,15.828001,1735.911,55.520562782575
88.181722,15.829299,19026.252,86.232826659220
88.183329,15.830461,1739.372,86.215631525538
88.068805,15.828412,1063.596,64.708167054559
88.068602,15.830271,11041.874,64.722630822898
88.103435,15.828932,2115.291,58.660005310629
88.187426,15.829905,7320.217,69.892591903439
88.174881,15.829316,1781.162,60.542477550767
88.039934,15.829499,1135.633,51.623143808072
88.134316,15.830016,1712.063,55.963022657815
88.178178,15.830288,3765.563,60.732379791638
88.166277,15.831114,4126.241,64.000944635796
88.036127,15.831289,4933.168,61.660694195494
88.175085,15.832172,10238.143,84.028960055175
88.201555,15.832528,7277.917,69.890070667204
88.198500,15.832004,1016.566,54.034012519175
88.179485,15.832873,1056.765,60.351789312019
88.161500,15.833224,845.214,57.046428552278
88.168868,15.834104,1705.062,60.704570306452
88.057114,15.833525,1098.712,55.749709116111
88.023401,15.835224,5501.047,63.339608964850
88.036363,15.835319,4613.209,56.627754371562
88.105694,15.836075,22610.475,125.84460688286
88.181075,15.834608,843.968,59.964199617888
88.238765,15.835763,3613.538,62.145575685824
88.071252,15.835190,993.342,49.888170815504
88.223754,15.836457,5282.902,68.502345165516
88.210774,15.836885,6306.818,72.782199738141
88.195040,15.838179,23370.033,138.61748314049
88.101279,15.837439,5955.302,68.053686309712
88.012156,15.838179,11442.243,107.72701868187
88.049226,15.836751,793.631,52.384513458838
88.079484,15.839580,31765.288,132.88275062271
88.197223,15.838892,1266.934,55.004612640391
88.046177,15.839750,17033.677,108.78904990508
88.228385,15.838866,1022.497,50.981497782794
88.216067,15.839100,1588.011,53.392504753669
88.075317,15.841190,21956.155,88.414206437589
88.076551,15.842576,2824.141,88.565224846193
88.203326,15.840211,3790.887,60.881360961984
88.189640,15.839895,1235.485,53.999636727664
88.169927,15.840854,1315.177,52.408878738819
88.109502,15.840805,1594.894,56.488657681297
88.001707,15.842674,68825.241,619.29428999260
88.165610,15.841076,1712.978,55.535231226540
88.185370,15.841090,1479.992,57.821040388943
88.057699,15.841301,2759.296,63.850261123793
88.059430,15.842231,4161.936,63.868235698865
88.013916,15.841268,1805.082,59.696713124712
88.122481,15.843339,73683.904,396.42357867625
88.151867,15.840978,800.953,54.886896749996
88.052961,15.841775,1779.688,58.090125368571
88.211001,15.842013,1447.619,54.051000168271
88.024823,15.842585,5948.691,62.201089899560
88.218668,15.842431,1496.265,52.951230950548
88.143405,15.843006,5012.229,73.565156203037
88.068082,15.843812,18120.921,99.961442984856
88.234890,15.843271,2635.040,54.326749948225
88.036143,15.844375,25352.637,178.57449895670
88.240900,15.843107,1739.157,56.208413869204
88.119172,15.843612,2122.652,52.765697436710
88.132837,15.844064,10016.472,81.549369349402
88.181195,15.844118,3950.956,60.631815757158
88.051078,15.845240,7774.487,69.882823186518
88.104175,15.845808,4870.716,73.262284866471
88.047144,15.846524,3419.734,56.798891457805
88.093165,15.845922,1001.170,56.678428220133
88.080035,15.846329,1954.775,58.497388808888
88.169877,15.846698,5226.442,58.364741564939
88.144454,15.847031,2020.297,57.621134860500
88.053979,15.847436,2141.187,59.031266416563
88.132025,15.848854,20547.975,121.44135735853
88.147917,15.848660,6145.693,57.096191031482
88.148860,15.850547,846.527,57.093789895569
88.158883,15.848681,2926.525,52.657110843680
88.012454,15.848943,5792.031,76.765737547796
88.152042,15.848943,2709.461,54.904272175241
88.246215,15.849229,5522.750,64.083994880423
88.129968,15.852060,100591.476,496.66163419333
88.027521,15.850999,15652.858,108.98044824477
88.199581,15.850262,2042.400,52.475190303076
88.219304,15.850062,1879.053,55.160942117582
88.098109,15.850229,2558.539,58.740407334574
88.184961,15.850088,1369.351,49.433008883470
88.001657,15.850260,2699.277,60.538265043368
88.091539,15.850870,1912.007,66.665779861544
88.174226,15.851293,2945.755,67.069511056793
88.225732,15.853781,56187.704,342.49923836125
88.212844,15.852658,1204.958,58.260817232892
88.147129,15.853100,2761.685,57.865100930912
88.017617,15.853124,3660.943,69.264650206295
88.183293,15.853530,3427.202,48.947539388610
88.162989,15.853802,1283.492,51.254735348019
88.071769,15.855372,28907.976,165.85013207588
88.045793,15.853965,1192.823,56.793060010449
88.086337,15.854576,7578.178,71.431903964812
88.144759,15.853357,680.081,53.253344590372
88.179096,15.854152,1917.105,57.002864512562
88.014522,15.854199,1987.656,64.232189122851
88.140478,15.855194,6860.297,67.335702144765
88.136089,15.854913,2088.382,52.823925208395
88.175677,15.856055,8034.409,76.187431055995
88.177768,15.856577,7899.307,76.183459109231
88.124853,15.855645,1733.426,53.806537289936
88.127676,15.855722,1717.040,49.267917882274
88.207532,15.855710,2594.153,63.402843766500
88.096653,15.856274,4013.200,65.791065501279
88.075623,15.857810,75513.759,342.22800559738
88.166479,15.857420,12061.695,89.481687122178
88.003587,15.857065,6419.774,90.378033180906
88.100745,15.856780,2694.621,54.972142547403
88.026287,15.857124,3756.901,64.685435068177
88.020675,15.860489,62249.979,452.22794040434
88.080517,15.858973,12596.260,75.564183758705
88.037625,15.857733,1018.240,53.263336720086
88.034416,15.859381,21227.668,140.85385307128
88.108437,15.859359,13099.227,105.27381806584
88.040936,15.859751,22583.435,140.55499454470
88.032114,15.859347,8679.617,74.898026329577
88.030474,15.860810,5438.828,74.992039527321
88.177619,15.859005,1039.239,52.922599377272
88.020931,15.862690,50821.335,378.63080714267
88.139163,15.859995,1568.215,60.062253484483
88.141089,15.861075,3456.064,60.091921366150
88.232084,15.860648,4760.870,63.226992047943
88.122665,15.860253,1614.808,48.969544498623
88.151738,15.862233,40875.649,265.34118667455
88.099364,15.861333,4215.774,62.022289818388
88.220401,15.861628,4862.127,72.382330992616
88.126927,15.861413,3115.075,50.843426260459
88.217597,15.861328,1204.160,60.907637542960
88.050399,15.863654,4558.971,52.812872990995
88.239062,15.863258,999.139,60.411439837493
88.082289,15.864214,3960.235,54.068468126307
88.179512,15.866313,24650.217,113.36321783273
88.031984,15.864238,3758.653,62.621402635426
88.230228,15.865294,2070.490,58.926214015868
88.198114,15.865237,1894.706,53.074252549343
88.013919,15.865085,894.634,59.201996824345
88.018746,15.866582,2690.146,63.317415868501
88.244885,15.868116,12083.658,98.957212429504
88.165931,15.867506,1950.176,56.334223870426
88.163013,15.867756,2975.364,55.649775915675
88.175943,15.867669,3557.600,62.058884131633
88.174015,15.868635,930.008,62.112946480652
88.029596,15.869211,8961.494,94.231037445395
88.133761,15.869441,6129.952,68.375425873618
88.198082,15.871694,71492.995,361.37521142293
88.146823,15.870268,2155.063,61.598535083434
88.141716,15.870557,5640.844,70.393226850598
88.117016,15.870155,1805.220,51.846467755287
88.229081,15.871704,11509.749,77.107838394218
88.149580,15.871636,2699.913,63.998524116589
88.223985,15.871378,2070.989,61.041389662524
88.063869,15.873732,43874.598,305.78655866671
88.105586,15.871574,998.440,58.451539434643
88.232899,15.872767,10648.803,74.256243336776
88.034344,15.871774,1290.088,53.825956884048
88.205321,15.873786,2118.538,57.183655266296
88.125959,15.873243,3006.950,60.346305667432
88.027379,15.873146,1574.587,58.054441867164
88.220504,15.874964,51070.734,281.05545043487
88.029584,15.874731,29041.703,214.25814344490
88.166513,15.873809,1213.605,51.326428657103
88.003281,15.873999,1295.853,50.973484895643
88.214066,15.874828,2028.903,53.097754450914
88.078688,15.876805,16501.332,134.19390511830
88.062781,15.875674,1001.303,65.153240683005
88.182798,15.875266,806.501,57.359668886833
88.104886,15.876672,6141.564,78.877976722351
88.217075,15.875754,754.268,54.445232284270
88.119925,15.877643,1599.853,54.930068392661
88.230938,15.877610,1837.565,49.076276910005
88.084323,15.879932,19903.076,123.82731670762
88.137304,15.879458,1999.465,58.947331894440
88.245318,15.879568,2681.710,59.09432931743
88.135086,15.880415,2051.364,59.210187919609
88.034345,15.880447,3426.939,64.785537182939
88.124234,15.880212,1607.064,54.084472732245
88.057688,15.880559,1925.360,60.793760913520
88.079367,15.881198,3336.251,54.611516174872
88.194098,15.880595,1269.974,46.928994080741
88.111661,15.882218,14423.276,92.866642849298
88.229987,15.881437,953.920,47.359384549046
88.183376,15.882559,8862.219,71.554092826557
88.019530,15.882221,3970.327,68.956957265840
88.128793,15.882074,958.618,53.097893082665
88.123789,15.882837,3298.583,54.596525936822
88.122963,15.884761,1851.737,54.670643233896
88.046217,15.885557,51275.479,366.91447283388
88.016552,15.883466,1340.598,56.538873852775
88.102360,15.883889,2642.857,60.268644634156
88.057589,15.884572,4216.421,65.947256946096
88.034164,15.884354,1903.827,57.544628725957
88.073789,15.884396,1059.817,50.104713144684
88.154283,15.884500,1510.146,58.697119989046
88.231859,15.885923,11976.126,110.59988193934
88.146001,15.885242,2165.389,55.758810607308
88.171928,15.885561,4893.409,68.296887303613
88.174099,15.885486,7065.761,68.321665491267
88.241931,15.885182,1649.317,57.536928409721
88.082553,15.887064,35840.109,191.42488522173
88.019027,15.885658,4747.402,74.875739270320
88.084372,15.885744,1677.831,54.212651382024
88.089879,15.885748,1393.309,54.465362130832
88.004296,15.885763,1218.285,56.308222998763
88.076654,15.888007,60717.953,320.70180680275
88.127851,15.886610,1995.756,49.848505406102
88.236378,15.888156,29414.665,149.63265663406
88.238379,15.888996,890.509,149.62285973877
88.087720,15.886997,2068.731,47.433727119564
88.243672,15.886652,1018.985,52.712202790723
88.142612,15.888003,8344.462,66.762068192782
88.002180,15.887106,1267.765,59.400305118520
88.186132,15.888476,4321.214,61.888220801348
88.229581,15.888454,3027.353,66.698098416071
88.170794,15.888309,1809.304,53.158044531486
88.132993,15.888757,2011.878,55.036885935068
88.069544,15.888256,1067.021,55.427362350764
88.046146,15.888495,963.351,49.759435886728
88.130381,15.889114,1950.263,51.629770861625
88.193104,15.889718,2690.583,54.345843144409
88.062738,15.889288,1331.729,59.098786979869
88.148815,15.890157,2922.444,58.949509410833
88.084585,15.889362,6951.173,539.13373307588
88.066157,15.890874,2644.480,57.618953439005
88.229853,15.891443,1564.564,59.000672396481
88.105447,15.891968,6437.790,78.135196021017
88.237346,15.891463,1671.157,55.440045052162
88.032690,15.892125,2204.100,62.690914572904
88.046729,15.893061,15077.197,145.09694942073
88.109614,15.891880,1226.510,57.881843621881
88.085995,15.892389,1055.551,49.761999972196
88.194217,15.892462,1753.973,51.685944335754
88.209362,15.892912,1384.176,58.660097741598
88.162183,15.893465,2077.275,76.807049250500
88.164182,15.893731,989.630,76.812345027515
88.162880,15.895451,14371.387,76.842984394667
88.241749,15.894281,8020.613,81.730189903724
88.169728,15.894001,1100.704,61.075715266265
88.132735,15.894548,2029.149,59.887118180910
88.076544,15.896549,62166.678,399.23520413171
88.028435,15.895441,10574.923,105.09900083257
88.190268,15.896017,5306.506,66.943877763831
88.010011,15.896275,2898.667,59.195316858769
88.208600,15.896628,5855.669,75.525271469244
88.060852,15.896221,1064.098,56.265056879827
88.197978,15.897159,5851.980,64.376009139213
88.102063,15.898610,15007.926,152.23080355655
88.233706,15.897548,1685.893,60.390115710745
88.106650,15.897859,5391.446,73.046853754995
88.095908,15.898605,1435.488,57.457458560565
88.125306,15.899316,3502.924,61.024849470598
88.043092,15.899156,3418.503,52.117570018752
88.203472,15.898979,1451.026,53.838503055205
88.241463,15.900074,6964.163,70.602303793892
88.183840,15.901077,20260.826,147.02746548539
88.020850,15.901044,9328.700,74.282313797579
88.229192,15.901080,2866.373,63.494495933919
88.209357,15.902136,11918.275,93.672044957480
88.163228,15.901355,1201.585,57.414673074664
88.014202,15.903846,101412.691,740.73251845462
88.219537,15.901745,2273.734,57.731484812726
88.154694,15.901765,2130.118,67.797304213985
88.205804,15.902058,1705.093,55.660124667491
88.217709,15.904101,47499.715,272.31173010808
88.035213,15.902013,1360.748,54.668198090097
88.244320,15.901998,1270.847,64.668224904304
88.091150,15.903290,4057.965,60.223570234484
88.246862,15.903663,5881.476,73.425319095605
88.198291,15.904704,15238.619,89.641871110979
88.233641,15.905418,17709.628,107.06685750915
88.235273,15.906421,813.187,107.12702701011
88.017950,15.904724,4127.287,55.269891667324
88.027246,15.903873,860.261,56.092675164291
88.214167,15.904652,2576.289,62.511958969749
88.076818,15.906003,23528.057,186.50827810184
88.240904,15.905422,3633.522,61.179936823115
88.207547,15.905455,3477.026,58.786844148427
88.139109,15.905001,1439.378,54.755173392490
88.225069,15.905583,3009.034,53.607508845589
88.142456,15.906344,16072.994,106.94488153310
88.136658,15.905551,2790.013,62.011124781253
88.013708,15.906230,7434.127,81.892195452972
88.159447,15.905390,923.437,58.240804308324
88.166904,15.907958,6539.231,64.078355876712
88.202289,15.908673,15252.674,90.343823774645
88.117874,15.909646,36555.989,182.79629286708
88.119790,15.909244,4272.657,182.68090631923
88.018344,15.908555,1802.900,57.618907870614
88.096132,15.910604,18153.436,149.17884899657
88.227913,15.910294,4219.789,64.038721239125
88.173310,15.909998,1867.715,59.223664541299
88.148951,15.910166,3219.568,63.495889037830
88.161098,15.910773,4734.250,59.717924012019
88.089311,15.910393,997.599,59.470090985191
88.233260,15.911113,1761.170,59.937721058398
88.084102,15.911887,5706.494,70.697233652623
88.066203,15.911396,3733.653,67.849921050003
88.227963,15.912646,3718.930,55.893937531161
88.050671,15.912150,1150.150,61.335993757734
88.179888,15.912534,859.141,51.521572045582
88.038378,15.912997,1332.862,60.606627841196
88.110414,15.915312,47063.832,286.66518145999
88.174822,15.913499,1504.351,59.590829099511
88.222720,15.914866,9096.230,85.688237315861
88.028198,15.914866,12824.079,95.281853195540
88.153071,15.914733,7009.061,70.677254912684
88.176034,15.915919,27053.124,160.52693005167
88.078981,15.914301,1835.556,65.985826532175
88.216845,15.916815,31777.299,185.58642164837
88.163308,15.916891,31824.110,153.60034249606
88.231506,15.916401,14214.220,84.743957138163
88.229555,15.917235,6880.253,84.774131222832
88.165112,15.915391,2983.707,59.324297525675
88.142059,15.915836,1982.205,58.540145786237
88.190894,15.917552,27637.044,122.79336959056
88.061735,15.915319,798.116,64.526200986443
88.179304,15.915858,974.065,55.122543266244
88.144319,15.916584,932.005,56.168317690656
88.174313,15.918519,34394.216,166.90451887451
88.064624,15.917490,2342.714,63.542759371216
88.139414,15.919646,54328.744,314.21195449038
88.171353,15.917820,1069.654,49.334437321879
88.126912,15.919835,58289.274,248.42757064615
88.123616,15.918919,4534.515,64.966859170422
88.114980,15.918147,1828.084,54.777277637924
88.216486,15.919469,4499.910,63.387205539501
88.023799,15.920256,14700.877,118.45514966985
88.087712,15.919825,4215.144,57.957392314814
88.135888,15.919878,2548.945,56.320019362116
88.011570,15.919829,1080.497,60.395057620165
88.081230,15.920552,1480.493,53.358064377846
88.192841,15.921395,4946.716,53.938016905947
88.200787,15.922108,6823.600,67.846288749000
88.201561,15.923783,4039.738,67.880842094012
88.090614,15.921332,1190.995,52.214245509894
88.185324,15.922300,1873.176,59.277088286933
88.192380,15.923732,8232.631,74.123638591041
88.035044,15.922546,1331.688,57.424871539793
88.019774,15.922642,1361.087,61.836911288868
88.137628,15.923479,2331.598,58.503671244701
88.248284,15.924903,16278.084,138.71302119088
88.126787,15.924751,7994.851,66.104705934885
88.097223,15.923612,1021.302,55.063048187571
88.191421,15.926047,86156.165,477.53689911461
88.134239,15.923946,1832.447,58.584903884223
88.243810,15.925245,4816.751,73.593810670794
88.185311,15.925225,4797.472,60.660576193258
88.017122,15.925271,5377.553,71.490796099689
88.220727,15.925705,4726.535,74.335035761511
88.143566,15.924515,1164.769,57.764642318909
88.156665,15.925764,3441.664,57.054523975133
88.083604,15.927156,31586.204,178.34451119831
88.108248,15.925834,1495.286,54.760955835124
88.034878,15.926637,4755.810,68.145643328612
88.212777,15.926680,2901.914,64.311036477066
88.101728,15.926448,1447.342,56.008179113027
88.063648,15.928384,29641.004,191.48473678929
88.028736,15.927339,5713.533,74.955785409689
88.241427,15.927445,3706.097,63.855944430942
88.240529,15.929133,2185.790,63.895819959977
88.115826,15.929469,50671.736,238.42350843464
88.218780,15.928195,3036.300,68.124344881207
88.211829,15.929963,36422.181,173.05825415307
88.232874,15.930806,42482.719,283.99525239718
88.151679,15.930487,4893.556,61.539940110846
88.093847,15.929981,1955.669,57.919434081103
88.030044,15.930820,2543.118,58.199294589598
88.180020,15.933569,41204.975,227.30887819934
88.025683,15.933113,6109.638,72.672298385987
88.176803,15.932712,1598.356,54.686396732731
88.118282,15.932702,1478.828,56.931448507256
88.116100,15.934801,21081.717,116.44548584601
88.063416,15.934183,3616.038,64.978499570653
88.154636,15.934662,3025.463,59.128064931968
88.049033,15.935600,2095.175,57.702113485747
88.079982,15.935746,1500.841,61.155959318130
88.181172,15.936045,2585.371,62.119417261479
88.235858,15.936345,1218.334,58.791487528036
88.077409,15.936687,2923.502,69.538406130953
88.225525,15.936914,2115.193,53.838637455154
88.071446,15.937662,4686.517,79.239013718822
88.240378,15.937460,1689.572,59.383949151356
88.246499,15.938432,2492.074,61.354649987330
88.223051,15.938603,1266.063,54.808304086223
88.038051,15.939286,1999.991,59.537938844144
88.046366,15.942385,107629.685,573.98647213709
88.117888,15.942129,48131.059,299.84560514030
88.176333,15.941449,2111.633,52.699117387564
88.186885,15.941544,3458.325,50.544489316663
88.062102,15.943836,15653.365,127.44586241087
88.243554,15.942862,1409.190,58.530191176338
88.032620,15.943111,1684.752,63.618048551136
88.230195,15.942984,1413.913,51.870451269957
88.082492,15.943815,2629.776,103.00846082378
88.048934,15.943375,1221.640,59.150755407423
88.006673,15.944124,3168.428,57.849580323431
88.181040,15.944316,2514.042,63.027390834542
88.239330,15.945290,6335.941,63.879136236710
88.189303,15.944966,5597.857,59.395181103260
88.042817,15.944638,2974.384,64.752664073243
88.011029,15.944229,1544.316,55.962681558429
88.136371,15.945791,9073.344,77.282507259337
88.057837,15.947062,38518.205,254.91395911255
88.072882,15.946039,4685.688,70.063770155145
88.141498,15.945289,1191.431,58.336946148399
88.100629,15.946363,1401.742,58.944633970200
88.094482,15.946848,3855.852,60.809012435478
88.156011,15.946993,1057.108,52.138574301645
88.019182,15.948027,1352.187,61.721343732590
88.225856,15.948806,2558.831,64.054231310921
88.221284,15.948923,2246.368,53.349196960943
88.179634,15.949250,4056.198,58.603407430363
88.244739,15.950490,66454.831,542.28463501469
88.141695,15.949988,18396.301,94.157166746578
88.054737,15.949236,1592.644,64.140531948309
88.048280,15.949645,3149.394,54.685603011165
88.148451,15.951186,37507.054,201.85011011508
88.151903,15.950756,11375.195,87.885437147595
88.006651,15.950492,6801.791,89.536552614962
88.063283,15.951562,6923.776,87.384493538521
88.195408,15.950876,949.181,47.236844942615
88.162519,15.951810,4156.118,53.309550001166
88.003941,15.951954,4071.538,69.393866417436
88.143721,15.951745,1285.004,58.265625274387
88.181218,15.951848,1725.047,58.236483143362
88.206990,15.951506,836.731,62.484357294418
88.098169,15.953620,5026.283,81.642498006302
88.177614,15.954251,20723.954,111.49255948736
88.153813,15.953936,4233.245,56.790318879763
88.090469,15.953432,2092.791,50.437451031129
88.195551,15.954523,7152.048,63.184741309040
88.157873,15.954510,1080.998,50.862255474455
88.043481,15.955030,3883.995,61.854763750283
88.032810,15.956879,39480.559,294.76886251867
88.055067,15.955157,1095.764,53.004358157709
88.172827,15.957063,871.972,54.323484098376
88.190620,15.958525,7899.157,68.420799671669
88.005472,15.958023,1717.174,61.667716723740
88.022264,15.958525,6796.352,81.032978168715
88.230641,15.958689,5263.980,65.416379668869
88.164285,15.958243,1078.424,56.092804079982
88.050316,15.959390,10022.156,73.700644774290
88.166758,15.958671,1460.260,57.736560494490
88.067091,15.959849,1996.104,62.474818045803
88.053570,15.959636,1360.117,58.787562673015
88.212518,15.960497,2685.423,65.873687324423
88.110854,15.960479,936.386,57.124132391881
88.104398,15.961166,5771.990,78.584469300197
88.064870,15.961692,12721.071,86.008771782277
88.230857,15.961510,4606.133,63.251256795084
88.170261,15.961702,2451.631,63.311109460452
88.096742,15.962105,4609.593,64.267539013663
88.109236,15.962563,12745.070,92.120075017856
88.004646,15.961247,937.932,59.414506686763
88.153611,15.962203,2391.245,58.734870294729
88.032755,15.963159,10934.171,103.69402454639
88.086111,15.963401,7391.365,82.676769354658
88.218798,15.964567,37170.094,247.89247082944
88.143936,15.963153,944.322,58.623753038145
88.035436,15.964268,2257.663,62.656408038961
88.060080,15.964324,2748.100,60.154161116704
88.134395,15.964755,3869.952,62.812018354669
88.198147,15.965065,8112.251,71.140807194614
88.179587,15.965573,9535.744,81.370449549747
88.081469,15.964766,1552.285,58.220836671195
88.090493,15.966877,17415.095,121.28947444296
88.194884,15.966837,47696.009,225.32206801815
88.034641,15.968381,42460.465,213.87390865103
88.032453,15.968484,2010.233,213.85071548738
88.021393,15.966858,2580.987,63.288408189742
88.029540,15.966325,770.543,54.384131357097
88.248243,15.967224,2563.590,67.174473133358
88.044540,15.968769,22783.901,130.33055179533
88.027466,15.967598,2286.682,58.079547262765
88.179104,15.969522,43694.241,211.90846350323
88.163319,15.969661,53545.262,262.07944702955
88.170742,15.967340,1078.453,56.599728701949
88.140781,15.968390,2206.488,68.165557440955
88.184760,15.969193,9440.094,73.450718406952
88.049356,15.968220,1369.986,58.542356997047
88.011998,15.968162,1257.018,59.097589152328
88.081563,15.968550,985.814,55.055205247466
88.025227,15.968904,1215.698,65.342084396467
88.172376,15.970854,20841.217,105.22737859598
88.057413,15.970031,3182.233,60.395565891446
88.197496,15.970737,7198.782,63.980156789907
88.008921,15.970040,1063.894,54.408267440417
88.008224,15.971726,2298.996,54.403464936085
88.246867,15.972039,45730.600,531.58787710588
88.027015,15.970999,1720.756,61.062633419174
88.216770,15.972091,5874.455,68.489405321280
88.166952,15.972801,10643.514,73.913783161970
88.119225,15.972860,12833.526,93.898441286580
88.137829,15.971835,1360.682,64.433127333999
88.077699,15.973331,9177.632,213.11623819803
88.079291,15.974704,71803.803,212.94309268653
88.078818,15.976611,18123.125,212.95376931177
88.201346,15.972706,2611.986,57.178923986742
88.240451,15.973951,19394.723,216.45875111272
88.170456,15.973111,3314.520,62.003698457839
88.088575,15.974851,50578.909,288.43507136408
88.107935,15.973593,3063.853,64.132056647073
88.038480,15.975055,45650.953,273.57887983503
88.145489,15.976122,95108.973,303.21194619091
88.147563,15.976654,2469.765,303.19442097319
88.047020,15.973676,1894.873,58.715511871268
88.029603,15.974061,1717.882,72.635029615186
88.031835,15.974390,2196.863,72.679341837869
88.031281,15.976140,7652.081,72.659030787803
88.016319,15.974537,4906.902,77.607933103079
88.173797,15.974191,802.181,59.019117280996
88.061994,15.977787,99153.161,303.78116971979
88.061738,15.979865,2358.918,303.61834320928
88.128528,15.975104,904.151,61.022693862706
88.126961,15.978027,62843.230,377.46978337044
88.230725,15.976383,2734.669,59.791384657100
88.194838,15.975862,1289.391,57.124414991884
88.002426,15.976388,5684.666,84.630790887934
88.066243,15.976077,1696.039,63.755390496050
88.242923,15.977155,5594.571,84.945337507647
88.169434,15.978835,31225.264,161.34207462680
88.011024,15.977053,1629.135,57.614000140704
88.203209,15.978506,15914.160,96.603350687812
88.247870,15.976958,1531.700,56.560248261569
88.188771,15.977775,2620.867,59.467567941048
88.004909,15.977469,1123.630,58.631058468237
88.014330,15.977683,904.667,61.107236031799
88.016302,15.978454,2560.727,61.152836710729
88.216258,15.978124,2107.754,58.565283086214
88.239506,15.978545,3152.953,61.395160628201
88.221949,15.978114,967.382,51.449640486354
88.018945,15.979299,2947.948,70.226848119411
88.201901,15.981431,69390.330,312.38267079782
88.229489,15.981628,25664.726,246.54413594053
88.068472,15.981115,7500.146,68.387293266117
88.173522,15.982072,11978.134,76.137150518574
88.092135,15.981456,2087.863,53.715247585055
88.195578,15.981753,1813.703,56.503110221248
88.155480,15.983370,12581.089,105.47658201010
88.126258,15.982594,2336.349,57.798766742708
88.014806,15.982721,1349.916,62.140839221553
88.068585,15.984158,14993.283,87.182176468553
88.081319,15.984243,13163.765,81.135438865246
88.079016,15.982980,1248.222,48.357789325101
88.037194,15.985125,40227.661,242.75720197174
88.189950,15.983124,1001.007,49.799961459844
88.214687,15.983660,1890.864,54.738909112713
88.026174,15.983928,1421.100,63.307046599726
88.170298,15.985308,3740.885,65.667718996530
88.089061,15.985060,1853.639,57.068851033699
88.118233,15.987843,63702.577,366.60819042128
88.216213,15.987441,3082.587,69.708236707269
88.221264,15.987096,3340.012,64.454132070941
88.055043,15.986958,1505.444,59.330912943972
88.182424,15.989488,23653.987,120.52983632537
88.166647,15.990005,4573.962,63.425929273239
88.081672,15.989212,1832.553,51.744095190762
88.001411,15.989575,2632.258,62.318201239998
88.187585,15.990253,12460.104,80.993452400179
88.015474,15.989056,1288.540,61.110437355065
88.198825,15.991559,62115.030,280.63370006442
88.127017,15.990852,6174.344,64.583002084747
88.201638,15.990817,4501.402,57.441796689320
88.143662,15.991662,18298.708,88.978624502272
88.141711,15.992070,993.054,88.986491500327
88.229461,15.991661,13320.427,133.22562495033
88.232141,15.991749,25436.443,259.73485632996
88.092212,15.990802,2988.931,59.204036984810
88.105490,15.991005,1890.450,60.091371194807
88.171596,15.991541,1490.534,62.194711433719
88.056929,15.992522,5979.409,72.567698142818
88.157121,15.992274,3911.639,58.413397168800
88.066475,15.992678,9915.985,81.815910407952
88.165504,15.992867,10402.425,81.898562327949
88.014226,15.993344,11068.214,109.77047980863
88.005631,15.992858,5121.782,69.601136618120
88.247045,15.993509,8873.548,119.96977299858
88.097110,15.992760,1573.825,59.333950524001
88.185301,15.992943,2040.415,56.805687246694
88.186641,15.994572,1807.375,56.791004462563
88.038323,15.993908,1025.613,56.365666605569
88.210602,15.995580,15551.276,112.07956920244
88.193543,15.994714,1941.730,55.021133173256
88.024637,15.995247,1747.480,62.039175428109
88.166026,15.995570,4108.485,61.159252538959
88.164263,15.996285,3217.434,61.173183953341
88.220680,15.995596,3088.307,62.534552222429
88.232019,15.998419,80113.850,689.43066646229
88.153887,15.996508,2234.082,60.373591294207
88.239459,15.997194,4737.974,84.695863610652
88.171224,15.996870,1171.792,60.213166803530
88.053321,15.997446,2907.489,56.949028266191
88.064967,15.997203,1053.906,52.085702500636
88.186728,15.997484,1512.006,58.635241946935
88.042783,15.998889,15763.109,99.880113701422
88.195757,15.997722,929.600,53.211701144119
88.165270,15.999466,17505.428,117.34808620168
88.080168,15.998534,1212.210,62.213643707803
88.228633,15.998685,1032.284,55.287189797016
88.214124,16.000287,10602.639,112.68529619057
88.208712,15.999823,1790.389,64.750094166551
88.225223,16.002866,97130.144,903.63136628974
88.050492,16.001076,2905.611,57.280961137624
88.026737,16.000902,2748.034,66.233466005665
88.122962,16.001527,2691.292,58.180906619942
88.141983,16.002128,7896.495,87.341892853344
88.182409,16.001985,878.261,68.455777680696
88.208304,16.002857,4015.773,69.876610803872
88.090551,16.002580,1293.686,58.101968490857
88.117097,16.002803,1621.190,55.646917419862
88.043410,16.004520,29677.437,178.10928516752
88.084027,16.003682,3641.103,66.238967140489
88.020837,16.004406,16026.213,133.68056886966
88.069040,16.003979,3842.580,63.162738123351
88.052180,16.003493,1123.859,60.716201475570
88.054042,16.004297,2036.059,60.686452390807
88.224540,16.006211,45272.013,407.53582958340
88.196138,16.006380,68059.201,292.36189936241
88.004275,16.004758,1393.279,62.570368550615
88.133209,16.005958,12519.515,107.52620237113
88.168553,16.005345,921.528,59.336790675036
88.216336,16.006814,18895.030,114.86271274720
88.214790,16.008017,1374.075,114.85192704508
88.104638,16.005793,1049.683,64.647124727040
88.062621,16.007977,25083.291,149.09776525503
88.239327,16.007342,5732.134,77.382457051446
88.198395,16.007304,2900.438,58.117470250233
88.034408,16.006941,3945.045,67.898850754020
88.060610,16.008978,42876.661,223.17940763215
88.245837,16.006621,1311.170,58.095388542075
88.037523,16.007185,2141.181,61.910027113583
88.065884,16.007923,5628.096,71.462158962407
88.203721,16.007285,1422.011,58.837894360858
88.176846,16.007120,753.945,51.878219731455
88.024239,16.008760,10662.419,106.36543469005
88.187173,16.010605,49260.962,212.48428763361
88.160439,16.008853,2693.160,60.930890199169
88.172232,16.009395,2864.930,61.707094619337
88.154762,16.008782,1908.686,55.026857768931
88.078375,16.009735,9292.515,70.662488798753
88.047372,16.009636,3781.476,58.487143693140
88.236843,16.009643,3473.007,65.132209063237
88.112142,16.009039,1130.365,56.378588783020
88.098826,16.009169,1279.104,63.612863747832
88.118447,16.010677,2559.227,58.016988439093
88.028520,16.011350,7796.241,91.369485783710
88.075186,16.010554,2302.406,63.036102320159
88.045714,16.011648,9249.042,82.743643432467
88.223401,16.011327,1819.536,50.434358112266
88.209360,16.010866,878.958,57.414305284314
88.210193,16.012523,2071.579,57.427300848301
88.154243,16.012708,10262.931,84.281607620401
88.162681,16.012929,10084.761,79.579685916106
88.024207,16.013445,11392.539,115.52644570906
88.238161,16.012605,2642.732,60.209645358005
88.053664,16.014277,47559.362,251.31810631508
88.110139,16.012826,1792.727,57.349046959173
88.057629,16.012722,905.168,58.423525296632
88.217965,16.013132,1597.349,56.220361429655
88.105480,16.014020,3985.653,175.32853957778
88.105239,16.015929,29606.605,175.28288099289
88.157509,16.013580,1422.389,48.540569831848
88.034448,16.014116,2748.801,67.188626147689
88.150496,16.015147,12424.670,102.20781294766
88.012346,16.015187,14961.528,126.79784774151
88.101631,16.014162,915.302,60.264055418972
88.112370,16.015693,7075.065,74.708195220193
88.141146,16.015125,3542.659,63.346010383076
88.071961,16.016489,13917.353,92.271831383476
88.018360,16.015663,1636.432,60.722020607436
88.136817,16.015842,1588.059,55.683883384191
88.115483,16.016929,4348.867,57.110446899007
88.033225,16.017756,4070.217,67.080521572483
88.069108,16.017952,4209.514,62.364141938349
88.177101,16.017242,1111.407,57.635941173144
88.005392,16.017385,1550.357,62.252109458295
88.187449,16.018208,2609.813,46.635776844396
88.145222,16.018115,1441.676,52.997150854986
