#mjd: 59966.14411
#filter: r
#airmass: 1.469
#seeing: 1.278155715
#m5sigma: 20.3517
#exptime: 20.0
#night: ut230121
#ra dec flux fluxerror
88.034208,15.770484,611.735,46.484188570424
88.149405,15.771467,14038.773,90.705457077935
87.994614,15.770738,3520.230,41.791868516433
88.049942,15.770563,1751.092,43.542108825236
88.036866,15.774828,71584.779,379.07973496870
88.199492,15.770994,1716.703,43.198573743774
88.182660,15.770798,1198.592,42.529791057527
88.035843,15.771551,1684.588,42.414900542310
88.081904,15.771289,1305.575,86.046520088308
88.138599,15.771286,770.041,46.034578730442
88.072894,15.773319,27325.375,173.92717109097
88.013783,15.771856,3902.822,51.887797554785
88.054754,15.771275,712.688,48.417779212650
88.008077,15.772840,9339.489,91.274601076305
88.113814,15.771741,977.794,44.337832525622
88.117046,15.771751,618.235,45.164645693541
88.051115,15.772746,2494.198,45.196930489583
88.203834,15.772824,1887.398,44.325533537715
87.993819,15.772871,1170.031,39.529541409894
88.125391,15.772359,689.676,42.539930085375
88.146129,15.773981,7368.162,70.428753872770
87.989833,15.773683,2546.350,46.571924633315
88.043635,15.772562,738.149,42.689638083608
88.206899,15.773683,2684.560,44.484566195932
88.083409,15.773120,1234.852,46.646436956387
87.994281,15.775010,4212.128,51.121137524366
88.188079,15.773856,763.049,41.769559444679
88.049058,15.776479,26363.898,177.03843129655
88.170194,15.774714,1115.730,42.612429035196
88.066720,15.773993,629.831,41.088910263629
88.118389,15.774993,1122.463,44.788748746954
88.216925,15.776714,12423.745,85.653719076687
88.176255,15.775146,698.535,44.032195293392
88.167446,15.776422,3694.428,46.943166785551
88.206181,15.776866,11103.669,83.235566958793
88.045770,15.776651,7070.139,61.909431222452
88.079383,15.775627,588.055,43.636247021613
88.020121,15.778290,23253.624,130.03196873285
88.007207,15.778959,56387.472,313.53564292749
88.227838,15.776906,3264.225,55.146170603694
88.157510,15.777320,3116.357,40.711500135915
88.142030,15.777680,2258.709,45.620969131417
87.979241,15.776947,977.267,40.099185599548
88.014045,15.777442,925.636,41.599079267154
88.051000,15.777946,1689.427,44.882139265661
88.054112,15.778364,3526.437,52.221238152901
88.056337,15.777930,971.046,48.572126182329
88.102829,15.778093,1366.126,44.641976853486
88.150075,15.779030,2073.335,43.103165443924
88.012017,15.780140,7386.073,61.131774260835
88.164353,15.781923,54470.557,256.49901046356
88.203964,15.779901,1041.967,40.695424974895
88.222252,15.783979,125538.933,678.12826096377
88.000530,15.780957,4305.137,47.130425615907
88.200556,15.781999,5779.424,60.454297929959
88.068502,15.784244,59086.862,346.40230171158
88.227739,15.781243,1189.260,43.371932623003
88.124633,15.780988,744.575,35.851778050040
88.046030,15.780650,676.245,42.866070331841
88.147675,15.782045,4133.840,50.461465438119
88.155111,15.782089,2074.130,40.201899129858
87.985623,15.783103,9808.576,70.894598274804
88.178557,15.782046,635.878,44.021663679060
88.139715,15.781969,829.919,38.916759901598
88.012879,15.785839,77151.792,442.08652760109
88.122666,15.784407,12285.658,94.482239654268
87.976517,15.783525,3694.669,58.392133299345
88.071547,15.785766,5120.836,55.767514494509
87.993731,15.783657,1335.782,43.829077973413
88.186534,15.783159,709.541,48.858435222476
88.179694,15.785198,8499.831,61.444475085961
88.194307,15.784301,1319.478,39.372016220149
88.104764,15.785707,12564.050,98.740431888488
88.166630,15.783904,951.839,46.530959244910
88.017984,15.787118,47923.667,296.13912341976
88.065399,15.785054,2545.929,40.191008369821
88.189361,15.784520,855.466,41.974792840105
88.162710,15.786579,12933.153,87.066545961157
88.201594,15.785663,2798.458,46.526882228705
88.135203,15.785338,1901.302,41.428876221030
88.145267,15.786998,20817.354,123.13441737056
88.001698,15.785052,1167.383,37.691408727336
88.171215,15.785592,1044.996,38.867161264575
87.975628,15.785941,3697.214,49.642933583558
87.980315,15.786048,1334.501,45.602933890481
88.004278,15.786814,8674.288,65.296386141912
88.089557,15.786408,3330.355,43.829400908889
88.128474,15.786671,4985.635,60.368593247327
88.113005,15.787610,12373.431,103.66236111047
88.074515,15.785896,780.991,41.826705874244
88.057758,15.787274,5652.015,54.671217000407
88.192956,15.788414,17653.382,110.24224120490
88.050627,15.786602,808.703,40.298570398803
88.141172,15.790729,100115.516,514.31540480376
88.165631,15.787246,1469.510,48.683799200103
88.191125,15.787665,3594.718,48.434237623316
88.004087,15.790436,78000.241,411.07370386905
88.063534,15.787631,875.583,38.820452584047
88.080199,15.787773,1056.923,41.542027111273
88.196254,15.787881,1036.299,41.291294086935
88.133886,15.789443,7297.584,62.842914756723
88.221209,15.789120,7437.710,78.669358581007
88.115612,15.788458,1425.671,46.668457432125
88.021119,15.789485,10052.183,80.563955845231
88.010079,15.788343,1702.409,42.420334533526
88.150040,15.789567,2944.089,48.875512772612
87.974526,15.795428,nan,42.531959698493
87.985508,15.789352,1089.367,46.506798241389
88.147347,15.790354,3788.355,40.059829008134
87.998361,15.789664,934.222,40.084745449297
88.174769,15.789627,774.770,47.241815926702
88.096629,15.790321,1703.162,37.223213866113
88.041025,15.789352,599.705,179.62042517855
88.000767,15.794350,33894.652,113.28113857331
88.123587,15.792308,16357.157,124.72207472942
88.218728,15.793542,20143.593,45.722336926335
88.059544,15.792487,4349.055,52.832415468358
87.990811,15.791966,4750.130,46.654675110386
88.019133,15.792522,3972.150,43.315238445609
88.161615,15.792248,3493.252,44.781395096855
88.082168,15.792513,2436.448,57.306530030548
87.988563,15.792799,6913.318,38.844640128995
87.976017,15.791636,803.238,37.825558556744
88.194937,15.792268,672.606,119.63730105637
88.188885,15.794629,17561.541,46.650545349213
88.114464,15.793774,1933.708,41.215649886792
88.172670,15.793992,2616.365,236.30898422895
88.192562,15.796128,46308.074,57.569012536528
88.118492,15.795055,7350.813,479.50288613862
87.988356,15.796440,77613.085,44.752547193192
88.224521,15.794583,2364.372,61.714436669342
88.175272,15.795729,8373.342,133.77415713961
88.083258,15.796838,20023.905,65.98640745207
87.981536,15.796046,7608.146,39.732236708751
87.997131,15.795185,2401.680,65.902686897339
88.006760,15.796316,8496.951,42.905602831610
88.081879,15.795471,1549.971,41.474985870973
88.041437,15.794959,743.050,44.055903219237
88.003626,15.795578,907.055,41.556514378746
88.207267,15.795819,839.610,413.46967646075
87.991554,15.799423,73466.800,44.099890473560
88.169206,15.797126,3300.083,40.527252416818
88.146399,15.796368,982.398,56.063163771878
88.206349,15.798448,5448.156,54.021728804894
88.189514,15.798341,7039.326,36.445975771484
88.151643,15.797416,2505.232,40.239971799991
88.159776,15.797427,1312.623,41.637985858140
88.041359,15.797026,774.062,119.13034518995
88.151652,15.799295,22520.348,65.889863632164
88.120844,15.798401,7181.464,50.139159298470
88.071706,15.798067,3210.536,47.331379429743
88.126066,15.798066,2391.380,154.03856063760
87.994619,15.799850,29806.928,83.960070350424
88.129955,15.799753,12751.829,43.372461300818
88.027286,15.798525,640.085,84.257254449543
88.043920,15.800802,13311.792,105.75779206092
88.096900,15.800618,16213.090,34.588313428483
88.090149,15.800008,1052.340,46.414965106317
88.030569,15.800438,845.614,43.157216715545
88.160130,15.800208,999.837,45.734601143342
88.158638,15.801914,3844.362,580.44294901079
87.992064,15.805500,117285.326,96.644977494204
88.102154,15.802683,18732.511,52.449402432695
87.985414,15.801416,2782.523,39.578025923943
88.109261,15.800923,723.112,72.618068910229
88.171490,15.802995,10588.324,40.829287937494
87.978991,15.801642,1639.047,42.937080371857
87.982578,15.801160,624.247,47.533024616801
88.207779,15.802325,2518.698,586.85287492128
88.024909,15.805857,100918.796,465.22414755817
88.103056,15.805300,94198.053,78.077586139849
88.040222,15.803051,9368.144,38.686369085967
88.056997,15.801849,601.876,72.593061697718
88.031226,15.803684,6635.481,109.07076640892
88.136662,15.804819,19948.097,285.27459685919
88.187090,15.806457,53787.615,50.973445913243
88.167383,15.803475,2753.217,47.516654587365
88.190439,15.803607,1734.254,166.64425704457
88.177156,15.805907,32232.928,50.807451130950
88.165124,15.804580,3986.881,68.952876238341
87.993021,15.803901,1516.581,43.285307883685
88.033553,15.804708,2307.482,40.344098866849
88.087895,15.804687,1814.241,67.621078037641
87.979568,15.806148,10564.295,60.806985712545
87.987793,15.805539,6468.927,268.66067752479
88.129645,15.808194,59066.570,67.342763857958
88.208196,15.806769,8112.635,41.004862426233
88.190014,15.806207,1426.463,39.183034084027
88.167105,15.805972,1342.114,58.178118530974
87.982950,15.807350,7197.513,51.787397549109
88.143408,15.806846,3007.682,43.608543206337
88.002001,15.806443,2509.469,40.629084071999
88.062691,15.806167,1052.946,140.03693572779
88.097863,15.808512,22981.750,51.201223128626
88.006307,15.807454,3833.281,52.601270553149
88.099964,15.807222,4055.036,173.57902222702
88.008115,15.808777,25858.849,41.085422787777
87.991266,15.807553,2218.348,49.740985342791
88.171765,15.807712,2091.630,94.672195755127
88.016473,15.808844,11682.547,50.969682594779
88.157606,15.808168,4386.168,36.604874290160
88.017746,15.807396,579.588,41.104047560165
88.067414,15.808480,3474.287,120.19123442772
88.160903,15.809846,22553.573,47.439948777200
88.122827,15.808130,830.739,43.899904893132
88.193515,15.808651,1990.121,80.90872123679
88.102172,15.810089,13704.717,101.05653505539
88.121823,15.810712,18855.586,41.969691026157
87.985985,15.809293,1805.267,47.394102254671
88.107415,15.809651,2160.968,44.891096672732
88.226308,15.809320,1832.996,35.949992895745
88.023316,15.809386,670.444,41.059445952992
87.982898,15.809923,2398.578,41.545515984985
88.155823,15.810092,1921.648,44.144761452308
88.038291,15.810297,2403.321,56.080503020541
88.206873,15.810723,3505.536,36.858838336113
88.213196,15.810143,737.502,48.849450251330
88.087235,15.811509,3163.745,177.91459794770
88.142693,15.813502,41763.710,475.27456328676
88.227599,15.814472,74525.719,164.13390175618
88.010964,15.813417,23614.143,96.828077071037
88.024438,15.813031,14807.957,49.845018119678
88.212853,15.812248,3537.113,41.218880060191
88.176648,15.812033,1132.223,36.680604760715
88.198710,15.811911,1520.907,36.976918208857
88.195014,15.811592,914.904,49.336478408088
88.037533,15.812281,2011.930,73.685262173871
88.162357,15.814376,16342.791,40.778669813820
88.209742,15.812640,1198.187,48.303883267219
88.102357,15.812780,2553.319,41.013360828153
88.097242,15.812436,964.929,40.372370465069
88.218236,15.812632,1219.024,94.539466972644
88.175281,15.814573,19071.554,62.272190248968
88.180612,15.814202,11841.722,77.725594300610
88.166154,15.814655,15146.255,91.603731770826
88.050828,15.814671,17867.044,83.366348683660
87.995954,15.814884,13608.966,57.897518384605
88.171806,15.814804,8418.528,504.68991926928
88.046327,15.817230,122686.159,41.114222939983
88.000188,15.813718,1142.163,38.297173010827
88.168035,15.814206,1352.027,196.39761613022
88.079910,15.816959,49677.732,139.48302289354
88.104927,15.816480,23790.015,47.906118862401
88.204960,15.815646,4271.683,40.384765227835
88.153169,15.816034,2882.547,41.309698162548
88.065161,15.815105,922.580,45.230937359224
88.040544,15.815540,2431.599,49.880431959371
88.093341,15.816251,5681.250,41.766350621267
88.088527,15.816101,2531.632,53.895725078571
88.170813,15.816563,5739.423,43.304240474708
88.222611,15.815777,1242.587,41.429269690972
88.002467,15.815746,1513.387,42.522243303257
88.077249,15.816390,2133.928,54.819667640586
88.157297,15.817273,7801.461,149.69325801066
88.160954,15.818547,33059.024,53.348484376687
88.074270,15.818033,5859.289,39.379410300924
88.138083,15.816747,915.358,40.991949734770
87.978306,15.817381,1393.692,41.047534000119
88.184120,15.817158,805.297,97.654795164631
88.183056,15.819442,18735.892,166.10872589097
88.007513,15.819883,30807.841,45.382182837273
88.189030,15.819067,2724.290,49.625226660736
88.070735,15.819414,8167.729,100.44666280745
88.004994,15.820653,16378.421,44.062178006458
88.050768,15.819459,4079.586,42.644726793849
88.094333,15.819742,2373.938,147.34264419592
88.073033,15.821923,54021.670,34.695734134061
88.156224,15.819076,941.534,44.420471875169
88.212957,15.819796,1142.280,66.244264709496
88.010354,15.821091,8278.347,47.344405005059
88.103259,15.820289,1896.416,54.010468721662
88.110775,15.821585,7934.275,50.410119419391
88.123755,15.821586,5708.114,49.468779815282
88.226997,15.820803,1274.265,41.503600595911
88.084192,15.821204,1400.047,42.922906892142
88.198085,15.821782,1586.719,49.774164852114
87.983862,15.822282,2896.191,42.321783438288
87.993522,15.822106,1450.023,41.795710582509
88.051078,15.822141,1627.236,46.825244016742
88.214197,15.822628,2576.748,50.381573139691
88.034848,15.822723,4230.692,40.658426455842
88.001953,15.822634,1472.905,36.677879812465
88.075153,15.823051,757.028,41.896343309312
88.085309,15.823339,1617.942,39.548304446709
88.181707,15.823807,699.921,39.811846764887
88.098901,15.824244,1043.625,48.466484013607
88.039185,15.825790,3110.865,44.136776051295
88.131138,15.826008,2492.919,45.212332512968
88.063837,15.826185,2644.641,40.015932387590
88.108792,15.825691,768.040,48.294012512623
88.089254,15.827720,6495.125,45.047024580225
88.109000,15.827837,5098.223,114.18944143075
88.181719,15.829318,26432.673,39.799692776519
88.218071,15.828085,2262.401,40.477354981355
88.050183,15.827980,2858.560,42.557925068577
88.134744,15.827561,872.326,37.893050001180
88.005248,15.827525,751.804,47.888971211082
88.103442,15.828933,3357.214,43.411903575458
88.068802,15.828359,1811.142,38.445593973505
88.210947,15.828239,730.781,409.09270842630
87.984328,15.832091,95470.478,62.156981774388
88.187440,15.829933,10583.893,43.509405302135
88.174885,15.829329,2694.548,76.965848988549
88.068602,15.830247,16359.256,46.834727414299
87.994461,15.829684,5304.574,42.774836560631
88.039909,15.829506,1881.114,40.103087510252
88.023178,15.828514,750.545,41.880612184823
88.178178,15.830299,5269.368,45.532205550910
88.134322,15.830035,2586.358,39.747428089535
87.991196,15.829529,1266.161,45.726282369685
88.183338,15.830489,2743.890,51.630650969569
88.166285,15.831132,5893.480,76.885030344438
88.175086,15.832200,14870.775,40.061074786512
88.138900,15.830854,916.760,87.164102289190
87.982344,15.832855,15331.089,57.102758092787
88.201553,15.832567,10370.720,40.974251239028
88.198468,15.832029,1428.070,38.526282215274
88.179483,15.832914,1358.111,38.599997221587
88.161483,15.833175,978.651,45.830868306815
88.057135,15.833501,1601.361,37.857047216328
88.184839,15.833086,877.687,43.668470186565
88.007254,15.833254,815.364,42.767185188750
88.168860,15.834144,2385.843,44.246889946726
88.061989,15.833697,860.274,254.60466325587
87.992540,15.836459,43816.397,57.252472040081
88.036353,15.835297,6854.054,105.97288454337
88.105694,15.836070,33992.692,71.498880479327
88.023406,15.835201,8055.346,37.824086064333
88.200713,15.834545,1006.173,32.657334232577
88.181100,15.834613,1382.033,58.264391596403
87.977288,15.835773,6360.218,42.212679501245
88.071220,15.835140,1442.172,60.642656019346
88.210774,15.836924,8814.165,37.485615522291
88.148529,15.835200,747.056,57.185277449504
88.223761,15.836473,7879.928,106.34526367856
88.012148,15.838192,15793.302,140.70188915489
88.195043,15.838206,34122.165,56.374765378762
88.101283,15.837423,9277.377,47.018692102010
87.995024,15.836336,1168.432,38.783791460269
88.049247,15.836711,889.189,120.97658421404
88.079485,15.839577,47341.669,99.850694392133
88.046158,15.839717,24711.097,52.011920622297
88.228442,15.838840,1374.434,44.536605637118
88.197222,15.838898,1747.757,40.782235539236
88.065812,15.838994,1135.923,123.04785741510
88.075330,15.841183,32466.240,44.453335049791
88.216057,15.839126,2377.037,39.321166748666
88.192849,15.838988,793.132,50.435785123151
88.203341,15.840244,5746.318,404.65326377109
88.001719,15.842663,97146.375,349.62793458629
88.122479,15.843331,108194.874,41.988150549868
88.016974,15.839049,810.689,44.555566590747
87.989016,15.839393,844.945,41.132581926300
88.039976,15.840045,1171.228,44.403621008825
88.169940,15.840904,2032.839,39.908813901695
88.109515,15.840826,2380.103,43.088885465639
88.057698,15.841271,3982.285,46.545516144214
88.013927,15.841238,2683.881,45.438096005870
88.185398,15.841101,2051.922,52.654875449153
88.165594,15.841069,2363.867,43.800910206421
87.985967,15.840348,601.010,41.535983854697
88.018285,15.841128,1228.722,38.003450280894
88.151918,15.840996,1286.786,44.138657165074
88.052964,15.841741,2699.544,49.012260305593
88.123585,15.841150,1172.615,55.123672633415
88.024829,15.842574,8244.804,46.388355131856
88.059438,15.842223,6321.009,44.950257607786
88.076576,15.842559,4348.887,105.24140545838
88.068092,15.843805,26903.444,45.601041364434
88.218655,15.842380,2248.322,45.591748360068
88.210996,15.842043,2323.142,50.548467349638
88.143397,15.843009,7375.002,160.68622246147
88.036144,15.844364,35603.005,79.265146982673
88.132849,15.844072,15167.621,45.514761260969
88.119159,15.843615,3080.457,42.193829405921
88.157839,15.843052,960.084,49.876259653467
88.181185,15.844142,5677.454,78.305378274374
88.051084,15.845234,11788.834,86.967118737500
87.986744,15.845766,14277.468,57.020971788541
88.104172,15.845798,7571.202,45.404635099158
88.093185,15.845899,1529.562,46.461374942102
88.047136,15.846518,4797.736,58.684871354066
88.169895,15.846719,7903.125,48.404988901971
88.080062,15.846298,2682.051,141.80659984109
88.132024,15.848856,31046.745,50.269427673666
88.144443,15.847035,2971.744,41.853618640591
88.118332,15.846448,786.696,45.578575785018
88.053986,15.847429,2975.596,38.452826150326
88.216699,15.846552,816.770,36.742341761528
88.002185,15.846587,1159.443,45.439060641214
88.147033,15.846669,909.534,43.898440042696
88.084280,15.846290,468.114,42.604892721074
88.132881,15.847063,827.482,42.218657654768
88.185568,15.847175,875.338,58.659861738153
88.147907,15.848667,8927.864,440.87637069339
88.129964,15.852070,147975.699,46.126339887528
88.158887,15.848714,3942.101,68.065841819173
88.012464,15.848928,8514.552,44.287196565493
88.095611,15.847410,591.215,50.683693411992
88.152058,15.848949,3970.977,41.832870005629
87.989003,15.848232,842.911,59.734297502016
87.979794,15.849955,6194.427,122.97918942147
88.027529,15.850981,22378.543,46.711145700870
88.098108,15.850227,3727.516,44.507624808812
88.001666,15.850251,3725.526,37.859786619204
88.219276,15.850111,2780.458,43.565088287691
88.199626,15.850239,2943.910,38.640013818679
88.154799,15.849387,938.319,46.980327585176
88.184970,15.850090,2000.741,42.580921846363
87.986474,15.850062,1309.967,39.664847920068
88.212720,15.850533,898.038,42.285410996985
88.148863,15.850549,1228.666,41.630150777304
88.174228,15.851296,4365.094,328.26031048965
88.225726,15.853783,80340.199,42.560050648675
88.086013,15.850861,774.723,50.113285718452
88.089536,15.852040,965.185,38.144728379797
88.137272,15.852022,850.791,57.556100167360
88.017615,15.853095,5109.919,40.655891894866
88.157245,15.852123,872.410,39.999318804518
88.164001,15.852135,823.839,44.574999546929
88.147122,15.853111,4262.236,40.687897567627
88.212816,15.852657,1894.708,156.27017390133
88.071773,15.855351,43156.075,49.730403009501
88.183313,15.853526,4977.885,63.218647903356
88.086357,15.854568,10883.011,40.707331852299
88.162999,15.853789,1982.003,39.340073213477
88.179085,15.854162,2751.050,36.674304187650
88.144777,15.853376,972.729,48.681801130415
88.014533,15.854179,2937.306,44.355436673224
88.045792,15.853925,2018.876,84.897883392673
87.990237,15.855563,8607.937,42.762406155263
88.136085,15.854928,2326.281,78.642377235980
88.175681,15.856053,12099.072,46.116612344146
88.207533,15.855707,4055.563,64.484852553301
88.177763,15.856576,12142.612,40.884695870915
88.124855,15.855636,2513.458,42.287623761319
88.096676,15.856257,6131.467,42.081356598356
88.127679,15.855711,2416.912,41.359946259668
88.042573,15.855027,618.370,40.954586956762
88.024518,15.855457,674.624,69.237117480849
88.003584,15.857058,9509.611,43.768920674859
88.075617,15.855436,804.338,88.320130285267
88.166484,15.857434,17890.871,49.931611242623
88.100760,15.856787,4324.166,53.165534692755
88.026296,15.857100,5156.035,167.74330511080
88.034420,15.859366,30481.756,83.755177048171
88.080529,15.858967,18712.089,40.951489151130
88.143053,15.857120,672.920,44.504648331284
87.979352,15.857354,1156.359,82.904191616431
88.108434,15.859352,19677.219,149.59975293283
88.040941,15.859751,33850.472,43.978029716691
88.037600,15.857724,1294.687,40.178010105850
88.106209,15.857754,1131.172,81.913154312168
88.032100,15.859347,12765.512,51.566965515376
87.993002,15.859162,4282.635,42.112264554383
88.009878,15.858304,1180.854,40.463120528355
88.177620,15.859027,1707.461,275.66893326171
88.151741,15.862252,60760.301,45.637258297184
88.030488,15.860799,8075.541,44.742232111207
88.139185,15.859988,2377.172,44.424334558245
88.122689,15.860277,2464.941,41.778957857046
88.199333,15.860016,1029.679,36.770995053752
88.048104,15.859692,823.809,49.136270362200
88.141087,15.861071,4730.738,51.180521870259
88.099374,15.861324,6593.032,53.966339193121
87.986686,15.861685,6925.586,53.554720577881
88.220393,15.861633,7200.097,40.152451723318
88.217557,15.861310,1684.458,43.520560422050
88.136679,15.861541,1162.223,47.324333318807
88.050392,15.863650,6566.440,43.930410635906
88.038349,15.862314,499.406,158.13571782120
88.179507,15.866317,36221.536,44.418467096897
87.997106,15.862578,776.548,51.987649995130
88.082309,15.864190,5893.066,45.906168896815
88.031982,15.864207,5262.915,40.691720511414
88.100462,15.863744,714.509,45.581424451351
87.996981,15.864505,1516.177,42.733324633359
88.198115,15.865252,2986.306,45.101270236344
88.013928,15.865072,1424.123,47.362032757146
88.126469,15.865173,847.902,50.868299881573
88.018755,15.866570,4016.699,41.400085806407
87.989926,15.865376,727.252,43.703926831467
88.036603,15.866555,775.985,46.787765484816
88.105618,15.866595,745.048,45.369721776515
88.175934,15.867668,5138.452,49.436373169733
88.163022,15.867766,4334.927,44.519405537290
88.165903,15.867523,2857.579,97.183168385434
88.029605,15.869202,13578.069,453.46035294024
88.198084,15.871707,103280.104,65.570168877281
88.133778,15.869460,8925.954,35.793755160833
88.174032,15.868640,1272.437,95.723467761267
87.995970,15.870205,13886.184,43.479802359426
88.117027,15.870144,2854.163,56.285215913176
88.141737,15.870572,8469.388,50.025699246451
88.146842,15.870284,3279.810,40.277959035270
88.096580,15.869620,757.912,310.71045415716
88.063871,15.873726,66851.484,41.431227575826
87.975659,15.869972,986.687,72.800901656385
87.994024,15.871040,7196.115,41.028862547148
88.160688,15.870527,832.262,43.579197410075
88.223979,15.871391,3125.341,42.172133408156
87.999816,15.870533,777.882,47.084548140211
88.080488,15.870609,913.752,45.787139575114
88.149587,15.871625,3819.430,41.581973858776
88.163728,15.871153,816.142,46.419126756296
88.034338,15.871738,2073.136,192.08454965658
88.029592,15.874717,43435.072,321.80131382478
88.220515,15.874986,74901.260,54.583622937014
88.205340,15.873766,3050.046,50.446812674954
88.125964,15.873264,4681.922,43.369514008921
88.027379,15.873127,2245.374,40.304077001092
88.208221,15.872853,851.854,42.358119305116
87.998276,15.873280,1177.511,39.751528717085
88.166527,15.873816,1601.794,43.372243133333
88.003285,15.874037,2072.131,43.520026565151
88.214084,15.874832,2699.634,91.198238585161
88.078693,15.876787,25823.897,38.348298094835
88.182800,15.875244,993.059,68.017413221130
88.156525,15.876399,9593.307,37.752360978177
88.217062,15.875746,1065.953,51.800395901089
88.104885,15.876672,9289.232,42.419046097186
88.062748,15.875672,1448.264,46.405710265141
87.979887,15.877106,1564.946,42.256244309788
88.119936,15.877646,2317.826,402.75006330219
87.985642,15.880435,70337.025,108.15179710514
88.084335,15.879928,30173.364,40.002197044422
88.137320,15.879464,2762.217,43.941736433904
88.034345,15.880435,4821.229,41.791521258593
88.135099,15.880414,3049.128,51.292767660014
88.124262,15.880195,2511.779,48.977575979428
88.057658,15.880561,3066.918,89.507707901898
88.111680,15.882222,21551.035,54.410966558282
88.079388,15.881187,5031.560,40.882736507141
88.194107,15.880596,1715.903,317.13636248933
87.992399,15.883677,56621.374,72.708353688267
88.183376,15.882581,13254.876,50.480781351287
87.975622,15.881202,1874.352,54.765004740342
88.019521,15.882214,6186.563,40.913074460314
88.042229,15.881395,1283.760,249.05747096434
88.046215,15.885557,79204.155,48.520727821910
88.123795,15.882866,4963.978,46.070487279638
88.211011,15.882677,1221.784,36.689966311418
88.004349,15.883116,1166.911,46.681701440064
88.016536,15.883436,1781.532,44.968433790202
88.102388,15.883874,4429.238,45.387168246744
87.996873,15.883573,1119.861,41.137835331032
87.981730,15.883634,637.413,43.080798711244
88.034185,15.884326,2578.786,44.710939278277
88.154272,15.884518,2091.272,55.031356714153
88.171922,15.885580,7214.423,64.872325741658
88.174092,15.885500,10382.168,174.44208633344
88.082567,15.887055,54484.327,42.633196662510
88.073802,15.884389,1392.568,50.105271011844
88.122979,15.884747,2803.170,43.537107010776
88.214493,15.884302,1215.694,39.999548793666
88.031188,15.884169,1010.482,55.848761164710
88.019022,15.885650,7154.278,318.78454721977
88.076664,15.888007,91720.845,47.950157172941
88.146000,15.885240,3161.406,41.606793279011
88.004325,15.885729,1916.857,47.675908115203
88.089916,15.885742,2030.828,47.928272234855
88.084376,15.885731,2479.396,45.977981325037
88.169969,15.885765,1268.314,52.903205060341
88.127861,15.886615,3232.543,47.685870004128
88.087719,15.886987,3079.403,70.906823472462
88.142616,15.888009,12266.340,41.782315876877
88.032287,15.886219,1065.812,44.509263481745
88.002187,15.887105,1998.963,42.015769403437
88.040399,15.887295,1104.501,55.133316870286
88.186126,15.888499,6127.713,39.738701430727
88.011385,15.887402,947.684,40.351705579580
88.170767,15.888307,2691.505,44.320897460887
88.069552,15.888244,1899.222,40.902177186390
88.195960,15.887449,725.418,40.128034710147
88.133007,15.888767,2813.157,43.111815191353
88.046122,15.888457,1528.950,45.548838423455
88.130393,15.889115,2939.159,47.442696304569
88.062775,15.889289,2200.910,46.865494810979
88.193105,15.889737,3990.563,41.232066169380
88.134938,15.889271,1612.248,47.900699511427
88.148801,15.890152,4364.746,51.583600990804
87.991491,15.889984,3545.057,47.005413033659
88.066158,15.890892,4374.635,38.184622104689
88.218427,15.890795,835.784,62.023227339536
88.105468,15.891971,9353.852,184.83011471185
88.046726,15.893061,22860.739,47.805838876511
88.032684,15.892123,3279.906,41.412345541608
88.109627,15.891912,1920.458,39.044176512763
88.025221,15.891783,1128.210,42.366719953690
88.009205,15.891792,798.291,42.430663726747
88.194197,15.892469,2601.087,38.860690519150
88.085994,15.892370,1637.252,43.919716684371
88.209383,15.892916,2100.099,41.202918345243
88.131293,15.893157,1418.666,303.40280121379
88.076554,15.896519,92617.029,53.956542581007
87.992368,15.893471,3644.605,47.953261340768
87.998342,15.893283,2122.924,85.520384702461
88.162890,15.895463,21232.239,38.861494118682
88.164181,15.893699,1438.819,41.360252428388
88.169703,15.894019,1637.935,36.004158877849
88.132730,15.894528,2959.539,70.888588775042
88.028428,15.895428,15527.621,58.763861882302
88.190275,15.896024,7924.481,41.893211149658
88.184499,15.894548,1094.954,57.329157860286
88.208608,15.896666,9077.330,49.375088108624
88.010017,15.896259,3997.955,54.804064514878
88.197984,15.897186,8530.726,42.588463883814
88.060873,15.896224,1676.440,38.978923945917
88.121701,15.896716,1299.008,52.877423923918
88.106663,15.897861,7972.542,267.96061945365
87.978300,15.898944,51071.348,98.839265393952
88.102081,15.898607,22542.623,40.025366440576
87.983104,15.897385,1084.858,43.895364177889
87.995289,15.897680,1644.497,55.847235284289
87.984862,15.898695,5145.344,47.903222827631
88.043089,15.899153,4653.491,47.948952754671
88.203479,15.898962,2005.214,132.41012697775
88.183840,15.901087,30235.848,40.204846617108
88.095913,15.898604,1915.951,85.081838499507
88.020849,15.901028,13875.127,39.185901354802
88.007260,15.899680,1322.610,600.47704299364
88.014200,15.903830,146931.382,63.263307665161
87.994842,15.901329,6883.070,113.97481224147
88.209364,15.902159,18652.073,50.694764822138
88.163260,15.901347,1984.618,46.474828887683
88.219562,15.901748,3441.756,47.270652896394
88.154696,15.901758,3139.370,327.63959930032
88.217718,15.904114,72579.107,50.646703358807
88.205832,15.902042,2789.270,45.413313531427
88.035236,15.902004,1888.764,45.811379932787
88.081212,15.902114,1127.091,53.508935527529
88.091160,15.903283,6272.419,45.656242222477
88.145729,15.901792,485.099,46.013886571836
88.056991,15.902691,666.317,117.20591103441
88.198299,15.904714,22951.297,51.885141752452
88.017955,15.904702,5825.439,143.69191729595
88.076828,15.906008,35757.572,38.951381582763
88.027281,15.903845,1046.639,53.750905836816
88.214169,15.904654,4134.721,95.407968600688
88.142474,15.906339,23488.293,44.245030587284
88.139099,15.905006,2320.594,48.270349410642
88.207547,15.905464,5237.903,38.484808420440
88.180556,15.904215,649.453,45.830510637737
88.225053,15.905587,4442.552,80.789382812746
88.013716,15.906219,10929.918,46.174677125537
88.136659,15.905531,4006.052,40.618777319205
88.159436,15.905379,1392.952,51.032189614381
87.992346,15.905988,4238.267,38.266994424802
87.981467,15.905017,998.688,41.845942011521
88.020970,15.905338,1031.319,180.33389877880
88.117882,15.909638,55264.766,128.10456940999
88.202311,15.908691,23196.700,46.180699006674
88.063357,15.907044,1309.027,69.558747958002
88.166896,15.907962,9754.652,40.671957135078
88.141030,15.907517,943.417,43.836864736595
88.169107,15.907966,900.245,44.334701813902
88.050018,15.908204,1201.403,49.162401947450
88.018366,15.908543,2372.671,63.672976417886
88.227904,15.910282,6740.276,45.571925746249
88.107565,15.908257,759.840,51.345988229732
88.119786,15.909220,6209.181,48.050525410181
88.080791,15.908307,779.046,107.81651504804
88.096147,15.910603,27864.890,44.797877639551
88.010521,15.908721,1240.239,47.548457197087
88.148971,15.910187,4838.866,41.937392259006
88.173285,15.910026,2994.005,56.535844845656
88.161124,15.910792,7184.449,43.321416474748
88.143526,15.909819,667.399,52.197855936130
88.066205,15.911393,5443.528,46.701056583119
88.123850,15.910385,1028.975,42.224148483438
88.089331,15.910340,1356.704,45.063210459461
88.139789,15.910146,417.721,55.076013423220
88.084115,15.911892,9061.444,52.979618665419
88.227981,15.912670,5431.216,47.699152438167
88.050696,15.912116,1664.224,47.560833750230
88.038374,15.913011,2308.539,38.519065355133
88.179953,15.912513,1109.064,194.78611127978
88.110423,15.915309,71521.056,211.25151709412
87.998495,15.915219,40406.680,39.048966664976
88.170152,15.912821,666.251,43.410775781242
88.174828,15.913489,2130.320,83.461007800862
88.028201,15.914853,19131.976,59.436059706816
88.153087,15.914748,10331.246,43.286900951302
88.017547,15.913231,791.883,87.337776806830
88.222720,15.914872,13373.938,169.84278523727
88.176044,15.915948,39477.495,44.571901488369
88.078984,15.914275,3070.191,210.43247400638
88.216849,15.916823,46854.908,165.22285274160
88.163321,15.916910,47628.844,54.927905089825
88.165112,15.915399,4637.528,243.52928897744
88.190908,15.917582,42625.818,42.102628874699
88.061717,15.915324,1019.706,44.509197543254
88.142066,15.915871,2932.768,238.52568815812
88.174319,15.918543,49535.259,41.502904907539
88.179279,15.915872,1316.029,42.497642849916
88.144333,15.916644,1377.916,289.59394220037
88.126924,15.919839,84833.100,51.567684063081
88.064631,15.917518,3327.127,37.727075626329
88.075996,15.916841,1129.308,283.34462429583
88.139445,15.919662,82019.727,38.490865112435
88.181368,15.916881,717.553,44.927673887168
88.171330,15.917809,1708.738,39.935569359579
88.114981,15.918156,2724.812,55.616008091583
88.123628,15.918926,6023.093,50.227507433174
88.216487,15.919491,6713.967,108.25085452635
88.023804,15.920241,22118.163,52.309397937465
88.087721,15.919823,6449.987,49.088566932416
88.135926,15.919895,3594.768,44.914844409556
88.065685,15.919026,782.767,40.549054575850
88.011551,15.919834,1784.712,375.47156532524
87.984922,15.922458,66499.591,65.048032475028
88.192844,15.921411,7716.512,45.744252411765
88.081228,15.920522,1984.497,41.542461804421
88.183216,15.920615,1058.178,66.925687716185
88.200779,15.922121,10252.617,532.15428357687
88.191426,15.926058,133063.609,40.122489759980
88.044514,15.921549,1230.004,50.075730462380
88.185316,15.922324,2807.523,60.594130488547
88.201561,15.923817,6330.199,45.536450876425
88.035017,15.922511,2001.015,41.816442205488
88.219712,15.922110,1015.577,40.782994251680
87.978555,15.921678,546.480,272.71059400137
88.204582,15.927282,62790.089,40.795326980953
88.070110,15.922179,1193.765,65.961981398870
88.192377,15.923757,12592.171,44.240212015742
88.094915,15.922594,1050.796,46.328339944165
88.019771,15.922599,1560.514,47.897229834696
88.016643,15.922959,1090.610,45.053765014926
88.137663,15.923480,3598.751,44.023232881308
88.097196,15.923605,1590.981,73.038010935037
88.126795,15.924773,12328.396,53.629730658600
87.991694,15.923923,3625.204,40.778850681068
88.134237,15.923956,1864.801,52.119659036921
88.185311,15.925248,7452.850,50.991241596092
88.143555,15.924509,1834.032,62.945782310511
88.017132,15.925252,7764.232,69.815301473007
88.220743,15.925712,6838.927,74.939611042972
87.983504,15.925890,10189.107,42.815665402022
88.045048,15.924589,1089.051,40.904538015159
87.998062,15.924952,1694.638,38.279842320289
88.218488,15.924452,921.908,52.619366144844
88.156680,15.925780,5070.310,46.940582882218
88.043001,15.925226,1094.786,47.840504190845
88.108273,15.925843,2024.958,40.289393294451
88.076923,15.925285,1087.773,61.754104019476
88.034894,15.926629,7235.448,220.94589705178
88.063665,15.928379,45343.383,48.302899588852
88.101727,15.926427,2022.005,51.831089807612
88.212780,15.926689,4169.585,41.986273491394
88.138598,15.926338,932.397,215.55124512361
88.115846,15.929470,75467.332,57.814131426097
88.028742,15.927334,8410.153,47.715424454075
88.013632,15.926359,887.297,46.709081594025
88.218805,15.928180,4434.259,280.95679999725
88.211830,15.929981,53942.013,46.153627757408
88.093844,15.929961,2825.480,50.242715834502
88.151704,15.930488,6938.473,44.498715522061
88.060177,15.929572,936.774,254.53919367302
88.180030,15.933578,63322.517,46.509240158934
88.030048,15.930798,3622.761,31.756848450015
88.175836,15.930254,700.941,47.798107448877
87.986620,15.931201,2099.132,44.601449972588
87.978875,15.931352,3587.164,49.220014486339
88.019328,15.931991,1029.465,50.971686235501
88.025683,15.933102,8622.615,113.86338853024
88.116119,15.934804,31778.255,40.794411588936
88.176806,15.932706,2235.714,52.738283429275
87.974859,15.932930,1376.983,53.617891477838
88.063433,15.934185,5445.561,43.269143806529
88.154652,15.934666,4446.760,43.367615584842
88.041002,15.933905,709.900,41.391914893959
88.133574,15.934306,970.041,42.306343129178
87.984222,15.934200,634.693,38.727675071811
88.049052,15.935610,3290.165,44.965517004417
88.181173,15.936050,4328.746,43.925265144092
88.080013,15.935707,2174.816,40.872655812671
88.018305,15.936407,1197.294,52.453716852000
87.984872,15.937003,4038.537,48.075996961724
88.225527,15.936921,3371.564,69.010830800720
88.071456,15.937656,7345.916,46.008820557351
88.077428,15.936871,nan,496.72488595525
87.975223,15.936586,915.319,46.777860790731
88.046359,15.942418,160166.544,40.561380281506
88.223039,15.938609,1902.862,56.234116005911
88.019001,15.938298,1019.209,44.375893356235
88.194899,15.938689,1280.073,259.50698874849
88.212895,15.939220,1501.020,45.828503345859
88.117909,15.942139,72296.892,647.51586442963
88.038075,15.939299,2831.331,36.835903539566
87.995490,15.943319,143098.415,46.898393363172
88.030461,15.940000,1214.358,45.138619854344
88.186876,15.941554,5050.060,42.253506910236
88.088411,15.940799,1181.572,42.385374833446
88.176366,15.941445,2860.876,96.809768983898
88.065891,15.941057,544.191,45.226080498560
88.062108,15.943837,23525.922,46.233273278262
88.017519,15.941676,885.402,43.936031410432
88.142939,15.942155,1220.697,41.313179589646
88.130450,15.942205,958.292,44.150242301303
88.051536,15.942624,1034.454,40.713743409890
88.032653,15.943115,2330.510,48.293403717246
88.048923,15.943364,1872.992,44.266596024206
88.181052,15.944344,4048.398,51.920956510792
88.070799,15.943201,1196.371,70.945698312724
88.006680,15.944125,4947.949,65.642764710181
88.136397,15.945804,13664.119,61.183724134628
87.997031,15.944775,6083.169,46.925011497108
88.189296,15.944944,8342.575,239.73260451227
88.011020,15.944227,2140.378,53.543892493454
88.057843,15.947058,57407.228,44.761204878146
88.072892,15.946024,7156.718,41.296615887572
88.090581,15.944794,1446.939,42.513014571619
88.141522,15.945267,1852.517,49.702248581736
88.050867,15.944924,628.943,50.776533599580
88.100645,15.946333,2068.483,45.996508203429
88.094494,15.946848,5807.577,43.074625178282
87.986551,15.946267,1509.780,41.243172523345
88.089152,15.946967,1597.977,37.791676699785
88.138574,15.946820,1219.982,41.887420582615
88.156041,15.946951,1365.137,40.409896550969
88.112683,15.947283,1143.274,38.666258852134
88.171007,15.947655,798.984,46.701139743873
88.122175,15.947001,604.101,101.55483249351
88.050906,15.947354,910.226,49.468020923212
88.141711,15.949983,27055.218,46.911031834153
88.099371,15.948173,1400.261,59.701587958833
88.019202,15.948014,1897.113,49.963822519168
88.225855,15.948803,3592.204,47.576432353222
88.221284,15.948905,3378.760,194.01090321719
88.179624,15.949224,6060.872,45.869037252362
88.148471,15.951179,57730.132,45.758934928032
88.054731,15.949233,2110.412,75.920455050811
88.048301,15.949630,4419.310,67.417787240541
88.151932,15.950749,17569.251,57.850783434996
88.006644,15.950494,9533.204,53.873486126862
87.976479,15.950149,4974.056,39.474905728472
87.991477,15.950059,2726.101,58.184076235043
88.200460,15.950076,1020.108,41.301098968520
88.063290,15.951550,10353.971,51.832449258657
88.090111,15.950682,1122.977,41.955749292504
88.162527,15.951772,6323.309,48.903650502786
88.195405,15.950886,1383.965,90.086312202913
88.003942,15.951942,5748.587,40.346983452053
87.988316,15.952636,17074.102,42.302356660514
88.040479,15.951439,1200.987,37.009083803488
88.181229,15.951840,2824.187,44.013179798896
88.212576,15.951188,1047.440,42.009434463205
88.206964,15.951514,1318.366,41.668220979793
88.143711,15.951747,2047.379,52.572358954837
88.184189,15.951594,1106.388,114.99571835981
87.982254,15.952625,4226.087,46.916021541939
88.177634,15.954247,31577.517,83.723848577589
88.042923,15.951869,1106.286,39.239667496498
88.098197,15.953625,7576.437,39.957637500432
88.139385,15.952539,1056.993,52.857773247931
88.090483,15.953480,2967.426,73.113658093471
88.153843,15.953921,6860.888,39.251055927649
88.195547,15.954521,10450.737,43.732433163843
88.127755,15.953082,968.940,44.761681150259
88.063942,15.953691,1345.866,47.959504186013
88.165861,15.954098,1043.149,185.73816090489
88.043485,15.955028,5777.202,41.085592421441
88.032825,15.956873,56311.165,38.630372840224
88.157900,15.954502,1732.847,39.643793831205
88.173815,15.954924,792.185,40.434155472210
88.055033,15.955175,1544.363,69.724907702577
88.172844,15.957036,1131.936,60.766608596931
88.190619,15.958511,11834.244,42.286444799427
88.022269,15.958527,9636.219,41.869639058817
88.148788,15.957482,1097.649,44.511336941252
88.005465,15.958030,2460.398,48.019846509441
88.164303,15.958236,1795.319,49.196804797241
88.080368,15.957679,1029.109,64.333134373981
87.983840,15.959106,1125.743,42.423168524345
88.050314,15.959387,13942.132,44.030554869165
88.144528,15.958661,1296.709,42.926097358367
88.166781,15.958628,2173.184,47.460443511452
88.171824,15.958717,778.724,41.260597984417
88.067110,15.959836,2933.926,77.573549989451
88.053568,15.959644,2033.455,80.911875454116
88.064883,15.961685,18272.655,45.614232330220
88.104436,15.961174,8798.155,41.612670727842
88.212518,15.960487,3906.474,145.64828404094
88.113396,15.960208,751.236,81.080938282150
87.987975,15.961964,23233.670,43.906247213321
87.977402,15.961774,10417.125,43.192531517029
88.138572,15.960433,1034.594,51.567505376763
88.110888,15.960481,1357.384,93.935132744155
88.170264,15.961702,3776.438,52.326144232511
88.109252,15.962559,19002.244,45.371094028496
88.096760,15.962108,6719.838,78.214064265743
88.153636,15.962192,3866.249,40.073707563071
88.032767,15.963142,15975.099,39.468854315296
88.004606,15.961269,1244.553,62.976134632560
88.023392,15.961601,741.857,385.71900431663
87.974102,15.969636,nan,45.047307922363
88.086135,15.963421,11668.561,41.660906871126
88.218790,15.964542,54624.105,48.119319692703
88.204742,15.962772,1230.907,46.369945283255
88.201438,15.962592,699.617,53.220282731503
88.143976,15.963132,1629.008,344.25478678955
87.996356,15.963880,1832.459,73.401812482201
88.060095,15.964305,3717.134,52.992432263195
88.194890,15.966829,71562.395,47.394558496213
88.198146,15.965051,12440.242,48.246683378271
88.035439,15.964248,3437.050,40.044164510831
88.134416,15.964757,5571.187,81.875938657646
88.081480,15.964772,2378.395,107.27166090111
87.979516,15.963717,918.154,195.48497052034
88.179608,15.965571,14182.253,258.36987241154
88.090512,15.966874,26002.256,54.433547697510
88.034640,15.968373,60655.692,46.776977364483
88.163339,15.969672,82085.710,294.30205047527
88.021399,15.966870,3795.726,103.46572312327
88.123753,15.965953,853.528,44.857412062414
88.179120,15.969522,66841.837,45.738981251174
88.044545,15.968770,32631.958,45.122261587169
88.029519,15.966346,1000.619,38.644904915634
88.057720,15.967064,1233.003,63.210344217804
88.027456,15.967603,3090.495,43.554150004101
88.170773,15.967330,1564.981,41.826119846152
88.184782,15.969193,14066.195,42.853574186514
88.032469,15.968474,2779.895,36.900603111325
88.049344,15.968181,2054.547,56.108380898070
88.140794,15.968395,3449.553,41.619411186746
88.212951,15.967769,665.687,47.392021565585
88.036397,15.967504,822.234,41.103566414456
88.081562,15.968538,1528.147,55.437755383035
88.011996,15.968175,1855.106,133.70827563207
88.138851,15.968074,767.242,45.695195782359
88.025267,15.968911,1625.411,56.033637669809
88.172401,15.970868,32178.237,76.648696187698
88.057429,15.970035,4539.401,44.485436606122
87.983033,15.969916,6870.674,40.969197725050
88.197488,15.970733,10720.362,47.342681667579
88.008910,15.970062,1604.774,47.252424483405
88.087198,15.969690,789.618,87.414296773319
88.027029,15.971001,2460.744,457.32883737046
88.054685,15.970820,1067.493,66.874815483968
88.216769,15.972087,8803.071,77.716866730528
88.145496,15.976129,146857.430,42.171573461907
88.166976,15.972818,16992.216,47.188710701933
88.119242,15.972861,19737.191,227.52924402356
88.137842,15.971818,1958.199,206.31923343115
88.008213,15.971752,3563.665,67.310884694711
88.088622,15.974847,75943.620,36.749310002780
88.038488,15.975058,64269.387,48.105934833851
88.077721,15.973327,13438.337,45.749428701878
88.190944,15.972260,1289.984,99.961184698036
88.170474,15.973139,5169.712,44.887857901547
88.116312,15.972219,1164.220,46.780276668901
87.981758,15.973985,16452.874,41.465454592963
88.185109,15.972135,723.276,487.95241605724
88.107939,15.973594,4601.975,289.40656952722
88.047023,15.973674,2776.907,48.025360107161
88.062002,15.977790,147133.573,40.071912281037
88.126986,15.978025,97455.363,44.439567149943
88.016315,15.974530,6763.733,47.963668708956
88.065491,15.973369,1041.410,43.385571280135
88.029603,15.974056,2514.997,41.402916619721
88.031834,15.974397,3109.200,39.558006470489
88.142736,15.973671,926.694,39.394602115088
88.094736,15.974651,1245.682,68.260570053610
88.114262,15.974102,702.184,40.736482432006
88.173768,15.974167,1196.135,66.455944607099
88.076067,15.975060,3950.946,54.213997890982
88.128510,15.975127,1464.492,39.441487226002
88.031271,15.976143,10970.581,57.567712704886
88.002425,15.976382,8325.358,43.147650248230
88.066256,15.976085,2537.229,40.512780781053
88.147566,15.976658,3816.966,41.047496821731
88.194817,15.975889,1784.570,175.26714535300
88.174801,15.975734,1188.507,55.916685462968
87.989580,15.975610,1125.784,44.577340105781
88.169459,15.978845,48731.891,44.898444143652
87.990268,15.977492,4661.110,166.09998984124
87.984534,15.977276,4733.613,44.591913427599
88.011024,15.977064,2220.252,62.521504023365
88.203199,15.978511,23550.015,56.143470944565
88.098273,15.977375,1563.764,82.138443929553
87.993128,15.977864,6966.610,704.70111589305
88.188788,15.977757,4063.723,40.187767850598
88.080388,15.976915,1213.395,41.231884016144
88.201896,15.981427,104224.557,42.964189737547
88.004901,15.977484,1561.891,46.500891030880
88.119657,15.978005,1464.919,48.326097205665
88.014327,15.977664,1332.129,40.178133755262
88.216239,15.978122,2971.675,49.029507672371
88.016290,15.978452,4034.450,50.707785746935
88.221932,15.978116,1204.549,52.523296533238
88.124856,15.978241,917.805,66.530406027436
88.018939,15.979314,4229.284,41.160497965652
88.061753,15.979869,3470.574,85.636641386100
88.068481,15.981107,10793.950,47.533883573565
88.182226,15.979932,1315.913,131.72699262420
88.173540,15.982088,18159.791,44.623754459614
88.092151,15.981456,3138.799,50.259885548831
88.155493,15.983390,19360.718,40.218938949298
88.195575,15.981763,2734.592,85.176322248174
88.126280,15.982585,3697.787,185.93286147279
87.985199,15.981784,1094.934,223.07591374632
88.081342,15.984247,19908.762,80.912858466269
88.037203,15.985119,57612.578,47.169495434601
87.991926,15.985275,45629.464,50.902751229003
88.068596,15.984157,21621.331,44.485170172924
88.014806,15.982707,1948.288,58.526401969330
88.078994,15.983008,1917.567,44.517556800473
88.189972,15.983101,1707.609,50.574727335773
87.976043,15.983711,5969.499,47.785414141179
88.086493,15.982945,961.378,43.896889396460
88.214669,15.983680,2949.310,41.071323180038
88.039490,15.983377,879.778,329.58608689328
88.006775,15.983826,1348.744,42.096588640603
88.026164,15.983922,1950.864,56.177833256849
88.118250,15.987845,99596.140,46.374970811373
88.224139,15.983974,1374.446,44.144202579506
88.170326,15.985318,5593.693,35.330778461805
88.051717,15.984014,1044.804,36.390678692675
88.089074,15.985088,2696.762,41.252606744693
88.151786,15.985079,717.067,55.674180517124
88.199431,15.985998,810.301,44.786099878970
88.050068,15.986381,1284.163,42.567257797943
88.221239,15.987086,5102.270,39.695158913659
87.977966,15.986118,672.820,206.32632271687
88.055058,15.986955,2017.291,719.54490484923
88.028024,15.986897,807.669,116.50492337756
88.182430,15.989495,37137.510,46.034355059043
88.198820,15.991567,93875.186,51.244724551977
88.187585,15.990269,18789.817,62.535692620757
88.015467,15.989021,1909.670,115.57624971992
88.001399,15.989538,3980.602,57.463177481500
88.166676,15.990012,6855.369,66.046998745654
88.143690,15.991673,28289.386,45.735605173175
88.127031,15.990867,10104.252,45.849917087031
88.201629,15.990819,6592.171,91.482734961794
88.092221,15.990794,4648.035,41.358334879122
88.105506,15.991009,2801.968,71.085577687858
88.056928,15.992524,8259.410,44.167862394129
88.171594,15.991556,2239.354,84.898340800562
88.066498,15.992684,14511.133,62.871872141961
88.157151,15.992290,6438.816,75.728183060585
88.165517,15.992880,16456.696,43.405343896464
87.983459,15.992598,7461.488,54.519653474255
88.014224,15.993325,16272.389,40.593667817569
88.141743,15.992141,1400.432,42.872191177030
88.005632,15.992848,7375.650,112.35537707836
88.097115,15.992744,2416.828,40.042814953199
88.185303,15.992948,2873.606,76.759948288602
87.988622,15.993299,3044.994,45.148069030712
88.020967,15.992612,663.661,40.508506496459
87.977985,15.994374,8230.957,208.06742885247
88.038300,15.993934,1470.585,53.406217275916
88.032203,15.993362,730.457,43.791217717717
88.210598,15.995580,23115.340,41.184598800170
88.186626,15.994570,2815.500,55.793520701332
88.193516,15.994729,2969.735,42.384730563044
87.974730,15.994539,1204.944,65.505867338252
88.166052,15.995603,6148.196,44.631013366903
88.024633,15.995265,2398.880,57.053739700327
88.220665,15.995601,4662.103,47.779504572869
88.142575,15.994759,904.699,41.206758497913
88.164281,15.996312,4892.653,39.891309030298
88.153895,15.996525,3717.186,94.328375222606
88.215787,15.996167,993.004,49.061181887451
88.171239,15.996892,2009.142,54.230482990072
88.042798,15.998883,22413.049,43.170118193165
88.144778,15.996781,1047.996,37.660469276147
88.053344,15.997471,4113.163,42.961426921596
88.217750,15.997092,1458.356,132.99555964512
87.973829,16.006306,nan,44.860925655230
88.064995,15.997189,1440.548,45.269675009564
88.096377,15.997585,1199.829,46.751324567258
88.165290,15.999486,27351.528,46.014760701858
88.186724,15.997476,2267.048,152.00311610397
88.195736,15.997745,1340.980,1170.6240333514
88.080168,15.998586,1563.318,38.662910986719
88.228701,15.998643,1308.594,54.164371579529
88.214119,16.000290,15492.801,46.397978415073
88.225202,16.002847,141286.005,48.378573891097
88.029881,15.999295,1087.789,45.412494848212
88.208709,15.999824,2667.349,43.733351788968
88.094715,16.000045,1205.494,42.706297562190
88.050485,16.001074,4388.899,45.182017807017
88.026748,16.000924,4013.443,46.649064581007
87.992960,15.999989,750.792,53.107376069211
88.063927,16.000200,780.254,38.639530378710
88.192654,16.000243,1033.976,45.098515071194
88.042308,16.000971,742.377,63.719167960316
88.122981,16.001553,4108.173,44.059661613935
88.000542,16.000906,767.150,166.57676831589
88.182418,16.001962,1243.601,43.315081944923
88.208284,16.002845,6231.970,779.00238326102
88.117138,16.002805,2433.733,104.95957575969
88.043416,16.004518,42857.960,328.45414239782
88.090597,16.002599,1661.054,53.335403214628
88.196130,16.006363,105622.475,51.299156495622
88.020838,16.004410,22522.478,48.494209859187
87.992794,16.005196,58320.803,47.127433587671
88.084053,16.003691,5005.516,523.30911401699
88.069046,16.003991,5777.241,48.445784750571
88.052158,16.003503,1756.859,66.016277743493
87.982551,16.003704,2092.013,42.045714141067
88.224529,16.006190,65522.109,144.58107056988
88.054048,16.004321,2920.320,82.575664177704
87.980781,16.004379,4396.616,495.64079845703
88.115176,16.004066,997.771,46.265084387412
88.062624,16.007967,35990.920,39.633870461174
88.133235,16.005988,19889.508,227.28824150842
87.981103,16.007572,75465.024,46.493889541894
88.004276,16.004732,1908.556,259.54199124663
88.168561,16.005326,1307.627,45.683721948875
88.216320,16.006799,27262.703,54.109174397452
88.104625,16.005820,1247.107,51.763775293159
88.060625,16.008989,61363.305,49.079890686593
88.107944,16.006081,1346.584,39.669775763724
88.034415,16.006937,5572.604,48.152740504231
88.198402,16.007279,4557.846,82.453753225742
88.037539,16.007181,3076.414,52.453939806513
88.176893,16.007122,1001.948,480.08835665079
88.203703,16.007249,2189.329,40.640872147672
88.024255,16.008759,15113.319,83.932745386493
87.993687,16.008167,2685.407,44.798618148817
88.187161,16.010600,75228.094,48.379205067368
88.214787,16.007985,2104.540,35.474108464824
88.078384,16.009751,13248.375,49.227453850252
88.154797,16.008790,3090.852,44.097763774450
88.160456,16.008857,4345.064,42.046273692273
88.112176,16.009067,1501.068,51.909044114507
88.047382,16.009631,5433.243,50.528173115343
88.172225,16.009404,4269.940,72.181365628074
88.098833,16.009203,1646.407,41.974029612740
88.075168,16.010573,3490.252,40.038434362970
88.118476,16.010702,3918.186,44.323862305892
88.045739,16.011639,12903.013,50.129542159460
88.202480,16.010611,789.894,47.273491914321
88.209329,16.010817,1303.188,44.123494130222
88.082662,16.010755,1174.292,87.480755630023
88.223376,16.011294,2776.570,96.982569637317
87.997909,16.010791,1213.701,41.866245358748
88.043597,16.010670,683.124,43.162896715201
88.162691,16.012923,16115.345,41.171285206682
88.154258,16.012706,16264.318,73.996378379503
87.982824,16.011194,699.368,41.002369844055
87.978593,16.011972,1002.765,40.415202172695
88.210181,16.012498,2887.686,46.381094217426
88.143423,16.013801,14485.746,49.306286291720
88.110175,16.012843,2726.837,43.093852353393
88.019972,16.012188,932.572,43.953823484788
88.217946,16.013095,2409.893,51.563011813640
88.034441,16.014124,4016.059,41.802194867309
88.057651,16.012745,1235.086,42.609184984436
88.157537,16.013575,2303.358,40.996419717907
88.105502,16.014042,6010.189,""
88.101648,16.014193,1531.754,""
88.117745,16.014676,1190.870,""
88.214161,16.014820,240.626,""
