#mjd: 59703.28181
#filter: r
#airmass: 1.159
#seeing: 1.14645555
#m5sigma: 20.2454
#exptime: 10.0
#night: ut220503
#ra dec flux fluxerror
244.439690,-0.117475,nan,32.755881126406
244.619326,-0.116473,678.622,31.367509190979
244.639077,-0.117151,nan,41.760131317508
244.654087,-0.115108,614.055,30.594104853591
244.593810,-0.113939,2203.329,33.169043559774
244.446983,-0.113775,467.976,126.64501313724
244.588599,-0.112598,886.933,319.29567884828
244.495628,-0.109606,8529.003,31.167795638118
244.421826,-0.108528,23765.484,42.684313684317
244.563044,-0.109455,1009.616,52.446872586581
244.620929,-0.108506,1569.942,51.623511580124
244.539788,-0.106857,3298.699,46.804752930599
244.478504,-0.106650,3072.932,65.280317885306
244.513342,-0.105632,2652.511,31.594820037611
244.619856,-0.104855,3111.492,37.731875892677
244.482892,-0.103424,727.600,36.536402178125
244.617757,-0.103447,1017.525,53.923135287342
244.433191,-0.102803,1704.093,32.958944772085
244.644549,-0.102373,2723.757,34.388870341492
244.461213,-0.100879,1451.277,51.237942863373
244.564224,-0.101023,1178.205,51.210831182015
244.547617,-0.100118,1554.418,28.733629970894
244.549058,-0.098816,3850.550,36.568857699370
244.492156,-0.100449,749.636,53.237904362609
244.618411,-0.099483,941.486,33.913221101112
244.520185,-0.097465,3170.312,47.234872795138
244.502527,-0.098031,858.448,208.08186733181
244.513060,-0.097346,2159.436,40.939974323832
244.451128,-0.095250,16674.649,48.004086922230
244.654046,-0.096364,1666.093,234.02691337112
244.613333,-0.095200,2319.622,295.33333817943
244.438282,-0.093395,19964.953,34.572939269103
244.646070,-0.091971,19715.832,30.626947103228
244.502388,-0.092694,645.538,29.579908447044
244.642778,-0.092385,552.516,60.906728477726
244.639668,-0.091468,695.277,277.91137390277
244.510267,-0.090732,3900.309,27.873771462283
244.551332,-0.088800,22245.652,149.47535748272
244.472160,-0.090297,598.670,33.164029489961
244.636759,-0.088787,9658.903,272.04677446562
244.418502,-0.090046,1143.875,29.213567941074
244.599813,-0.088053,19321.843,28.550937111165
244.454081,-0.089564,570.341,34.835574826870
244.557729,-0.088998,730.977,29.392387369120
244.521704,-0.088917,1036.357,389.38108784105
244.659392,-0.088589,641.201,134.04279673274
244.510361,-0.085502,36672.317,210.47853123000
244.436630,-0.085296,10537.625,29.519835894437
244.624221,-0.083893,13534.626,32.126299086247
244.558384,-0.084447,858.567,91.896282547051
244.630723,-0.084087,793.726,58.722662851214
244.417941,-0.082535,9086.235,43.932071526040
244.551282,-0.083368,4699.758,37.305472989272
244.548648,-0.083233,2142.386,31.495572563678
244.435116,-0.081823,2150.381,37.117860616490
244.479030,-0.081668,825.717,72.161118810786
244.458136,-0.081226,2007.019,108.73952549344
244.425729,-0.080657,5101.501,118.96758582948
244.465292,-0.079157,10272.525,28.493105397062
244.553226,-0.078135,10109.729,33.993322420221
244.609004,-0.077706,751.637,32.205006347537
244.551158,-0.076560,902.758,28.601009257129
244.509083,-0.076378,1328.337,242.10395050895
244.442075,-0.075679,422.910,35.349822794659
244.595469,-0.073573,19223.828,32.194754722839
244.505951,-0.073969,1693.887,33.783318760512
244.562626,-0.073650,1251.872,71.324529675345
244.514641,-0.072301,1355.901,70.515035670858
244.658924,-0.071896,4596.475,32.249814097090
244.503754,-0.071165,6085.240,34.073646217657
244.461702,-0.071823,543.630,32.047133745272
244.417115,-0.070388,nan,42.824372188872
244.439747,-0.070491,1708.995,31.945009831937
244.582818,-0.070048,911.166,506.41438701488
244.617082,-0.068803,2674.936,28.648439603279
244.635373,-0.069401,868.572,32.732977981191
244.635579,-0.067003,36396.421,41.121536412169
244.455430,-0.068969,449.845,27.498149541439
244.421488,-0.068267,623.826,29.635383077284
244.628675,-0.066352,2378.960,34.932094344319
244.652345,-0.066151,715.084,32.131369963064
244.476254,-0.065131,963.119,32.295070012499
244.533145,-0.064157,1942.619,34.213816740650
244.427145,-0.064033,599.924,33.807179139513
244.616034,-0.063119,1243.851,108.34975814015
244.588403,-0.062385,1925.300,83.379295674004
244.535149,-0.062293,1214.641,83.318359455277
244.649928,-0.060770,7014.136,234.52595424905
244.528242,-0.060114,13289.965,43.764475650545
244.527301,-0.058377,705.148,85.524450791913
244.612498,-0.059050,19546.077,39.338994168382
244.636189,-0.059887,1814.147,29.010371415117
244.444994,-0.059425,6865.776,32.548919379892
244.471720,-0.059234,2558.891,26.732782780188
244.638433,-0.059399,740.234,167.22217373821
244.540215,-0.059436,917.095,44.786736068506
244.504026,-0.058119,677.008,44.743367811783
244.489607,-0.054556,24311.972,32.944963678445
244.546629,-0.056268,576.367,29.104036071573
244.547706,-0.054622,5588.291,25.399919617619
244.419199,-0.056108,735.953,32.093203492830
244.487005,-0.054698,710.132,30.094330829815
244.658553,-0.054847,687.222,35.471631180606
244.512206,-0.054373,1044.462,39.109186567337
244.637642,-0.054231,729.313,31.161573928493
244.426863,-0.053472,1314.826,100.41609631399
244.602337,-0.053217,1801.080,32.507053454110
244.537957,-0.052483,653.661,221.36352788933
244.424610,-0.051232,9117.825,30.362010686951
244.509822,-0.051691,2363.033,74.015836468200
244.440587,-0.049093,22867.955,38.099675183738
244.578807,-0.050203,1208.934,31.276190558686
244.567821,-0.048789,8146.786,34.048958925696
244.639443,-0.047957,1823.243,42.955343627164
244.482616,-0.047376,2110.774,25.086947002296
244.534417,-0.047449,1201.452,30.055793129680
244.618429,-0.046585,2194.502,29.342602529483
244.487789,-0.046418,893.285,29.932374109618
244.525298,-0.045004,947.575,29.931925137013
244.446004,-0.045061,757.634,32.447026868433
244.456400,-0.044763,1019.122,66.415676714317
244.456850,-0.042871,808.433,299.79788461961
244.432042,-0.044252,983.135,32.736843705572
244.570174,-0.043441,6649.705,607.03508180137
244.436499,-0.041891,31845.187,83.233234782906
244.634895,-0.043267,1226.588,30.484181009138
244.613964,-0.039553,59139.059,32.221921709213
244.604284,-0.040686,7428.237,41.244102968471
244.527887,-0.041073,1688.224,31.669556259269
244.506473,-0.040595,1777.949,35.050957327225
244.420202,-0.040048,3660.973,35.248073268796
244.444648,-0.040418,938.822,27.112938863546
244.432942,-0.039183,2220.129,31.109893925854
244.462313,-0.038796,2177.729,29.405437694034
244.582351,-0.039395,845.769,64.114111394500
244.606200,-0.038688,1017.526,28.067098885216
244.488541,-0.038192,2139.476,32.313141774610
244.501361,-0.037550,8328.725,98.787752982423
244.510709,-0.037720,659.040,45.917179684317
244.629778,-0.036613,592.129,59.582176543595
244.630331,-0.034350,9051.378,32.041626860748
244.569832,-0.034933,3069.533,31.170813982785
244.601441,-0.034296,5110.250,30.798479790401
244.530874,-0.033967,2360.085,49.138668817607
244.464135,-0.034424,572.077,32.889579315953
244.516033,-0.032685,883.860,215.66030274467
244.505742,-0.030563,6254.523,36.411869104904
244.641126,-0.030981,939.986,28.407380962814
244.554372,-0.029567,23291.175,31.467187670720
244.567325,-0.030091,2743.156,31.522898201840
244.445077,-0.029571,712.566,30.729403621576
244.519862,-0.029436,892.969,31.719903899048
244.420050,-0.029232,971.990,34.486189572742
244.633076,-0.028658,564.321,36.075604008422
244.472404,-0.027833,658.895,32.024852090079
244.452069,-0.027017,1287.959,35.899040148082
244.557794,-0.026716,1336.421,37.196847372654
244.651186,-0.025860,1151.138,29.874444838252
244.491387,-0.025155,2839.090,341.60396136480
244.504016,-0.023639,2928.295,36.914622915766
244.461832,-0.023873,650.663,48.200637842713
244.577763,-0.021809,34166.324,31.807488600187
244.442556,-0.023190,1834.260,28.756484999167
244.652076,-0.022492,3406.752,38.462530583416
244.546846,-0.022861,470.589,34.686717731943
244.639880,-0.022339,599.568,40.376942407163
244.587034,-0.021381,2374.381,62.489545534322
244.451429,-0.020853,716.564,31.897402613131
244.623624,-0.020341,1739.160,57.814720332475
244.466121,-0.018595,6173.326,27.916009792718
244.594067,-0.019437,1296.611,26.659053108006
244.522488,-0.018378,7018.937,50.528473578828
244.479333,-0.018428,461.574,31.423311562456
244.568634,-0.017666,748.407,43.493061501667
244.525786,-0.014643,5172.777,42.807595521298
244.595008,-0.012074,1434.825,44.653915090566
244.462543,-0.011443,2429.023,170.99000535063
244.469706,-0.010466,3411.304,30.649692573157
244.494021,-0.008093,4450.997,28.123822700067
244.445751,-0.006222,16775.483,33.459410337196
244.520613,-0.007453,1217.471,34.862918955446
244.509026,-0.006435,497.839,32.960963740197
244.427197,-0.003902,1090.034,423.37262728640
244.651840,-0.003362,1804.845,43.479250359771
244.635446,-0.003251,1162.233,43.889115727539
244.540474,-0.001031,57346.324,36.454908033987
244.514745,-0.002673,4074.140,48.718025384170
244.619829,-0.002143,2706.671,253.06231037244
244.528079,-0.002245,2749.524,40.697586230038
244.473374,-0.002017,4377.784,156.05838090743
244.597228,-0.000209,28150.092,156.31798481387
244.563466,-0.001381,2327.184,30.068326230160
244.583647,0.001082,24444.856,30.295184144733
244.581898,0.001618,4054.856,60.252869697816
244.477793,0.000664,712.222,42.240488970999
244.588614,0.001184,1853.068,48.705610131987
244.559361,0.002340,6225.718,42.025384197178
244.609182,0.003511,3598.156,94.643059061900
244.469219,0.003590,3604.223,30.782108181832
244.478345,0.003687,4006.049,32.408799198912
244.501068,0.005213,10122.067,29.266740523066
244.653058,0.004616,1478.164,34.710594486601
244.539929,0.005449,1395.390,35.963897321038
244.528858,0.006677,585.184,26.438785079751
244.505632,0.007386,2145.657,73.391277808364
244.581884,0.008043,3129.928,40.710567928570
244.520848,0.007906,1033.332,30.303596490818
244.630670,0.013857,7342.090,26.553336880171
244.538830,0.015242,2598.332,27.624262312002
244.595102,0.016133,1867.051,159.32516983528
244.488852,0.015895,1386.254,31.159360570715
244.660884,0.015879,918.516,164.62051588219
244.612573,0.017456,16700.688,30.012488275399
244.455341,0.016460,558.756,50.412451110844
244.451971,0.017642,14266.540,28.081553427366
244.562220,0.017103,547.920,30.591146648931
244.483561,0.018648,3726.572,32.102095392438
244.527024,0.017723,577.231,26.964432944369
244.658302,0.018220,1050.069,29.977012387748
244.454524,0.019952,951.557,237.31542785598
244.512920,0.019782,762.697,31.161793009882
244.468472,0.021692,726.433,29.126100228413
244.585838,0.024702,28355.143,27.433845176402
244.426333,0.022980,360.810,34.263762896482
244.515307,0.023619,828.664,71.547103879765
244.507672,0.024441,558.566,27.704678017016
244.639789,0.025077,1584.620,29.911150116029
244.617042,0.025619,7109.674,32.571998570527
244.505242,0.024667,786.483,29.937600873437
244.441536,0.024629,473.393,33.405430640543
244.626696,0.025417,1024.982,32.339273117368
244.432863,0.025966,952.852,51.141796762866
244.493904,0.026431,2452.412,29.380418057383
244.578813,0.025831,585.271,35.863480563715
244.590197,0.027926,4708.213,34.920404284917
244.490853,0.027720,712.844,30.268153689349
244.520837,0.028474,2410.428,80.976173203261
244.471574,0.028989,1379.064,194.23296158203
244.467867,0.028699,672.112,153.97442402086
244.431143,0.030086,7394.650,34.429442351507
244.560446,0.030728,20805.620,94.944000748284
244.431692,0.032597,12954.275,31.283654631021
244.507450,0.031627,1327.730,34.507185090711
244.560049,0.034491,9364.925,31.214045540082
244.534233,0.033840,597.584,29.046276034357
244.425041,0.035261,1469.508,46.305197772455
244.556712,0.034804,899.390,34.645672190258
244.642140,0.035523,840.707,32.320942625325
244.426128,0.037561,3483.722,78.740622252632
244.476788,0.037358,1067.073,94.514336097849
244.549695,0.037703,609.111,161.88824185138
244.574807,0.042174,6565.693,28.456592080696
244.427123,0.043382,7065.785,42.787777300923
244.519411,0.044428,14559.535,41.633232654154
244.497326,0.042657,483.413,41.878270368360
244.437568,0.044019,2680.886,32.208372430914
244.618503,0.044642,2992.549,68.893990217705
244.612099,0.045631,2131.048,32.470940464063
244.607558,0.046508,732.380,670.47123608897
244.486314,0.047425,5200.484,278.69868226987
244.434594,0.047564,614.797,29.773266710374
244.450924,0.050039,55188.474,31.637812836005
244.498703,0.050135,23068.115,182.97972842944
244.585461,0.048129,967.314,31.390386380040
244.564213,0.048279,697.180,37.453225304010
244.625373,0.049849,18879.805,33.005722910778
244.529364,0.048564,1058.955,134.43595737835
244.610037,0.049168,1851.843,182.59558089293
244.627406,0.048999,1058.354,33.977756762346
244.480998,0.051702,10983.936,35.491250514265
244.631581,0.051916,20691.845,31.364851019261
244.442260,0.053377,1281.778,32.431414005231
244.623265,0.053992,1420.224,34.783919182554
244.469684,0.054900,833.362,34.698999817366
244.659585,0.055910,922.927,29.420502914313
244.452731,0.056144,728.580,30.428878932947
244.604576,0.056673,1870.310,36.710795973916
244.587818,0.056899,1022.221,74.202768858609
244.655008,0.056636,720.865,455.20613031873
244.535422,0.057743,1611.152,29.904685307952
244.531111,0.059748,5787.002,31.390920070550
244.484404,0.062625,38284.107,54.230200871504
244.565014,0.060589,456.736,122.03422265750
244.556215,0.061574,922.633,34.515054530569
244.459062,0.062703,3135.829,49.173210513244
244.512040,0.063684,12007.560,32.846664137002
244.650805,0.064885,1482.149,30.595300404817
244.491611,0.065553,3409.944,31.896293939427
244.448038,0.064576,377.642,51.246148978311
244.453924,0.065353,820.420,33.732948319554
244.560049,0.066672,1303.722,31.085411695380
244.541084,0.067974,3446.054,32.071968132270
244.421615,0.067551,1192.315,280.12314189219
244.435461,0.067220,992.235,123.08765579638
244.429875,0.068053,686.589,25.502520778726
244.479357,0.070912,26109.378,129.89660221207
244.640846,0.070755,13639.129,35.492286850874
244.493345,0.071020,601.104,30.981677169495
244.446063,0.073919,11927.959,65.716260670273
244.583930,0.073305,2013.383,30.709370309296
244.543201,0.073321,1264.970,35.987873385519
244.633947,0.075364,5772.513,322.08436418720
244.594366,0.076335,920.248,36.331871974506
244.511658,0.080633,1429.209,262.26271178015
244.476655,0.083055,33825.491,36.559313376090
244.571776,0.081682,2089.340,41.746953680888
244.611451,0.083449,31570.279,56.378400826229
244.615875,0.084157,2900.184,175.43764364513
244.457082,0.084419,2726.751,27.013210020556
244.624852,0.085010,5721.159,29.151287441165
244.453053,0.085940,17236.897,52.691207256379
244.639497,0.085170,695.654,28.616244353513
244.602073,0.085833,466.051,33.067392829352
244.482479,0.087835,4268.792,29.028115295932
244.501179,0.086968,651.032,120.98697135979
244.541932,0.087959,1919.474,58.575910752746
244.427037,0.087487,591.275,31.928035705929
244.489243,0.091235,12020.109,153.43571460276
244.461184,0.090666,3502.809,359.27016972236
244.540236,0.090209,732.601,75.790615725591
244.591620,0.092039,17708.446,63.113827196537
244.455666,0.093208,33478.691,61.945943416214
244.513326,0.094223,6420.069,34.554339081663
244.640924,0.094505,4961.665,44.986620397952
244.508090,0.094508,4321.430,72.955627230082
244.652959,0.094496,1913.469,123.06760845914
244.570464,0.096476,3512.210,27.505303896908
244.611348,0.097798,11454.109,83.117996879560
244.633256,0.099242,12504.536,163.73831326055
244.652317,0.097717,830.371,29.716034414508
244.628936,0.101406,8345.670,44.690714989771
244.513066,0.102422,15127.146,27.080480918091
244.595485,0.101037,809.875,30.860917922876
244.472611,0.101793,2491.823,946.63278637794
244.577910,0.101301,543.940,60.988542207461
244.546832,0.102217,1186.037,38.434922203805
244.466627,0.107151,83335.833,42.179008190451
244.619942,0.106349,5950.462,31.145874282011
244.419299,0.106147,1480.797,30.352099370331
244.423598,0.108955,2525.326,31.213961525193
244.564539,0.108033,945.237,71.788817303594
244.429620,0.108777,430.399,211.71830076402
244.465815,0.109398,587.017,42.330539303079
244.579392,0.110323,8276.518,32.118215594459
244.640937,0.111567,20479.665,103.60258164283
244.557119,0.110743,3007.285,33.369617274193
244.589256,0.110672,2123.364,224.00098210702
244.470090,0.112327,7663.607,40.367721018883
244.632052,0.112139,1488.256,53.361351477021
244.468400,0.114837,19228.200,31.431303377707
244.488049,0.114095,2234.202,32.774426324120
244.608866,0.114703,5416.436,41.258335185205
244.623807,0.113708,741.989,30.893814605899
244.454016,0.114456,590.826,59.069250076327
244.445880,0.115804,1518.166,61.180517293565
244.515952,0.115633,872.269,38.105782264522
244.617256,0.116897,5158.124,33.933560316680
244.448794,0.117782,3221.173,78.569066864768
244.418137,0.117639,1420.407,31.741843669438
244.526102,0.117682,1075.135,184.23090179545
244.492407,0.119438,6640.722,144.85672509119
244.541217,0.118747,645.504,30.586383714032
244.475835,0.120420,15154.706,33.005543661821
244.441486,0.120744,9479.173,98.239428715693
244.488323,0.119389,431.341,28.611548929165
244.589135,0.122658,1411.629,47.585939851629
244.607484,0.124949,10964.004,""
244.498628,0.123939,507.131,""
244.450149,0.124730,2040.118,""
