#mjd: 58073.34352
#filter: r
#airmass: 1.526
#seeing: 1.31083944
#m5sigma: 20.4646
#exptime: 30.0
#night: ut171115
#ra dec flux fluxerror
88.024672,15.763962,125940.604,81.484074989521
88.001143,15.764125,7185.426,99.341805881953
87.994728,15.764944,11190.345,57.021103585124
88.020050,15.764781,5898.660,84.304337013181
88.048576,15.765444,9097.036,53.476089173506
88.130094,15.765566,4911.689,60.178937874928
88.091220,15.766084,4030.935,44.658691486559
88.003001,15.764848,1123.043,52.942278933440
88.077657,15.765272,1849.135,63.478231855270
88.078730,15.766935,5943.510,113.55850676229
88.197493,15.768293,24072.539,213.19818400757
88.013283,15.768429,30184.575,53.340987224241
88.185722,15.767124,4127.422,53.951279894678
88.099356,15.767489,3231.161,48.960794587502
88.008346,15.766496,1356.161,49.332510331520
88.159333,15.767546,2728.952,69.564010601594
88.168420,15.768911,10207.907,47.887629214448
88.047479,15.767628,1937.591,55.078930828483
88.105323,15.768049,2428.546,52.955707536112
88.151779,15.767750,1071.772,46.840438021266
88.062607,15.767035,661.385,64.391401350454
88.038276,15.768919,8195.468,54.926664893762
88.120167,15.768355,1887.248,43.043184125901
88.226827,15.768543,1208.557,49.803181628926
88.234692,15.768711,1430.672,68.116950065161
88.106982,15.770125,8214.805,54.509920730094
88.085919,15.769684,2376.247,66.913576212653
88.011038,15.770355,7706.106,52.695476288740
88.068661,15.769488,1095.341,88.643766978747
88.149393,15.771470,17583.635,52.388164779386
88.049898,15.770588,2197.737,45.473520066263
88.211554,15.769866,720.611,390.60961919503
88.036859,15.774835,85536.570,63.363028679731
88.235617,15.771382,9554.582,56.614146487638
87.994600,15.770758,4244.165,45.825480495230
88.199492,15.770990,2240.704,46.663930356734
88.022783,15.770028,875.147,40.662466282154
88.182666,15.770808,1552.517,50.999456025045
88.224569,15.770740,3264.360,111.55014471771
88.072881,15.773343,33206.585,81.822279195729
88.168298,15.772735,16670.841,57.471798415102
88.013767,15.771859,4495.152,53.067824569064
88.035847,15.771578,2259.521,147.51608393292
88.081887,15.771301,1557.645,90.323309945917
88.008062,15.772851,11234.249,48.921337685169
88.054779,15.771227,923.888,44.093947135494
88.138636,15.771295,1021.020,47.972534749078
88.113855,15.771731,1073.707,50.181719295313
88.232390,15.772742,2993.599,44.799957790578
88.125414,15.772377,841.875,47.190510817008
88.051055,15.772747,2964.147,43.283293542617
88.203850,15.772807,2281.016,59.190282067290
88.146133,15.773975,9073.778,45.160591098157
88.043595,15.772523,843.809,50.491459029550
87.993769,15.772888,1419.753,45.963543352447
88.206915,15.773695,3419.753,43.915832857339
88.083377,15.773119,1449.426,44.378812960018
88.173205,15.772817,647.841,55.821756990564
87.989770,15.773714,2901.931,126.52257383857
88.049046,15.776494,32476.292,50.627143757520
88.188045,15.773829,963.737,55.249358173728
87.994255,15.775024,4780.505,44.762132149647
88.170191,15.774688,1476.985,46.583918269088
88.066732,15.773928,766.143,90.600174658401
88.216922,15.776729,15343.045,45.168536135787
88.118399,15.774965,1451.863,66.128916372783
88.045741,15.776660,8560.636,351.02379511400
88.007213,15.778996,67789.534,71.057129641582
88.206207,15.776878,13838.528,45.540740272980
88.176279,15.775127,800.603,47.241916307712
88.167433,15.776432,4566.918,49.125053299389
88.079389,15.775569,772.325,161.37950372406
88.020109,15.778304,27386.263,44.827238391139
88.227844,15.776893,4081.780,48.457452127568
88.131373,15.776208,627.486,54.305707452377
88.157505,15.777341,3942.779,48.323919871164
88.142015,15.777659,2877.775,51.614501890552
88.054102,15.778363,4131.897,46.860662433211
88.014092,15.777417,1395.217,42.719897550315
88.050964,15.777969,2158.665,52.836542435563
88.056321,15.777970,1128.062,46.082539861227
88.102805,15.778086,1728.950,43.450726196019
88.150066,15.778994,2534.345,238.23914040876
88.164350,15.781923,68325.194,63.476002995358
88.012006,15.780153,8869.647,503.27920369518
88.222255,15.783987,156095.428,42.575388661930
88.203941,15.779928,1307.853,58.736959427007
88.000542,15.780959,5339.097,49.151281277544
88.233673,15.781218,4948.215,48.707734044199
88.046011,15.780661,921.052,46.327896626561
88.147686,15.782036,4890.368,54.188594598652
88.200541,15.782046,6944.003,198.62698016141
88.068490,15.784248,70349.445,44.273241062907
88.227716,15.781261,1472.019,41.203308184142
88.124624,15.781011,981.364,391.92331219353
88.012869,15.785842,90580.771,45.980858207019
88.155102,15.782098,2575.277,42.607180747722
88.139728,15.781946,998.848,43.935732048658
88.178563,15.782032,997.605,63.124845257915
88.122670,15.784400,14693.987,47.497884721291
88.186522,15.783143,976.091,253.37966108195
88.017980,15.787130,57736.701,66.841068922360
88.071559,15.785745,5926.630,52.492892688281
87.993698,15.783655,1695.117,46.496842259457
88.166565,15.783902,1029.893,58.861068510905
88.179697,15.785202,10870.716,68.354125699055
88.104751,15.785717,14911.782,43.797824161507
88.194292,15.784272,1682.514,45.192337678367
88.065391,15.785063,3045.471,45.603480246035
88.017053,15.784279,829.081,75.208746911720
88.162705,15.786572,15778.392,45.991602963707
88.189354,15.784521,1000.133,49.877937337089
88.201587,15.785684,3470.625,46.583986915958
88.135202,15.785354,2225.942,50.566111086657
88.001710,15.785031,1555.183,104.42235581596
88.145281,15.786993,25205.220,73.640972993494
88.004254,15.786813,10677.740,45.578154609986
88.171215,15.785565,1500.120,56.085402064459
88.128480,15.786667,6183.065,67.938582850366
88.113005,15.787610,14548.458,51.968988687327
88.089558,15.786407,3815.467,41.216468004926
88.074493,15.785886,1036.358,103.73412262858
88.192955,15.788416,21937.168,54.125745790023
88.057741,15.787291,6569.723,391.84574515078
88.004063,15.790452,93941.995,48.727704726056
88.165628,15.787224,1929.267,40.461670032548
88.050582,15.786564,1039.161,50.703871073309
88.191120,15.787661,4657.751,45.885079121817
88.236895,15.786433,787.701,318.99560716633
88.141176,15.790736,121585.050,51.794068647304
88.080183,15.787770,1404.787,44.229473986492
88.179791,15.787515,1037.457,49.178994519651
88.048467,15.787146,872.975,66.664384895544
88.221198,15.789131,9132.073,45.303303901368
88.196242,15.787874,1220.069,73.792354595779
88.021120,15.789501,11875.234,46.400511955558
88.010051,15.788333,1730.804,62.671414498869
88.133889,15.789443,9102.407,47.585901382213
88.115604,15.788465,1490.484,54.510312486401
88.150012,15.789546,3326.630,48.059688732242
87.998327,15.789662,1280.063,194.48115862372
88.000738,15.794355,40330.386,47.724147363349
88.147353,15.790327,4530.234,48.889869514717
88.230075,15.790368,3250.714,47.437093302897
88.174758,15.789591,985.186,51.596301598489
88.096607,15.790313,1952.415,71.457404255235
87.988531,15.792811,8231.398,67.751621173664
88.123586,15.792300,20016.115,150.34831101696
88.218726,15.793548,25117.231,62.669373395969
87.990789,15.791989,5543.004,410.86886422302
87.988322,15.796450,91673.903,51.355482768095
88.059537,15.792506,5507.821,45.410134463425
88.161601,15.792249,4431.442,60.972213021233
88.019125,15.792524,4902.524,210.36366242795
88.192565,15.796130,56665.331,49.934490242894
88.082144,15.792516,2872.549,42.166626137216
88.194944,15.792299,753.169,93.049680990704
88.188893,15.794637,21994.631,48.992631323500
88.172668,15.793998,3089.081,45.940080400518
88.114480,15.793772,2336.186,61.084261708023
88.118482,15.795060,9130.519,95.646193966633
88.083244,15.796854,24420.645,49.168831524484
88.224529,15.794594,2940.503,52.031758625840
87.997109,15.795203,3043.852,43.597820427989
88.100109,15.794098,978.425,57.194512307949
88.175273,15.795728,10568.281,51.742265812453
88.041442,15.794969,953.268,68.691488172103
88.006741,15.796329,10392.298,48.362153693590
88.081876,15.795477,1820.960,40.713577551949
88.085245,15.794956,852.287,46.631609969319
88.207264,15.795789,1046.567,390.50242541800
87.991532,15.799432,88720.030,45.841893989472
88.003622,15.795585,1033.455,44.486349027602
88.146437,15.796398,1217.909,50.490873577544
88.169217,15.797119,4432.971,45.376192379679
88.237528,15.796623,1052.237,54.203955678546
88.151632,15.797413,3130.006,40.649026700042
88.159794,15.797401,1763.986,44.256133917196
88.041336,15.796981,942.674,117.46237076666
88.151652,15.799289,27626.216,62.535100798748
88.120836,15.798398,9042.812,66.808042439408
88.189521,15.798342,8892.949,48.815004378857
88.126064,15.798066,2850.350,178.70770845445
87.994601,15.799861,35970.327,55.603409355638
88.206370,15.798458,7015.940,49.903873430231
88.071710,15.798079,3840.371,88.058529648718
88.129942,15.799748,15970.164,45.682769599324
88.123752,15.798443,2186.067,46.917961818129
88.027263,15.798503,781.529,602.63759049656
87.992051,15.805489,139335.785,87.496287798780
88.096897,15.800627,20206.339,78.021393128907
88.043901,15.800809,16928.468,52.011854924374
88.090136,15.800008,1286.180,45.314841536609
88.160121,15.800208,1357.807,90.586078485143
88.102159,15.802685,23007.223,411.99228073725
88.024900,15.805875,122182.538,49.810861032000
88.158634,15.801917,4579.959,44.674901171602
88.109265,15.800888,939.607,70.574677937825
88.040216,15.803057,11568.899,383.01114404399
88.103052,15.805306,116329.895,49.520707655082
88.207770,15.802312,3328.332,61.377164360495
88.171491,15.802988,13138.674,63.110094402412
88.238862,15.802920,8848.677,95.454164449453
88.136654,15.804825,24647.718,65.938276055378
88.226045,15.803950,10914.286,62.906324923353
88.031212,15.803682,7963.586,49.179191350640
88.167371,15.803469,3429.008,245.62841111518
88.187100,15.806461,66573.069,166.83943984723
88.177149,15.805910,41139.637,49.282430208060
87.987762,15.805536,nan,51.029969092856
88.190455,15.803618,2191.363,51.229399096071
88.165110,15.804584,4944.403,44.105220194359
88.033546,15.804702,2869.257,275.84850981971
88.087904,15.804689,2112.462,46.845992184232
88.129640,15.808198,73139.757,67.935591899242
88.043113,15.805072,774.824,42.965345074774
88.208202,15.806760,10262.755,50.285787500540
88.065915,15.805163,844.334,47.560364032991
88.190008,15.806213,1878.157,44.061831363104
88.001982,15.806475,3168.175,40.325799601308
88.167093,15.805972,1691.066,46.039603498294
88.062693,15.806145,1262.389,113.85680400133
88.143415,15.806854,3751.657,143.51632680797
88.097850,15.808517,28428.045,53.478595341282
88.008107,15.808789,31333.553,50.335851829725
88.099974,15.807210,5189.958,49.220981994230
87.991250,15.807579,2433.668,47.557924691817
88.157603,15.808178,5265.551,88.420093012930
88.238737,15.807084,1329.868,45.814749686815
88.016456,15.808844,14488.425,48.213439778642
88.171762,15.807711,2569.441,51.478442583842
88.153932,15.807179,786.954,50.035730615175
88.067396,15.808477,4612.968,45.280785634930
88.235831,15.807849,1368.758,95.065552535526
88.017737,15.807339,811.649,41.913572123372
88.121818,15.810718,23246.591,42.213672249535
88.193539,15.808641,2538.742,83.586621440339
88.122828,15.808125,959.093,44.222426623759
88.102160,15.810079,16705.286,58.649635726517
88.173740,15.808285,741.200,45.173183604069
88.226286,15.809337,2426.751,47.863750441874
88.217547,15.809176,894.420,49.972427883416
88.107411,15.809662,2722.159,52.768102901879
88.155827,15.810078,2417.965,52.228171906517
88.206882,15.810737,4743.378,47.937099000322
88.038269,15.810321,3070.718,52.182156454654
88.213210,15.810104,959.468,171.61791257926
88.231029,15.810736,1366.521,54.073889128912
88.142688,15.813508,51800.072,93.931540165401
88.087214,15.811528,3881.160,54.553100822052
88.024426,15.813026,17980.089,127.41945547375
88.212838,15.812242,4569.370,45.971686785267
88.010942,15.813427,28742.015,46.646844623687
88.198716,15.811920,1804.180,48.440456286716
88.195027,15.811587,1195.185,53.419918291935
88.037500,15.812272,2721.304,52.047621191249
88.176629,15.812032,1450.585,47.431530337183
88.102357,15.812781,3405.432,99.349536721849
88.097206,15.812418,1207.295,97.425704401222
88.162357,15.814375,20725.093,88.728471617689
88.050789,15.814697,22911.276,49.680242318224
88.180610,15.814205,14750.496,101.58842040112
88.209735,15.812643,1632.289,428.00122276343
88.175272,15.814573,24349.605,92.347590794130
88.046322,15.817249,154307.799,62.468901184670
87.995928,15.814900,16968.688,62.485421198885
88.166150,15.814660,19357.524,48.190338165736
88.168029,15.814221,1820.172,60.757636214498
88.218244,15.812621,1571.755,250.00282389685
88.171805,15.814802,10680.238,51.285539166363
88.079904,15.816961,62940.385,45.834260936748
88.000155,15.813723,1309.438,91.097280545221
88.204975,15.815650,5271.822,52.823414757416
88.104924,15.816474,29055.172,47.200589931297
88.229954,15.815441,4339.298,52.029865442812
88.040510,15.815584,2983.458,48.852155558309
88.170803,15.816562,7240.340,42.095087305999
88.153178,15.816050,3806.520,46.487698563953
88.222631,15.815740,1560.462,60.333658858779
88.065154,15.815080,1084.345,44.810161285618
88.093339,15.816257,7370.223,74.830308720732
88.002442,15.815737,1809.340,42.401811984790
88.157305,15.817278,9788.682,147.80955155767
88.077254,15.816393,2562.990,61.510031081173
88.160957,15.818554,41060.172,46.593846529127
88.074258,15.818033,7416.913,146.81899274950
88.138059,15.816683,1169.943,42.831667177680
88.007492,15.819898,38583.409,37.974510882355
88.238027,15.816817,1564.362,114.73075559223
88.184089,15.817113,1037.265,44.497199583984
88.183063,15.819449,23870.005,53.685520388442
88.179088,15.817368,817.956,51.458546899640
88.189046,15.819077,3439.247,61.347721297647
88.050746,15.819465,5463.021,213.30841904282
88.070726,15.819426,10346.226,87.502481519043
88.073024,15.821918,68831.897,44.431261026271
88.004974,15.820658,20320.119,45.201375785297
88.094345,15.819738,3028.800,50.158390608760
88.156275,15.819113,1089.816,50.206566305044
88.228694,15.819996,1535.846,63.395679181922
88.226992,15.820808,1425.592,53.849611988547
88.010343,15.821100,10619.111,48.049992494836
88.212951,15.819795,1564.110,50.156858923956
88.149311,15.819636,552.676,68.235756204199
88.103258,15.820269,2452.901,50.792794706873
88.110763,15.821583,10180.792,48.244907456493
88.123767,15.821568,6664.530,51.607892524025
88.084171,15.821206,1822.857,48.896270232414
88.237020,15.820896,931.854,60.474282925855
88.198101,15.821767,1854.392,51.030734037353
88.034838,15.822730,5270.767,52.941415545317
87.993513,15.822093,1802.416,48.391995080399
88.214212,15.822622,3180.129,68.905054563378
88.001960,15.822613,1840.999,49.556807488366
88.229215,15.824441,10917.894,51.545703934403
88.085310,15.823335,1974.740,50.547015297551
88.075103,15.823032,1001.935,47.888437613817
88.235346,15.823812,1313.357,49.626572474646
88.098892,15.824239,1381.157,43.571694275304
88.104454,15.823962,700.219,47.009287301336
88.181732,15.823791,845.376,48.273925754713
88.039174,15.825806,3880.339,43.485758294267
88.131117,15.825973,3045.014,57.076630910111
88.108784,15.825683,1034.701,47.570219105461
88.089233,15.827710,8336.494,154.88017886641
88.109000,15.827852,6042.775,46.614770588841
88.181724,15.829324,34680.234,52.188855215724
88.005187,15.827568,1088.704,47.342301456846
88.218108,15.828072,2816.115,45.468420578088
88.050164,15.827995,3726.259,40.028083565025
88.030759,15.827544,758.008,88.125551483889
88.134709,15.827557,1127.092,49.695066324879
88.187445,15.829933,13826.196,55.977011717590
88.068763,15.828375,2283.852,105.42673280460
88.103434,15.828942,4127.106,48.035258026447
88.068584,15.830259,21175.880,50.734047754027
88.210949,15.828215,1057.207,43.182862388184
88.174869,15.829332,3360.746,61.179786796904
88.023151,15.828494,957.573,43.831874561437
87.994429,15.829713,6358.268,43.513063277574
88.039914,15.829485,2151.036,64.037967012088
87.991172,15.829545,1436.221,51.900227826932
88.178188,15.830290,6861.694,67.331049827620
88.134332,15.830023,3285.686,53.728488914867
88.166294,15.831140,8244.636,119.77674018499
88.183340,15.830484,3274.052,86.458584801020
88.175094,15.832198,18907.029,48.735775769654
88.201554,15.832573,13624.321,53.507001174616
88.138910,15.830819,1080.479,47.738358872225
88.198506,15.832016,1862.174,146.28031924560
88.179503,15.832918,1988.612,47.473404714234
88.105681,15.836075,43176.479,56.484667993617
88.161510,15.833184,1245.544,53.885524361152
88.007238,15.833235,1001.064,236.19096658493
88.057123,15.833516,2221.054,45.767382866532
87.992525,15.836477,54865.021,67.830540663966
88.168860,15.834120,2925.672,43.677838216690
88.023392,15.835207,9661.144,54.060294057733
88.061958,15.833689,1049.510,43.654595909677
88.036318,15.835321,8774.236,43.375433122066
88.200691,15.834557,1250.096,90.536917280516
88.181076,15.834591,1627.678,48.178735922947
88.210769,15.836919,11791.366,71.545837300456
88.071215,15.835151,1959.849,65.497751732862
88.223759,15.836470,10156.096,225.35751972689
88.238759,15.835772,6684.442,40.794423636386
88.195043,15.838206,45472.862,95.304082816132
88.148550,15.835193,895.418,59.668876747129
87.987228,15.835422,nan,208.75304096741
88.012121,15.838211,20144.298,55.113959441951
88.101271,15.837433,11451.160,124.71730026370
88.079477,15.839586,60768.862,47.287978608258
87.995015,15.836350,1449.344,41.209911373949
88.046159,15.839747,31247.561,127.62194008951
88.049207,15.836713,1168.426,127.60351137314
88.136873,15.838156,1214.483,42.749558732909
88.075316,15.841177,41719.881,428.53177766458
88.076545,15.842568,5583.743,550.87894992250
88.228412,15.838826,1907.708,50.732002826039
88.001706,15.842672,121242.334,45.152681142855
88.122467,15.843341,137409.891,45.478518998408
88.216051,15.839119,3141.548,72.994716617019
88.065788,15.838975,1514.384,46.795471265070
88.197221,15.838887,2220.625,45.087648735365
88.203343,15.840247,7393.620,45.841696608653
88.192838,15.838946,1183.100,46.491082811711
88.016970,15.839058,1069.370,46.311246824024
87.989000,15.839381,1152.496,57.116452958615
88.039963,15.840022,1512.823,47.183910943692
88.013890,15.841258,3195.020,53.709133327473
88.057676,15.841284,4864.002,48.734393034711
88.169943,15.840881,2554.276,50.536847322334
88.052927,15.841741,3279.002,54.265565857275
88.109496,15.840812,2934.679,48.950021400957
88.185386,15.841090,2752.208,62.675013309286
88.165603,15.841074,3221.168,44.168799009694
88.151912,15.840967,1619.116,64.928711219140
88.059415,15.842220,7941.757,46.769494484772
88.123572,15.841146,1584.421,155.42820183842
88.024806,15.842575,10599.483,48.962207054774
88.018276,15.841177,1378.866,151.31887691391
88.068078,15.843810,34203.704,56.990145359308
88.218673,15.842400,3004.162,71.023749903674
88.036127,15.844362,45537.785,90.924768475387
88.211014,15.842020,2763.435,58.331899625506
88.143397,15.843021,9216.086,57.587233994863
88.132823,15.844062,18964.604,69.664837890550
88.234871,15.843285,4856.734,49.977392186167
88.119174,15.843609,4038.455,87.912944030371
88.181190,15.844141,7427.923,64.020014242354
88.157814,15.843062,1148.732,40.030510790312
88.051074,15.845228,14762.587,60.266507007627
88.104164,15.845797,9272.177,78.674227618934
88.015581,15.844077,557.655,49.400847345983
88.047137,15.846523,6197.138,49.352009726733
88.169897,15.846713,10346.752,177.52644056391
88.080026,15.846292,3617.393,760.74548616424
88.144465,15.847029,3757.037,66.216482525099
88.132019,15.848864,39125.616,46.210608585878
88.129967,15.852076,190285.551,53.681110682977
88.147914,15.848659,11567.208,43.286693806983
88.118314,15.846451,772.816,43.999617434104
88.053957,15.847440,3709.127,41.472107101769
88.216746,15.846510,1015.757,67.332506673211
88.002175,15.846567,1293.813,43.669119561621
88.147030,15.846674,1003.585,48.002338749941
88.012430,15.848930,10499.369,48.859658646879
88.132888,15.847112,1052.972,50.442603936057
88.185579,15.847172,1230.260,111.96347719801
88.152054,15.848952,5074.648,45.158101963185
88.158909,15.848706,5425.308,44.460120275387
88.027499,15.850990,28051.315,49.466045481575
87.988954,15.848239,1046.618,45.092951809195
88.154815,15.849370,1067.349,41.565496687147
88.219283,15.850083,3672.957,44.726069776243
88.098091,15.850217,4730.246,642.84562712461
88.001637,15.850257,4512.243,53.819288893601
88.184956,15.850084,2638.870,45.848286527504
88.225727,15.853785,104772.361,46.785843834489
88.199554,15.850281,4055.453,58.566603843904
88.212713,15.850540,1336.130,42.407694620211
88.148856,15.850556,1568.573,54.484159975117
88.174242,15.851296,5797.844,45.528669651974
88.085996,15.850862,1051.726,59.936779661499
88.147126,15.853106,5479.891,191.92407159417
88.157282,15.852055,1024.892,50.394891807057
88.017604,15.853100,6433.834,49.691740120978
88.071761,15.855361,55428.933,60.212039390837
88.163973,15.852110,893.526,47.303112133074
88.212829,15.852641,2282.092,65.915440629090
88.183317,15.853541,6317.198,53.925729309963
88.137240,15.852039,1097.329,49.936993595002
88.086337,15.854556,14102.078,51.236531960751
88.045807,15.853943,2622.374,51.923333415791
88.144792,15.853361,1405.200,47.867139506914
88.162985,15.853791,2470.599,68.478944000000
88.014507,15.854174,3566.548,49.144474149805
88.179086,15.854163,3671.666,45.774925913428
87.990226,15.855568,10307.977,94.839330528470
88.136084,15.854918,3945.332,52.939370040220
88.124852,15.855636,3179.792,106.24079366186
88.175681,15.856052,15465.228,66.197831263594
88.127681,15.855709,3126.081,107.15685058577
88.177764,15.856582,16035.417,50.790077404870
88.207529,15.855710,5319.744,51.710182294345
88.166487,15.857433,22732.471,79.060489993175
88.042570,15.855021,910.358,299.30555484890
88.096655,15.856260,7545.220,47.220514422493
88.003580,15.857056,11548.805,56.398123408394
88.196395,15.860476,55817.977,49.394863609018
88.024479,15.855465,946.666,60.527992083476
88.100735,15.856787,5181.863,154.19559645950
88.075567,15.855410,885.450,112.34155984468
88.026269,15.857097,6762.000,145.60610680302
88.034412,15.859374,39123.909,44.441217974133
88.080517,15.858961,23973.627,115.36912148842
88.040926,15.859747,42407.534,45.044498876776
88.143058,15.857104,932.596,47.237577554144
88.108430,15.859355,25241.034,45.175854095258
88.037581,15.857691,1737.738,83.458504235282
88.106182,15.857707,1531.075,54.059942224940
88.230541,15.857895,1072.327,54.834294760532
88.032087,15.859343,16167.766,268.53203373428
88.009861,15.858303,1521.187,45.694036947477
87.992987,15.859150,5234.618,53.591213577614
88.151742,15.862250,77680.686,53.608423182690
88.177629,15.859037,2163.924,44.937321128192
88.139163,15.859983,3138.108,47.168840709686
88.030470,15.860801,10018.432,46.432617388064
88.048103,15.859665,1266.352,56.391002230695
88.199337,15.859981,1378.428,57.352292709245
88.122655,15.860261,3094.750,72.980653248873
88.141092,15.861075,5772.818,45.229271924311
88.099369,15.861327,8136.538,44.254432157677
88.220403,15.861632,9208.316,203.81698156278
88.217560,15.861306,2186.728,53.168385377726
88.136647,15.861533,1421.085,46.632096599673
88.179522,15.866319,47580.103,67.064427675564
88.050376,15.863640,8700.109,59.482302840898
87.997097,15.862571,963.921,46.158199932640
88.082280,15.864212,7489.104,48.588828123824
88.031968,15.864209,6647.100,51.202992795566
88.239076,15.863243,1825.480,50.000436271871
88.100481,15.863753,975.937,52.408424460930
87.996942,15.864513,1871.104,49.048605991600
88.013898,15.865060,1851.412,49.236737165852
88.230245,15.865316,3723.498,49.065304926465
88.198118,15.865256,3817.271,55.200904033982
88.126498,15.865153,1097.598,54.013155847134
87.989889,15.865359,952.017,60.275340501052
88.018721,15.866574,4844.665,47.450518015320
88.163029,15.867752,5588.056,51.557980411563
88.175946,15.867660,6557.977,655.21311611569
88.105629,15.866610,1027.481,49.605654907444
88.165923,15.867499,3714.482,65.541322829805
88.198086,15.871700,134689.591,61.151471344288
88.036617,15.866546,734.035,44.430882320422
88.029576,15.869207,16419.276,47.256544834361
88.133776,15.869455,11129.050,80.290096230213
87.990227,15.867876,747.806,63.899337418887
88.174000,15.868618,1674.366,48.795502404639
87.995942,15.870202,16610.361,372.45149419854
88.141716,15.870549,10566.989,157.71730030836
88.117007,15.870125,3253.970,44.521229877053
88.063852,15.873722,84843.923,58.656102612407
88.229092,15.871727,22121.025,44.875278643704
88.146842,15.870271,4107.232,54.813937988677
87.993995,15.871036,8504.920,42.842013157780
88.096544,15.869636,993.689,46.011127669179
88.223993,15.871376,3941.972,42.002016586326
87.999791,15.870521,1023.650,141.56489787239
88.080477,15.870599,964.582,44.773951372650
88.238750,15.870461,1259.137,52.672462861665
88.232925,15.872800,20362.250,536.84259979887
88.160731,15.870566,876.875,48.658080158771
88.149581,15.871622,4917.038,50.302921156304
88.220517,15.874986,97529.814,230.67923809065
88.163712,15.871091,1045.395,57.626149746583
88.034324,15.871744,2532.401,55.668405735531
88.029574,15.874716,53963.320,45.843148637358
88.205338,15.873748,3770.923,42.279245796376
88.125966,15.873253,5678.780,43.740705154976
88.027359,15.873113,2864.040,45.922616813467
88.208235,15.872823,1214.852,48.810407754270
87.998234,15.873302,1347.348,53.167593658607
88.003282,15.874013,2433.232,138.82255607204
88.166554,15.873797,2269.486,66.892019626513
88.214064,15.874842,3457.585,70.607532103373
88.078680,15.876800,32265.978,47.603847708233
88.156524,15.876400,12534.085,44.134429326354
88.104872,15.876669,12034.489,48.971620644611
88.187073,15.874688,802.195,47.208844361516
88.182817,15.875259,1352.040,48.946265021817
88.062728,15.875652,1768.636,102.39167076062
88.217087,15.875742,1379.976,49.885237186359
88.007085,15.875343,889.294,129.97900964465
88.212757,15.881141,17430.697,61.927546634917
88.119919,15.877654,3024.735,50.730150073269
88.084324,15.879923,37570.547,43.598566607739
88.092699,15.878545,936.649,52.223572270496
88.137310,15.879453,3719.953,53.057846836375
88.124257,15.880191,3067.549,114.78995017292
88.135095,15.880408,4108.295,43.200357527347
88.034321,15.880442,6343.914,54.799576487858
88.111669,15.882208,27213.496,50.065910159903
88.240778,15.879909,622.039,255.31315275528
88.057669,15.880548,3945.238,39.606961005528
88.079362,15.881179,6403.767,45.415639863908
87.992379,15.883667,69111.260,90.651476092127
88.194104,15.880574,2309.627,347.27954959018
88.105907,15.880999,937.583,62.776308310577
88.183391,15.882572,16726.516,43.223397952528
88.046206,15.885553,99629.268,42.559042458241
88.019510,15.882218,7381.898,61.856851112134
88.230026,15.881408,1724.169,46.814873527103
88.042245,15.881363,1532.236,45.704002897766
88.123789,15.882853,6640.775,55.950924022729
88.128778,15.882070,1824.458,43.413877175492
88.211020,15.882683,1481.180,47.505968887507
88.102375,15.883879,5225.367,43.926791545050
88.016528,15.883461,2114.938,157.53610828531
88.004311,15.883102,1560.453,78.576141861578
87.996854,15.883557,1329.922,49.905075848370
88.231884,15.885952,22926.316,397.03666731843
88.174099,15.885478,13666.269,226.78750160578
88.122966,15.884733,3441.495,51.232514632764
88.076643,15.888001,116876.449,45.551730339623
88.082558,15.887073,69050.395,55.910696267565
88.034147,15.884328,3193.989,67.982446584000
88.031174,15.884150,1414.914,42.608681307360
88.154295,15.884487,2766.470,43.923349497821
88.171932,15.885567,9217.679,50.217465347781
88.214485,15.884316,1620.747,60.207399731726
88.073772,15.884370,1791.316,311.97631396407
88.146011,15.885213,4016.009,54.626090936136
88.019014,15.885638,8931.892,52.048040017990
88.236391,15.888185,56079.942,51.315336796838
88.089917,15.885748,2650.424,46.849167997740
88.084356,15.885711,3007.696,49.985300480543
88.004307,15.885716,2170.413,46.578362975874
88.169978,15.885754,1634.463,70.201929140465
88.127850,15.886592,4118.302,74.099559128029
88.087696,15.886978,3959.796,52.834489677232
88.142613,15.888006,15772.299,48.180190419095
88.229601,15.888507,6373.396,61.837995548936
88.032233,15.886238,1109.535,51.535225425558
88.002153,15.887085,2370.130,45.848630404687
88.186145,15.888471,8121.913,51.419927078105
88.170797,15.888291,3487.160,52.128230135112
88.011347,15.887370,1163.681,54.128510054072
88.040357,15.887341,1315.539,52.816326157889
88.133014,15.888751,3707.567,50.693588352576
88.069528,15.888236,2156.146,52.351584049945
88.046102,15.888437,2001.361,47.205672983187
88.193118,15.889713,5167.343,53.272289805649
88.130388,15.889090,3616.178,44.113747433281
88.062739,15.889283,2642.739,76.837813536712
88.148805,15.890145,5301.789,52.929634910875
88.134938,15.889272,2078.896,49.844012378797
88.238396,15.888983,1663.591,49.880117283440
87.991463,15.889989,4507.453,45.274697113124
88.066131,15.890879,4987.811,40.529474330931
87.997445,15.890046,820.538,221.19070697648
88.229854,15.891455,3083.183,48.859084241569
88.218440,15.890800,1073.654,40.283344743989
88.046716,15.893059,28033.198,49.025999530622
88.237351,15.891494,3266.528,44.991715171223
88.109622,15.891889,2444.152,46.927139604310
88.032666,15.892132,4101.285,46.942613087216
88.025184,15.891787,1289.643,353.73456217595
88.009219,15.891803,1006.398,46.238346860732
88.194230,15.892473,3138.880,43.078071059144
88.076535,15.896567,116709.852,38.983369386988
88.209386,15.892915,2699.063,45.452136220719
88.085971,15.892361,2053.587,44.930133134547
88.215000,15.892110,880.387,55.468267610411
87.992343,15.893462,4652.149,128.83138357399
88.131297,15.893129,1797.830,50.347032984447
87.998308,15.893301,2774.666,84.517232766246
88.162888,15.895448,27444.955,52.065297266650
88.132738,15.894508,3722.991,42.008446064535
88.028425,15.895430,19253.187,67.881779670557
88.164167,15.893694,1781.670,50.945061517557
88.169704,15.893993,2310.489,48.415662665533
88.190282,15.896017,10016.453,75.313593027536
88.044046,15.893497,567.685,50.008462661504
88.184511,15.894539,1460.679,65.452251225782
88.208620,15.896640,11886.235,73.714038774183
88.060850,15.896222,2123.442,118.88173334570
88.010006,15.896264,5236.047,74.872679920810
88.197993,15.897162,10798.793,49.727314510710
88.102073,15.898605,29125.807,51.544855013868
88.106646,15.897849,10648.346,52.509466072594
88.121712,15.896692,1634.788,59.028708764474
88.233696,15.897561,3078.059,44.330747200301
87.995250,15.897665,1914.694,46.510639989148
88.043082,15.899137,6129.272,49.730825911869
88.074225,15.897883,978.626,161.20614209911
88.095905,15.898582,2410.598,468.92297589356
88.203496,15.898935,2709.969,440.45603688401
88.183856,15.901080,38688.324,53.650077805078
88.014186,15.903843,180405.589,57.818520512418
88.217727,15.904110,92042.118,63.155415003353
88.007230,15.899694,1685.155,109.97560526083
88.229210,15.901100,5672.189,44.723199350380
87.994827,15.901316,8580.605,50.015457515058
88.209376,15.902147,22500.714,58.878037741491
88.128206,15.899735,744.205,47.162421345046
88.163268,15.901339,2417.756,45.217227781941
88.219561,15.901747,4455.241,44.279883214797
88.154671,15.901748,4055.107,49.591603659583
88.200964,15.900957,783.614,45.580537614078
88.239971,15.900661,778.268,62.412957683408
88.205831,15.902014,3462.688,128.31599659035
88.035209,15.901986,2317.630,47.317810358618
88.091146,15.903289,7745.066,42.297351475676
88.198312,15.904712,28969.500,155.41019320144
88.081190,15.902109,1389.907,155.47265122081
88.145708,15.901830,733.073,47.351816547095
88.233655,15.905428,34243.630,153.99035207473
88.235269,15.906433,1475.667,54.702110597294
88.057027,15.902647,837.683,55.186697795071
88.076817,15.906002,45682.662,61.428853640796
88.018495,15.902879,851.323,103.29650057194
88.214193,15.904669,5190.895,103.29876384486
88.017948,15.904699,7241.050,46.295851605870
88.142469,15.906338,30485.678,54.415751827425
88.140987,15.907481,1121.813,57.162731251661
88.027238,15.903833,1573.395,53.554324447861
88.207563,15.905462,6580.356,69.840594097640
88.225073,15.905575,5734.953,40.106358179033
88.136656,15.905526,5084.384,47.888295441989
88.013692,15.906212,13521.805,55.733549087627
88.180607,15.904166,856.738,45.347689784551
88.139103,15.904991,2957.039,49.142130550300
87.992332,15.905996,5350.405,282.95494323392
88.159450,15.905374,1784.576,80.127001189989
88.020955,15.905319,1136.169,152.28435236819
88.117875,15.909632,70551.614,46.429503669601
88.166916,15.907966,12126.281,41.940350483821
88.202310,15.908689,28883.224,66.713347689867
88.063352,15.907042,1773.835,110.60672120552
88.191077,15.906534,790.504,48.440351733872
88.119778,15.909224,8364.198,85.073149534493
88.096125,15.910604,35047.383,48.917030926187
88.018336,15.908538,3275.091,51.809276157847
88.227910,15.910273,8515.861,51.919673855972
88.049990,15.908186,1374.532,328.76476520856
88.169099,15.907917,1090.381,48.870433262510
88.080733,15.908314,1093.642,52.699826213544
88.110407,15.915193,92339.421,65.534203550426
88.107538,15.908221,953.417,51.437806698278
88.010474,15.908734,1726.310,56.258140291274
88.161131,15.910777,9068.071,61.126004739461
88.148980,15.910180,6230.913,49.055887380280
88.173322,15.910007,3782.767,45.127978197194
88.066176,15.911401,6559.259,73.191605591268
88.163383,15.909788,679.289,47.408689826272
88.143573,15.909750,1086.991,44.226024171064
88.084104,15.911891,11286.004,47.057898180769
88.089309,15.910359,1642.156,52.624444816449
88.123820,15.910378,1483.459,55.158791328845
88.233281,15.911149,3145.578,60.533676441664
88.033038,15.911122,985.271,40.711343468559
88.227972,15.912664,6930.252,47.189688892525
88.050665,15.912114,2140.143,42.703487329253
88.144916,15.911517,726.430,158.28512239765
88.038352,15.912984,2784.837,94.705704406255
88.179957,15.912462,1498.281,67.337627880597
87.998484,15.915209,49967.511,194.13290733558
88.028183,15.914858,23741.567,99.200482919256
88.153085,15.914746,13069.583,48.103726261935
88.176057,15.915938,50531.211,327.57207784325
88.222729,15.914875,17126.841,39.275716464588
88.174866,15.913479,2692.437,49.872746154281
88.216859,15.916816,60558.919,45.914000376909
88.170129,15.912797,688.679,213.92502835534
88.078973,15.914277,3838.619,244.34606482585
88.017521,15.913248,1009.581,63.127628732896
88.163331,15.916903,60155.439,165.60051728094
88.190919,15.917566,53833.136,346.13936768848
88.165125,15.915395,5860.460,44.238270961643
88.231530,15.916413,26992.749,243.54084155630
88.126923,15.919843,108894.726,48.326764601529
88.142057,15.915858,3517.183,44.628916590124
88.174329,15.918536,64523.042,96.482341329806
88.061704,15.915284,1376.668,308.11445047881
88.236962,15.915045,1146.345,44.502581533279
88.229566,15.917250,12897.707,656.09697105747
88.139433,15.919658,104182.087,47.094247252399
87.987081,15.915417,nan,45.243353204623
88.179273,15.915851,1761.395,43.807518626123
88.191513,15.925862,166565.692,47.280354370715
88.144348,15.916619,1601.132,55.893638208628
88.131678,15.915903,584.522,49.298293952166
88.076019,15.916869,1528.268,61.086512317638
88.181392,15.916863,799.170,82.019797843551
88.114972,15.918148,3685.006,106.19663355698
88.171337,15.917804,2070.233,43.647701396582
88.123626,15.918914,8172.845,57.089199671429
88.216505,15.919482,8620.176,47.634819893059
88.023797,15.920251,26721.863,56.081414938282
88.157279,15.917891,768.648,45.743493090420
88.087703,15.919829,8276.788,51.718659911298
88.240074,15.918636,1660.716,63.784859631213
88.135906,15.919896,4761.744,78.635330987411
88.011511,15.919835,1878.755,78.630832873873
88.081189,15.920517,2515.222,44.522532655461
88.192856,15.921402,9575.912,368.51064809224
88.200805,15.922111,12946.308,54.213571524877
88.201582,15.923814,7944.198,48.349337119397
88.183234,15.920630,1293.347,47.681842070788
88.204599,15.927283,79339.835,45.675275916915
88.044481,15.921531,1590.069,49.151527023154
88.219716,15.922095,1487.668,51.470772522894
88.185359,15.922317,3478.020,52.130939337074
88.035010,15.922517,2630.399,46.918340848183
88.070111,15.922185,1301.308,79.656343127221
88.019764,15.922596,2164.471,48.498302527517
88.137641,15.923483,4542.803,41.736593848062
88.094920,15.922579,1282.371,43.008346178504
88.126789,15.924772,15544.368,47.604353074969
88.016577,15.922991,1408.589,65.792205275373
88.097209,15.923622,1930.002,60.570037803340
88.134216,15.923954,3462.550,44.310031796915
87.991683,15.923922,4443.411,45.001683089121
88.017106,15.925251,9523.740,92.090492115433
88.185329,15.925246,9563.699,45.757846823184
88.143562,15.924529,2332.105,51.347928549710
88.045022,15.924564,1383.734,46.591396383267
88.220749,15.925719,8836.824,62.602928967957
88.218458,15.924419,1042.372,233.18517295878
88.156691,15.925774,6402.154,48.561084720516
87.998048,15.924930,2042.774,45.355381865248
88.034871,15.926645,9092.678,46.648358260078
88.063655,15.928383,57170.327,55.121534621520
88.042964,15.925250,1274.150,51.421722640623
88.076948,15.925286,1243.560,66.692381200635
88.108227,15.925857,2666.000,301.91217734701
88.212793,15.926684,5457.657,336.97233691806
88.101704,15.926406,2657.773,44.109388131145
88.028723,15.927332,10495.891,519.38599301876
88.115830,15.929476,95489.186,43.149047247496
88.211838,15.929973,66820.226,46.163197728547
88.138633,15.926346,1108.290,63.609263721516
88.232885,15.930820,78297.526,54.844047902551
88.013561,15.926367,1051.492,58.513154877246
88.130593,15.926916,908.554,71.309864520095
88.218792,15.928184,5532.859,49.555416890543
88.240567,15.929119,4037.930,318.62018170772
88.093828,15.929967,3618.716,56.910665949800
88.151698,15.930476,8964.901,46.325444643525
88.060163,15.929546,1247.097,50.086333286426
88.180039,15.933573,79475.599,157.57826738134
88.030026,15.930811,4270.488,61.178639462557
88.175874,15.930241,890.005,44.768856850049
88.054127,15.930857,889.776,49.309842549133
88.116111,15.934807,39934.264,49.722135879893
88.025666,15.933101,10854.374,52.942301861637
88.176810,15.932696,2838.131,46.122756274442
88.019321,15.932029,1376.317,43.236182454236
88.063417,15.934181,7199.220,48.526447732818
88.154636,15.934670,5802.474,48.306278711921
88.040981,15.933892,882.377,51.435908979228
88.133547,15.934318,1323.186,65.541450694274
88.181195,15.936041,5407.105,43.692264286121
88.049042,15.935614,3970.699,51.685973169016
88.080011,15.935707,2750.368,48.788487151376
88.077398,15.936689,5825.445,650.20894077966
88.235879,15.936287,2232.953,372.25629653152
88.225542,15.936903,4134.504,627.29178795146
88.018274,15.936412,1453.729,48.998294441576
88.046345,15.942420,199810.290,51.963959110876
88.117901,15.942146,93007.509,129.00321117002
87.995483,15.943322,177747.130,51.640611784567
88.223051,15.938601,2312.059,51.039807349173
88.019002,15.938236,997.450,54.868518367079
88.194908,15.938731,1952.047,58.636532002032
88.038056,15.939301,3772.100,49.383472752008
88.212913,15.939201,1839.346,47.742767042290
88.030410,15.939989,1535.272,50.690710021605
88.186894,15.941549,6497.255,123.43057713789
88.137378,15.940855,973.866,45.431878410861
88.176366,15.941455,3733.551,52.448332619961
88.088428,15.940816,1663.424,52.091749762625
88.062096,15.943833,29357.684,41.183545891428
88.001733,15.941307,685.079,43.956853807121
88.065897,15.941029,627.050,49.681684824977
88.017506,15.941648,1020.098,44.512144088451
88.130413,15.942213,1111.577,48.240040252777
88.142924,15.942142,1577.433,52.576480538897
88.218877,15.942547,1006.319,51.395080652901
88.051486,15.942637,1213.305,56.929915382964
88.230221,15.942977,2433.999,48.597405726510
88.032624,15.943118,2935.972,62.837189447547
88.048900,15.943387,2344.947,241.07532456927
87.987140,15.943663,nan,68.168993381868
88.006671,15.944119,6147.826,80.229816680733
88.070755,15.943212,1346.260,105.39977227612
87.997023,15.944758,7250.846,48.001763101477
88.057841,15.947062,71505.477,67.493345926080
88.189321,15.944954,10352.786,48.253702795826
88.136386,15.945814,17599.481,63.382170379731
88.239338,15.945300,12066.291,44.376760257637
88.090565,15.944802,1718.014,46.035498245626
88.072878,15.946022,8931.085,39.520712306139
88.141479,15.945287,2447.915,45.482455174524
88.094493,15.946834,7660.563,263.15469471398
88.100620,15.946344,2523.969,46.098263407484
88.138581,15.946838,1570.617,45.074915970052
88.156032,15.946989,1762.506,50.076055875510
88.089174,15.946981,2000.656,50.286113389221
88.148467,15.951197,73158.758,146.62810885791
88.112665,15.947277,1395.705,45.300401016298
88.050891,15.947345,1128.991,56.393463784377
88.019185,15.948024,2531.866,51.990097947327
88.221270,15.948927,4045.162,50.262814357490
88.141704,15.949995,34316.954,57.599950255153
88.170987,15.947606,1038.620,97.913072112365
88.099367,15.948174,1765.648,75.377625168608
88.225862,15.948820,4564.661,51.245124258940
88.179623,15.949248,7931.227,53.557606895019
88.048278,15.949630,5488.390,43.809866217569
88.151924,15.950764,22133.876,44.701470142053
88.006642,15.950496,11693.314,74.835887856411
88.054729,15.949240,2843.943,103.91993430724
87.991449,15.950034,3311.759,64.266840429525
88.229430,15.948892,897.564,52.582872525945
88.200488,15.950081,1366.058,46.152855793692
88.063261,15.951550,13378.290,54.730669094679
87.988297,15.952649,21507.154,56.170938110045
88.162533,15.951811,7892.970,160.25222321223
88.090097,15.950683,1495.342,53.798488832945
88.212605,15.951177,1415.695,51.090115606545
88.195442,15.950890,1950.194,48.921961388388
88.003933,15.951945,7272.847,50.670720514428
88.177634,15.954251,39311.792,44.275627583165
88.040462,15.951480,1443.493,116.34462137515
88.181229,15.951851,3295.570,51.594198073867
88.143710,15.951773,2772.251,50.473150237043
88.207012,15.951502,1719.954,58.255238061057
88.184205,15.951612,1255.230,80.617940152261
88.098187,15.953631,9682.878,48.766583822966
88.042893,15.951875,1169.931,54.223960946063
88.158725,15.952000,782.570,48.937705151612
88.090451,15.953481,3776.273,47.714836525629
88.195564,15.954528,13047.538,57.876320204074
88.139378,15.952510,1127.657,222.75892612745
88.153821,15.953936,8563.556,43.463320082973
88.127763,15.953075,1303.186,46.569756262264
88.063918,15.953691,1779.972,44.520988654125
88.043480,15.955023,6998.675,48.382465927381
88.032813,15.956881,71613.564,459.97723713647
88.165881,15.954107,1214.837,85.921778293716
88.157890,15.954502,2191.003,48.247680860340
88.173815,15.954923,1082.277,96.956270839041
88.055001,15.955170,1946.250,66.623558307947
88.218831,15.964362,67187.362,88.850140573632
88.190642,15.958540,14511.817,46.786020435687
88.172835,15.957055,1438.142,45.084519765039
88.050303,15.959382,17844.926,45.811984818106
88.022265,15.958533,12056.763,57.063424632599
88.230647,15.958674,9251.973,45.812482453139
88.148767,15.957506,1383.100,45.410304203810
88.164299,15.958246,2189.588,42.902342614197
88.080365,15.957710,1449.178,119.12695854214
88.005454,15.958050,3155.704,53.623289185156
88.166775,15.958648,2854.056,123.33772719583
88.144542,15.958653,1681.898,58.061152593018
88.171847,15.958700,1008.103,90.160952631317
87.987955,15.961969,28870.792,53.285729675426
88.053543,15.959651,2665.428,98.387187344506
88.064869,15.961690,23629.917,53.573221366402
88.067075,15.959848,3734.350,86.346558432486
88.104424,15.961184,11305.553,42.477830586222
88.212528,15.960488,5008.427,48.552237491284
88.109240,15.962563,24186.961,52.060905475354
88.110882,15.960470,1718.164,69.112292816897
88.230860,15.961510,8637.080,51.891229351697
88.138576,15.960430,1215.887,94.329219871631
88.113367,15.960200,902.731,51.176279510081
88.170265,15.961690,4301.208,84.042204772767
88.096756,15.962108,8594.917,48.710902011335
88.153626,15.962212,4679.877,50.895329288335
88.032752,15.963153,19968.065,45.242454152926
88.004605,15.961268,1487.818,455.45153826234
88.086127,15.963424,14866.140,108.23035991139
88.023358,15.961593,1037.273,62.564530810135
88.204737,15.962742,1437.377,59.298054115799
88.143980,15.963144,2031.013,45.013410265795
88.194882,15.966840,89878.747,94.671876962244
88.198150,15.965067,15366.863,47.651324548188
88.134424,15.964760,7301.338,52.079530132528
87.996329,15.963861,2472.274,46.004534632993
88.035437,15.964241,4235.977,143.82595612750
88.179608,15.965592,17831.053,45.800336246127
88.060098,15.964321,4790.603,258.08677723400
88.081439,15.964786,2861.978,407.10289797537
88.196116,15.963866,897.250,47.445795515099
88.090498,15.966886,33282.819,400.80120132613
88.182726,15.964891,778.474,161.79094529493
88.034631,15.968375,76260.388,47.567679331971
88.163340,15.969689,101577.164,46.164391343236
88.123761,15.965985,945.331,45.524649850400
88.179126,15.969551,82847.155,50.954584387779
88.044537,15.968766,40479.941,99.490585681969
88.029502,15.966316,1406.171,46.734056956796
88.057716,15.967060,1581.236,48.600844208442
88.170768,15.967330,1926.909,64.404306220435
88.027460,15.967590,3848.684,46.842672852441
88.184781,15.969215,17712.907,56.091845960318
88.049342,15.968172,2385.054,41.024620880690
88.012008,15.968138,2212.769,196.43185833112
88.036384,15.967491,1187.991,45.990194811729
88.140795,15.968408,4383.074,44.958603491433
88.032465,15.968476,3724.253,79.199667705654
88.213009,15.967754,916.973,60.326954295215
88.172394,15.970886,39928.269,49.806877320907
88.081542,15.968546,1847.367,108.47378782130
88.138787,15.968112,886.272,61.746221061985
88.197508,15.970747,13128.553,48.545411099802
88.057431,15.970017,5764.400,93.186576323244
88.087170,15.969676,961.007,701.03235867538
88.119242,15.972869,25142.004,357.90341797941
88.026990,15.970993,3139.875,468.20977614776
88.054690,15.970829,1339.129,242.63856147414
88.216763,15.972091,10420.201,49.568935448079
88.145568,15.976154,182423.530,53.48085543066
88.088612,15.974856,96952.441,49.049447583040
88.127067,15.978201,122229.181,49.366476325012
88.038476,15.975051,82793.702,65.335724473214
88.137850,15.971841,2452.028,52.933832510867
88.201355,15.972705,4710.957,47.808390838321
88.190963,15.972267,1690.151,601.82337421656
88.116322,15.972238,1502.249,51.058710506589
88.170468,15.973149,6449.897,50.680875706805
88.107941,15.973595,5954.777,71.766380048150
88.185093,15.972124,1018.203,71.695432806705
87.987356,15.972411,nan,65.886245117564
88.062001,15.977786,185148.035,51.667015715980
88.047004,15.973657,3438.670,49.366144037992
88.229823,15.973050,1343.859,49.362098664673
88.031824,15.974402,4036.653,51.863321756756
88.031264,15.976137,13701.715,44.417766085964
88.016308,15.974522,8640.905,52.697756323293
88.065490,15.973381,1198.293,46.112535173238
88.173817,15.974187,1423.339,70.616856000929
88.174802,15.975738,1574.887,48.752023489194
88.029600,15.974056,3114.513,47.539534335737
88.142804,15.973664,1222.243,51.662813292772
88.114240,15.974081,881.729,194.56005988561
88.094716,15.974658,1724.395,45.911988627001
88.002432,15.976377,10623.837,229.79500122434
88.128513,15.975099,1934.870,60.541371966414
88.194824,15.975876,2288.069,44.070731314345
88.066239,15.976065,3025.540,89.395968242296
88.203213,15.978520,28860.675,54.074695525856
87.989514,15.975607,1185.494,53.289890201885
88.169452,15.978866,61056.942,750.91431935758
88.230731,15.976387,4636.934,51.054406989446
88.011025,15.977045,2754.006,42.619983410420
88.080356,15.976946,1755.486,55.107186497541
87.993122,15.977860,8647.972,366.11284483476
87.990256,15.977501,5751.475,51.108949318228
88.201901,15.981452,126930.587,42.078567271275
88.188790,15.977789,4865.758,49.764071122079
88.098260,15.977398,1842.815,66.662839953390
88.216260,15.978135,3481.635,46.330101094702
88.229496,15.981638,45751.228,50.606434298391
88.004887,15.977477,2009.925,48.856062559432
88.119661,15.978028,1856.400,54.748887458067
88.014331,15.977638,1645.238,42.396455396255
88.239506,15.978562,5629.531,71.871158277820
88.221951,15.978119,1460.895,117.82252564342
88.018934,15.979318,5320.050,49.461374730364
88.124858,15.978257,1158.696,49.856962142650
88.061752,15.979839,4294.067,184.02015756762
88.141941,15.978467,657.069,56.529064464424
88.068487,15.981116,14079.617,57.471140774588
88.173544,15.982103,23001.121,261.94555338135
88.182213,15.979909,1620.343,119.78344601152
88.092143,15.981457,3789.742,52.575799433572
88.155490,15.983397,24349.123,114.93068951591
88.195595,15.981771,3238.358,51.354408359645
88.126275,15.982593,4743.401,265.35823416006
88.037193,15.985112,72886.027,41.724850093980
88.068594,15.984158,27583.597,50.436269638673
88.014799,15.982702,2544.964,49.992571764379
88.081333,15.984251,24798.806,533.34706677022
88.078983,15.982998,2544.815,51.342535171426
87.991905,15.985280,57402.206,50.486183980736
88.189993,15.983132,2292.711,52.834964120696
88.214684,15.983683,3521.779,43.658204185400
88.086482,15.982933,1211.911,54.849315843356
88.118253,15.987857,125311.455,50.752537872256
88.026169,15.983932,2579.568,45.375889245919
88.039478,15.983391,973.667,44.034977763190
88.006775,15.983826,1652.127,262.76489782194
88.224114,15.983978,1582.316,50.155366846740
88.051717,15.984022,1276.506,67.952586020991
88.089064,15.985081,3487.043,45.401712217568
88.062168,15.984869,891.666,50.075651024116
88.151796,15.985031,962.798,46.915651615457
88.182438,15.989519,45695.451,45.684405333731
88.050045,15.986431,1566.587,47.431809250755
88.221265,15.987107,6049.137,725.52266331073
88.199430,15.985968,1008.103,146.55272169771
88.055042,15.986953,2764.138,185.64813582446
87.988837,15.986458,864.187,50.003659297787
88.028039,15.986876,974.100,53.827025147250
88.004799,15.986877,846.725,219.14623089233
88.198830,15.991593,115082.024,365.89767996935
88.187589,15.990286,23329.576,78.970017778584
88.143686,15.991680,36674.281,75.454194138891
88.015458,15.989039,2627.954,62.025529748270
88.001389,15.989562,5019.739,49.613693621155
88.229462,15.991678,23597.278,95.573611495024
88.232143,15.991764,43814.414,52.134096022893
88.127030,15.990877,12221.886,113.79515297840
88.201635,15.990854,8139.449,67.072795405099
88.092228,15.990814,5547.686,110.02606542888
88.105510,15.991033,3571.144,104.97777420817
88.056928,15.992525,11018.024,46.631269763166
88.171607,15.991578,2787.332,52.828404013264
88.165522,15.992909,20453.159,51.324605585289
88.157159,15.992315,7881.150,1092.7245054946
88.014219,15.993320,20117.969,56.219752426601
88.066487,15.992688,18231.422,49.873596114665
88.141715,15.992145,1702.904,45.558037380002
88.185312,15.992958,3524.532,54.564838002099
88.097112,15.992753,3079.569,45.096163678749
88.232079,15.998419,139113.457,49.630219555322
87.988358,15.993375,3714.813,52.857998105220
88.020913,15.992573,918.390,233.86332154278
88.237461,15.993210,918.647,63.578401690221
88.038305,15.993921,2005.478,66.941642085219
88.128192,15.993369,656.583,66.958024454213
88.186651,15.994565,3373.369,45.368457899603
88.032217,15.993359,824.587,59.196956314081
88.210604,15.995604,27573.450,49.159622125995
88.193535,15.994752,3657.898,54.535511714904
88.166036,15.995604,7917.200,51.136729676296
88.164280,15.996318,6328.694,57.102292722938
88.142580,15.994742,1012.142,88.528519378818
88.220670,15.995616,5381.724,51.037459305433
88.024631,15.995232,3144.579,53.424742217605
88.153911,15.996542,4482.609,191.01347228352
88.215796,15.996184,1227.919,123.97072744011
88.053328,15.997457,5486.048,48.494096517019
88.239446,15.997200,8055.972,52.930655227883
88.171225,15.996891,2596.289,53.637203326517
88.064981,15.997224,2083.163,45.545193147014
88.165292,15.999489,34858.627,1514.8922534633
88.042785,15.998883,28847.109,51.991994450358
88.144766,15.996809,1226.589,47.108559316098
88.217762,15.997092,1721.512,53.509993478266
88.186737,15.997493,2813.143,179.28081873103
88.096372,15.997572,1431.849,50.195904579694
88.225222,16.002868,172684.708,49.433059485384
88.195754,15.997752,1598.464,43.599720884207
87.987275,15.998441,nan,53.759048441234
88.080150,15.998571,1899.547,55.649922579926
88.228693,15.998688,1668.972,48.850525638204
88.214138,16.000305,18623.976,49.177184918018
88.208728,15.999839,3237.531,46.000171342161
88.029938,15.999266,1341.894,55.893884295332
88.094749,16.000043,1493.555,45.484252401707
88.026738,16.000906,4868.715,201.75865958261
88.050475,16.001070,5368.558,47.194751964253
88.192643,16.000235,1171.775,75.166173622910
88.063877,16.000218,990.463,633.55137130163
87.992939,15.999984,962.849,956.93631535204
88.122971,16.001556,5167.744,352.76390077414
88.000509,16.000902,988.558,133.15562038823
88.043409,16.004521,55189.264,48.521737915505
88.042308,16.000966,928.789,46.754838628221
88.208317,16.002864,7505.186,54.353671394676
88.224540,16.006207,80312.390,49.125527386049
88.196142,16.006382,128979.623,62.899400643249
87.992776,16.005211,74127.739,51.657517713958
88.020830,16.004413,29091.922,51.121450854617
88.182420,16.001960,1448.603,55.716207136046
88.090566,16.002581,2110.155,138.84677946339
88.084040,16.003700,6410.988,51.335832303437
88.117119,16.002822,3154.647,283.69937733501
88.069046,16.003993,7162.672,46.253201510044
88.052133,16.003521,2250.978,49.980247079233
88.012515,16.002789,755.263,50.557755255899
88.054054,16.004312,3897.815,50.278170843366
88.133229,16.005988,24700.484,58.946803762426
88.004248,16.004756,2426.637,49.068282438244
88.216333,16.006813,33231.176,49.532933245589
88.115196,16.004075,1196.496,73.394893299288
88.145766,16.004227,924.740,44.643251999920
88.168558,16.005342,1663.928,59.809682567054
88.104605,16.005821,1668.101,54.259888850959
88.034405,16.006931,6992.877,93.398788522833
88.107943,16.006093,1533.846,54.122285252112
88.064930,16.006217,823.709,56.884670052065
88.198409,16.007309,5476.947,42.458214021170
88.176889,16.007140,1358.939,83.910646839265
88.203709,16.007257,2646.889,59.348113868647
88.037530,16.007200,4002.032,59.087376209704
88.024238,16.008765,19653.824,52.475495479416
88.214800,16.008002,2439.125,63.509047530501
87.993656,16.008157,3581.935,50.937586795397
88.154793,16.008790,3681.469,48.913501273308
88.078384,16.009764,17061.977,47.079026446032
88.160462,16.008873,5542.539,39.500961254167
88.172241,16.009409,5369.653,44.466795271634
88.047374,16.009651,7062.207,""
88.236872,16.009659,5976.167,""
88.232954,16.008409,1395.672,""
88.112161,16.009100,1803.105,""
88.098823,16.009200,2048.395,""
87.997896,16.010853,1521.822,""
88.202473,16.010680,999.295,""
