#mjd: 58813.02887
#filter: r
#airmass: 1.535
#seeing: 1.2055890150000002
#m5sigma: 21.3113
#exptime: 60.0
#night: ut191125
#ra dec flux fluxerror
323.035677,0.135393,517733.403,1616.7392963022
323.039727,0.134102,3043.425,66.811214462228
322.986481,0.134125,1417.213,69.879818962026
322.991721,0.137284,46947.214,187.88107990384
323.080314,0.136764,23316.081,137.35276097248
322.983159,0.136430,8117.687,81.357972518160
322.927213,0.138780,62117.750,355.72352665101
322.944410,0.136980,9393.482,83.412052959269
323.042069,0.136372,5172.497,68.127746533044
322.957154,0.139784,68666.584,369.03716052211
323.058502,0.139492,10431.343,92.189849207807
323.041228,0.140901,20180.930,102.93936181781
323.018676,0.140576,7918.209,82.788052093841
323.115303,0.140622,12007.736,88.729244325241
323.016400,0.141194,6656.492,77.384076824762
322.939396,0.141631,9649.958,87.124482872316
322.981400,0.141084,3114.088,71.200455144310
322.926156,0.141814,942.062,56.723399405512
323.128233,0.143118,2588.290,70.818110959233
322.986896,0.144035,2498.456,80.418056088820
323.126501,0.146652,16558.724,118.82864625627
323.051938,0.146964,13270.663,88.278080210691
322.926671,0.149995,77917.805,430.04606005178
323.011302,0.151313,62164.676,483.17352355221
323.071488,0.148416,4736.154,68.858812055153
323.069282,0.148735,1892.717,63.965809498577
323.011568,0.148472,1208.984,76.711491798537
323.118971,0.149619,3697.534,60.922463609638
323.153874,0.149154,2006.820,66.296764734839
323.100977,0.149664,1489.962,70.554786471905
323.034877,0.150470,1579.856,70.621978179292
323.052862,0.152332,20035.461,110.44606282703
323.040041,0.151473,4710.435,73.552700727222
323.143102,0.151062,1077.253,65.027554090883
322.970364,0.152723,5096.708,74.868498200267
322.938178,0.158059,338088.355,1761.9458984626
323.100056,0.154167,6632.654,65.276033241330
323.132721,0.154648,7208.612,88.248228056607
323.139888,0.154871,3462.393,65.907549915527
322.988559,0.155614,10089.749,83.879710630854
322.959464,0.155826,1262.362,66.180207904350
323.098505,0.156276,2574.312,67.695297149803
322.976147,0.162199,278884.095,1141.3692316405
323.121332,0.157698,3974.051,77.183336018277
323.129151,0.157547,5056.168,74.016735891529
322.975848,0.158006,2190.669,61.942467476827
322.932859,0.157717,1988.046,69.375788076004
323.078338,0.158668,4527.120,76.205206377889
322.993612,0.161243,45010.164,219.74944181401
323.014370,0.160497,15456.541,87.492220960713
323.026986,0.160191,8679.602,76.888573456497
323.009152,0.160505,2023.185,69.823295115410
323.122890,0.162703,36545.920,215.87830815267
322.953264,0.163418,25946.719,140.68193499765
323.025451,0.165407,61080.880,235.29959844608
323.116098,0.164355,14547.907,105.63498053909
323.093677,0.164211,1306.684,74.292235585298
322.985448,0.164947,1924.114,71.296913347493
323.010513,0.166309,15060.615,91.333481908539
323.106959,0.167487,5065.435,78.494656659902
323.160799,0.169451,9305.620,90.262194714133
323.030393,0.171585,8532.014,74.013088821501
323.124413,0.173346,1812.063,66.131787437744
323.039088,0.173470,3928.063,71.299451074417
322.969863,0.178477,156866.381,683.85273645889
322.930441,0.174538,3609.965,72.850026900790
322.997666,0.177864,86758.611,297.30226404628
322.926767,0.179486,2248.904,68.520309845747
323.039868,0.179234,2403.876,72.322473101250
323.081265,0.179446,2122.079,72.112327701891
323.029615,0.180474,3713.229,73.047534096474
322.971250,0.180501,1846.160,77.440383174601
323.057655,0.180788,1172.391,72.592137060617
322.926245,0.182581,5037.869,71.552039833142
322.939870,0.184844,37173.291,201.92052308596
322.961587,0.187245,193615.621,809.32730529854
323.076140,0.183113,1059.801,63.494553303246
323.145901,0.184963,2015.397,67.436140178405
323.041602,0.187115,7630.234,86.834400360442
323.102063,0.188850,29416.814,194.89751692344
322.987920,0.190254,98821.870,367.54656326537
322.947598,0.189387,21024.733,133.24822866854
323.157112,0.189436,8488.497,96.746308508976
323.053213,0.189469,12257.108,87.219415789761
323.027210,0.188821,1924.361,63.838674197988
323.029938,0.189258,4496.719,72.934411631885
323.013543,0.191127,62371.336,238.36031173427
322.950030,0.188960,1923.925,74.464303997864
322.958354,0.190539,6345.164,71.297244548987
323.042847,0.190371,1219.836,65.992704394252
322.980561,0.193590,40875.696,188.47212383625
323.127067,0.193177,11095.335,89.170115984901
323.011561,0.193222,1470.407,64.653895882677
322.989136,0.193559,1579.907,68.759212348584
323.092590,0.195116,13008.292,96.843140664023
322.954902,0.197543,46917.170,248.66187573622
323.036243,0.201077,129665.718,566.14030974971
322.928216,0.198216,4261.031,60.961974902206
323.089902,0.198381,1325.225,77.253442075374
323.102789,0.199405,4681.096,80.417057659043
323.151147,0.199908,8999.608,93.429042422532
323.147875,0.201795,19689.369,139.51438788602
323.155932,0.202265,21607.917,131.66511632612
323.051607,0.201182,2817.293,65.811468077661
323.133784,0.204624,180426.620,1149.1435257461
322.973583,0.203052,10415.761,84.285588164675
322.965035,0.202053,1766.357,72.018978770718
323.022616,0.201780,1470.016,71.077183776262
323.034821,0.203038,1229.551,73.299218304114
323.049328,0.203697,1982.191,69.976408411550
323.137993,0.205785,1666.550,71.101037024565
322.926813,0.205488,1392.419,70.179667819969
323.136149,0.206330,2182.620,74.215798569934
323.029539,0.208010,27849.050,154.25454993475
323.115998,0.206847,2519.426,69.711423242534
323.014022,0.208382,14178.769,99.722386630488
322.937237,0.207870,3186.672,74.82137926712
323.149122,0.208402,8910.232,84.212601420097
322.949830,0.208907,10188.937,88.455692480304
323.117896,0.209748,15031.985,118.85931282161
323.159161,0.211337,99273.386,573.84250225238
323.097111,0.210921,10953.568,84.978313769225
323.105715,0.211682,1779.228,57.518603734319
323.114209,0.212428,3601.785,72.106767360394
323.138347,0.212860,2900.742,68.631356353009
322.957795,0.213767,5893.017,66.141562784395
323.111937,0.213604,2130.352,70.599692025055
323.006444,0.216138,20943.041,106.54740436026
323.004306,0.215914,13726.397,91.029582188900
323.110316,0.215066,2855.435,70.035796233681
323.033367,0.216333,13662.682,87.362882667037
323.026816,0.215990,3127.259,64.547063812788
323.021346,0.218250,4464.448,73.761777290234
322.987991,0.219099,13538.110,109.85091664204
322.966248,0.223816,186279.240,826.56455225075
322.943395,0.219626,1489.241,68.330445898059
323.009399,0.220089,1782.627,63.971579378397
323.035721,0.224653,210398.821,888.54429464441
323.069922,0.220484,2711.292,73.631380127453
323.141711,0.221853,14517.137,103.18238822609
322.991712,0.221331,4168.503,71.713374443287
323.068014,0.227566,nan,533.34984872390
323.093530,0.224735,78031.274,88.785141884870
323.005892,0.224076,9355.974,64.034948917571
323.079101,0.222916,1149.824,73.265652030866
323.097696,0.224196,3652.520,92.447006484429
323.021142,0.225733,10788.634,70.980199308522
323.104844,0.224970,3232.130,105.62117042606
322.939644,0.226401,15554.694,76.816220683739
323.157657,0.226657,4360.630,76.825690286362
323.135236,0.228016,3764.550,75.208453969283
323.098726,0.229173,3717.797,79.198091280819
322.968100,0.230439,3960.967,66.977040931223
323.014964,0.230654,4741.956,136.47573984582
322.977106,0.231992,21965.430,71.776212771057
322.955458,0.229887,1458.002,117.47426924940
323.160799,0.231749,17074.841,70.453961566668
323.015196,0.238496,nan,74.929551060431
323.107437,0.232724,2809.645,852.63317768556
323.017110,0.232058,1312.635,119.21123153847
323.018291,0.236442,172456.828,75.335050907602
323.148291,0.234829,18243.032,152.58132287153
322.923369,0.233650,2805.765,64.626476364062
323.021845,0.235758,23517.744,393.42050998137
323.093819,0.234257,1054.760,63.246755779554
323.118544,0.237089,64311.056,804.43814120305
323.099771,0.235434,1427.079,73.804458546052
322.972160,0.241871,175043.171,371.04539365267
323.108667,0.237474,2366.012,127.29753148315
322.952601,0.240848,72959.953,164.49351481646
323.016974,0.240306,16972.499,73.283106874526
322.960985,0.241190,30806.408,64.010634313338
323.157327,0.239153,2485.395,69.511916457191
323.058002,0.239303,1012.749,81.924987125992
323.077119,0.240332,5317.775,84.963320603434
323.154649,0.240631,3655.083,100.87203657325
323.020051,0.241585,7667.269,104.49032963214
323.153621,0.242676,12086.337,67.274745837576
322.946532,0.244187,13959.048,90.785260664622
322.987750,0.242289,1128.690,73.243748295164
323.138727,0.244333,8643.220,103.55922425667
323.044284,0.243449,2012.017,68.487969654749
323.118286,0.245905,9702.787,371.88886730580
323.104886,0.244589,1124.438,78.688048444318
323.101148,0.249106,59585.478,185.56495567382
323.135469,0.247229,3929.807,71.868562359012
323.000611,0.250008,32831.563,119.98755462671
322.951371,0.250529,2087.266,822.91690431346
322.996914,0.252639,17081.581,192.07026368963
323.139550,0.255418,127737.668,66.907314020913
323.108445,0.253626,29603.235,74.646129816532
323.091509,0.252379,2446.331,75.796276882313
323.129520,0.252797,7502.251,89.736410911127
322.924961,0.251866,1667.667,78.765668737985
323.001990,0.253530,11782.728,69.497483165119
322.928491,0.253465,3888.062,220.77255652993
323.093927,0.252972,1751.523,65.913747609198
322.929953,0.255434,39809.708,78.202466179558
322.989705,0.253772,3836.526,105.63210202252
323.042474,0.254412,4520.818,80.248771752968
323.007960,0.255637,15627.197,64.691849690866
323.011116,0.255604,11114.688,90.225941739689
322.990802,0.255422,2101.458,66.460386695415
322.922799,0.257574,8675.618,79.741121897386
323.089861,0.257507,4808.943,98.895936362112
323.139836,0.258073,3343.904,371.22662050233
323.059589,0.259242,11079.705,71.423476269464
323.039493,0.262308,69063.764,72.186496861601
322.988727,0.260403,3063.531,604.10405597744
322.926034,0.261352,2492.635,78.653287503035
323.077062,0.264280,103375.470,334.19993200345
323.092436,0.262626,4032.736,67.480961749037
323.130164,0.265022,51862.121,74.127582416666
323.028854,0.262428,1337.488,84.534868429721
322.963300,0.263671,3268.846,72.433075687793
323.104487,0.264994,6292.390,1796.9665557066
323.115974,0.264387,1905.364,526.99443806377
323.051981,0.270752,348460.885,100.56103124803
322.942852,0.268411,120058.582,70.830797910121
322.930887,0.268276,11035.702,74.658580311239
323.083254,0.266803,2187.441,63.205523354230
323.002135,0.267284,2424.402,88.761890004040
323.004490,0.268694,1856.998,1212.1146474600
323.039360,0.269715,8062.723,249.64416114664
323.058361,0.273897,197791.794,67.171356994874
323.094097,0.271990,40660.230,81.929412722752
323.026675,0.269635,1437.887,272.86301389253
323.027844,0.271206,5919.871,87.842815830690
323.120899,0.272819,38735.116,66.217692908204
323.078227,0.272168,9435.080,70.274139333299
322.945203,0.272096,1464.840,67.387735021058
322.970004,0.273611,4153.022,132.56989464567
322.990462,0.273597,2163.306,66.208217874332
322.957998,0.276630,27249.988,87.814167508096
322.994564,0.275763,3357.175,960.85041093425
323.049103,0.276089,8542.390,201.11805363763
323.139793,0.279364,136991.847,68.354851557435
322.926135,0.279571,40960.099,64.239960403894
322.977857,0.277842,2014.453,78.767553220778
322.938647,0.279037,2994.038,65.372157459538
322.975061,0.280376,4631.463,72.804564382863
323.101243,0.280400,1450.878,246.17185375948
322.939152,0.282068,2872.757,91.245511582084
323.058234,0.283955,35166.280,85.855792318199
322.937851,0.284074,12363.356,128.08152657219
323.060152,0.284183,5940.019,1978.8562948623
323.036919,0.285374,16461.664,350.77947290174
323.043932,0.290938,376599.090,63.093859762480
322.935352,0.289493,76926.722,70.208569320834
322.962388,0.287603,1620.382,81.910977474883
323.040420,0.288755,2246.475,68.054501796463
322.996602,0.289499,3855.538,69.286483638674
322.956927,0.292301,1390.817,68.768434599117
323.095783,0.293020,2219.260,401.71933609305
323.146827,0.293282,1862.475,89.635424065764
322.925093,0.296392,77270.115,70.464893932427
323.018300,0.295221,7052.173,138.51391286578
322.973643,0.295008,2921.317,68.500492832669
323.106326,0.297247,16918.193,63.739183851366
323.097447,0.296613,2928.523,363.80032434353
323.040954,0.296223,1078.589,149.32770891222
322.930959,0.301562,78461.478,82.251081770648
323.101947,0.299850,18800.139,60.660530538015
323.051848,0.300431,9938.216,234.85219155631
322.981358,0.299408,1189.314,71.494205506216
323.054199,0.301945,36957.411,345.15641422289
323.010502,0.301387,4094.186,131.02333506025
323.104308,0.304304,50839.455,813.08100588654
323.000130,0.303653,13596.763,76.759947411149
322.977222,0.307320,173796.793,78.269433949710
322.996686,0.304296,2006.316,73.113796074382
323.064748,0.306326,3609.439,138.72919202835
323.155344,0.306100,1861.558,78.265162145466
322.930757,0.308539,23320.854,108.68521446539
323.049871,0.308238,6727.410,77.303550502645
323.115072,0.308716,11281.162,76.527411910463
323.109154,0.308780,1729.298,82.902435867506
323.021130,0.308837,1183.920,82.669807491357
323.007743,0.310042,7688.285,112.79814058609
322.950608,0.309547,2398.242,86.004737988485
323.034003,0.311215,18838.660,105.51018759310
323.150713,0.310554,7499.167,170.15089408219
323.160553,0.310759,9960.046,67.111874066604
323.092804,0.313352,22279.803,204.56050897662
322.978202,0.313462,2207.990,71.626424717793
322.963289,0.316306,36365.883,83.121384785013
322.931647,0.315316,1706.023,108.12428837292
323.117199,0.316955,7064.067,145.02568556401
323.066454,0.319315,11710.033,98.465531228321
323.007607,0.319684,18768.848,167.94390143670
323.132563,0.319455,9747.173,180.89752554027
323.068181,0.320198,23937.821,62.023335986721
322.936250,0.320506,36113.305,63.536854745802
322.988061,0.319088,2009.202,82.758405746193
322.940968,0.319905,1563.517,1133.3526087127
323.081817,0.322240,8836.107,81.031772437649
323.108554,0.325372,169634.071,89.523778716275
323.068212,0.322956,1723.919,74.331138506844
323.041724,0.324449,8060.854,75.581877978288
322.966835,0.323536,2543.332,72.885604438474
323.147342,0.324521,3473.381,73.484987384454
322.976497,0.325441,1938.130,70.606114770582
323.025465,0.325974,1891.791,149.94054671412
323.070572,0.326869,1077.115,202.39842888173
323.074589,0.328900,22245.968,1280.2017545185
323.160173,0.328984,27679.469,1008.5544295362
323.145319,0.332314,198709.824,67.945463760326
323.085496,0.332279,167321.721,137.90131637396
323.131911,0.333063,2522.055,186.83760981567
323.011254,0.334875,19933.954,154.70191330914
322.986206,0.337916,36713.815,237.74071871672
323.104142,0.338883,22650.448,73.525210366581
322.961750,0.341787,46051.695,59.051200817426
323.110836,0.340619,4246.215,73.823080619322
323.005143,0.340388,2120.556,74.708160688426
323.042852,0.340690,2355.497,81.196460558673
323.125687,0.341594,5108.389,157.12228793884
323.106329,0.341610,5101.657,79.550850278232
322.979051,0.343947,27080.675,72.841912802608
323.046721,0.342510,3957.646,338.50535336565
322.930732,0.343177,1308.135,335.32092902142
323.073747,0.346481,67359.048,113.89881552973
323.083923,0.347014,54258.434,110.86559653506
323.126981,0.346529,15264.039,75.481895789033
323.080896,0.347060,11797.432,68.435062286967
323.001984,0.347468,3361.264,127.98744280304
323.019315,0.348735,1418.870,76.598119029396
323.056939,0.350750,18527.146,348.98010893572
322.925739,0.349066,1615.062,66.015708178044
323.049735,0.354247,66047.750,76.816228582218
322.999338,0.352092,1745.513,71.696803991861
322.989206,0.353059,6862.716,76.439092981491
322.964904,0.353750,4725.010,356.40407776825
323.063439,0.354507,1845.498,69.496489775350
323.079809,0.357828,72308.230,75.680378190677
323.118164,0.355629,4026.639,58.213392885119
322.972278,0.355614,1585.462,98.189854829981
323.097929,0.356640,3354.058,74.488870749669
323.135439,0.357302,11315.151,139.27681250887
322.957806,0.356802,4292.447,107.02904511039
323.093515,0.358541,19078.798,64.438291292887
323.089008,0.357788,13000.499,1823.5625881022
322.976425,0.358454,1878.003,63.845089963344
323.101027,0.363711,345586.446,63.266665023481
323.025647,0.361405,2829.554,159.42233518753
322.941217,0.361655,1317.169,76.143352998829
323.088953,0.363835,23745.934,178.23129674473
323.113484,0.363357,5704.420,167.16709447933
322.971398,0.364979,30810.149,93.976894861777
323.116268,0.364887,24357.382,94.075469792972
323.025368,0.364800,10479.401,66.782867541285
322.939768,0.364957,13849.309,139.02717622546
323.049761,0.366219,943.870,72.780969972067
323.015759,0.368148,21028.692,93.727073800461
323.059240,0.367173,3195.234,110.11191343418
323.144226,0.368972,8525.829,68.450996273213
323.135959,0.369094,13297.081,72.772960449445
323.108394,0.367671,1140.468,217.49039738405
323.119977,0.368559,3075.178,72.653817259617
322.944580,0.370657,46201.992,68.240763610233
323.042465,0.370014,4478.469,92.587073596541
323.141097,0.369986,1845.020,109.96992196883
323.160100,0.370713,9595.992,195.01726790349
323.082921,0.371670,15793.500,124.20356839184
323.050602,0.374532,34026.778,75.044647175079
322.956054,0.374212,21155.031,108.24531508376
322.945980,0.373911,1251.807,60.381111708855
322.936784,0.375580,18632.546,""
323.061156,0.376633,1428.444,""
