#mjd: 58011.11306
#filter: r
#airmass: 1.502
#seeing: 1.4797086149999998
#m5sigma: 19.8193
#exptime: 10.0
#night: ut170914
#ra dec flux fluxerror
333.001009,17.970119,6794.842,47.956541103352
332.807562,17.970835,731.608,34.575474216480
332.900807,17.973555,1276.467,32.055727865560
332.935222,17.974112,875.457,32.903821458062
332.995176,17.974441,590.231,33.189441493638
333.015116,17.977232,nan,38.655167437594
333.012950,17.976977,1834.845,35.394435173186
332.991576,17.978113,2742.736,36.566345526930
332.809222,17.979680,3193.985,32.854471283833
332.790988,17.980291,1282.372,34.078900947067
332.953905,17.980376,1499.064,30.090900882582
332.840916,17.980316,1041.818,80.459134579810
332.799061,17.982061,1260.498,36.639565860989
332.765304,17.984204,15105.330,76.480634329031
332.854081,17.985139,1779.748,2018.5205171118
332.778475,17.987610,11785.400,32.386661195912
332.943949,17.994289,373117.214,184.20029555758
332.861005,17.988873,2790.536,34.793365766953
332.917584,17.991447,31908.418,30.056373764710
332.947675,17.989379,1372.270,46.869679455495
332.953406,17.988424,635.559,122.44097220504
332.816500,17.990594,8758.083,45.996792770254
332.925834,17.990925,15778.796,151.92696168269
332.902584,17.990939,3899.129,46.350388788014
332.957458,17.993311,25551.867,31.871015661947
332.986868,17.993243,7035.171,217.90441185366
332.912846,17.992909,743.361,38.759665203329
332.837765,17.998834,58987.832,31.928461169800
332.884290,17.998233,2681.679,34.664977904540
332.910326,17.997680,695.013,31.459199044396
332.875548,17.998137,1148.557,203.02311457796
333.009468,17.998756,746.252,33.928183805606
333.002428,18.001790,34405.476,30.588403665140
332.890663,18.002198,1925.718,29.363115077245
332.803946,18.004073,867.179,27.963011626321
332.924003,18.004763,1141.472,29.099361706807
332.861505,18.004771,639.511,35.183680297146
332.848388,18.006459,1097.788,44.759368263702
332.780438,18.009180,1778.059,36.844788610770
332.759364,18.010711,3353.644,169.25212309295
332.891518,18.011865,1781.323,71.583991581733
332.905605,18.014596,38318.747,42.807918486584
333.006063,18.014193,12398.657,62.271883114253
332.878250,18.014324,6151.686,47.275807308640
332.844764,18.016865,11583.151,29.388796998662
332.805840,18.016382,4541.455,38.877196033516
332.973684,18.015452,494.282,29.295149591753
333.005953,18.016468,2423.472,37.516669420485
332.923864,18.016569,1208.345,43.455289006660
332.927470,18.018606,3108.946,43.452515759338
332.850595,18.021674,2541.306,33.488128234180
332.851188,18.023480,4909.848,31.670963719382
332.912992,18.023064,1376.913,32.966793065421
332.938188,18.023395,1022.045,60.821694838612
332.918731,18.024644,658.780,39.405674430472
332.896970,18.026689,10096.073,37.134487954762
332.944832,18.026273,3619.614,37.336818601108
332.949935,18.026006,1169.366,38.531780810355
332.870226,18.029391,3846.064,32.559860295433
332.830767,18.030733,4700.521,29.440382770246
332.886646,18.029768,537.208,56.297815210774
332.936391,18.030811,529.918,32.097250605294
332.965291,18.035638,7416.092,44.843675026716
332.800116,18.036290,905.422,31.988539055805
332.875929,18.038023,4620.777,51.736763225767
332.936681,18.040015,936.394,34.063435531312
332.838405,18.041219,5351.160,31.979834609735
332.939302,18.042016,1842.578,35.540380241148
332.934382,18.042065,793.946,41.965879472081
332.840904,18.042599,1185.362,26.867664750135
332.931435,18.044612,3743.978,34.452618790382
332.908977,18.044086,919.396,34.489084109966
333.006988,18.044674,711.514,29.746791614821
332.989233,18.046663,2982.918,31.551610241590
332.953749,18.047938,705.543,34.268865350684
332.896159,18.052152,954.308,38.000081834538
332.807638,18.052224,526.529,30.790913003877
333.011408,18.056050,2058.299,30.786186028338
332.915145,18.055870,517.178,80.504308717209
333.005020,18.056187,781.605,28.610493229029
332.865075,18.059151,22395.653,32.572867213298
332.972660,18.058609,646.345,29.846530826621
332.770720,18.059182,1233.799,34.151517369050
332.902316,18.060987,554.289,30.700321942806
332.906369,18.063371,570.397,58.864118844356
332.765756,18.065135,1189.377,53.704321787463
333.010733,18.067197,7177.284,97.842126705205
332.800658,18.067868,4819.907,31.300026401932
332.948111,18.069396,24449.415,29.111989157214
332.980433,18.070237,1126.155,34.476425716953
332.832186,18.070161,567.737,35.701716875917
332.799114,18.072908,2209.227,36.128105186430
332.921568,18.073097,2554.989,54.017351096851
332.827810,18.073484,2044.157,45.840619037997
332.878843,18.074711,13377.660,44.890818456875
332.787105,18.074866,4688.845,31.381519909239
332.876012,18.077218,10143.799,45.606329344295
332.873496,18.075899,831.672,32.250544201896
332.966665,18.077495,6748.444,132.63448940804
332.829756,18.077514,1201.668,30.870554620529
332.792098,18.080480,24578.896,190.17416318445
332.923496,18.078657,755.421,196.37426388405
332.799210,18.083639,39281.294,49.902463011546
332.945905,18.086957,70471.945,35.909630737999
332.961317,18.084895,8059.514,35.911889079774
332.835417,18.084155,2245.967,31.800261610016
332.792527,18.084595,982.003,93.275945235662
332.803969,18.084949,669.871,36.283999051096
332.840557,18.087601,21392.133,42.137625121838
332.906454,18.086850,3400.488,31.130966581748
332.758589,18.086657,1471.471,31.926023306578
332.942942,18.087968,2775.861,28.469906678351
332.893321,18.088165,1663.228,81.732202141659
332.940280,18.089070,1026.757,34.485134804041
332.863839,18.093505,21561.155,33.353813522360
332.765028,18.092898,687.917,30.155922137500
332.876774,18.094960,853.656,34.015777010919
332.921042,18.096727,1207.181,35.946001408068
332.996255,18.099924,1818.864,30.807482018117
332.792062,18.099661,790.597,28.940896373290
332.899125,18.099977,1010.090,41.818474224107
332.991723,18.099672,547.272,30.652487818781
332.761378,18.101720,3955.592,31.802869507259
332.815493,18.102850,2394.482,43.110849671175
332.806666,18.102166,725.055,57.233885728750
332.875574,18.104833,6819.725,31.494287531403
332.849225,18.106519,9108.491,42.754305859737
332.771595,18.105617,640.492,60.111417647249
332.949505,18.111047,5694.008,32.834952509042
332.895705,18.114682,14267.186,27.920314003322
332.930930,18.113942,789.503,30.162139863736
332.968357,18.114213,545.892,32.772159631054
332.791448,18.114243,648.092,34.299931836502
332.875188,18.117523,4764.460,26.992067128624
332.930469,18.119034,1009.290,28.575289585608
332.935170,18.118773,514.901,34.076626283815
332.763267,18.119171,370.379,164.90287052619
332.897325,18.121889,820.426,29.784085737761
332.947965,18.127625,52682.133,32.348060667399
332.965873,18.125215,1124.760,35.658219025980
332.924856,18.125781,1450.535,32.168008227753
333.005017,18.126070,886.917,31.293421060694
332.832768,18.127302,1084.016,163.24631518835
332.830013,18.126762,498.485,32.530143353240
333.001186,18.132753,38652.381,51.331977583513
332.882883,18.130169,1124.415,31.187400793682
332.935639,18.131585,7845.713,33.434722081648
332.771309,18.130026,484.583,33.467643565053
332.783136,18.131524,2098.308,30.439572566431
332.907191,18.131719,2574.678,42.695914736788
332.929718,18.131623,831.066,33.863485655827
332.773314,18.133226,3098.395,39.297608581618
332.973910,18.133949,559.430,33.162504163870
332.780765,18.136821,2559.662,43.095912972320
332.964483,18.135994,898.411,34.481237901980
332.832982,18.138317,5526.794,38.472083113764
332.774167,18.136918,722.244,37.891485992965
332.975933,18.139003,2874.942,38.259293319732
332.892719,18.139542,4464.464,27.754630020411
332.784930,18.141761,3478.199,31.589186553902
332.786666,18.144612,628.014,34.018720281902
332.789834,18.144694,736.580,30.302021419446
332.912434,18.147605,2205.568,31.354275954811
332.945173,18.147216,515.786,32.388572584568
332.895292,18.148917,957.185,33.618133358787
332.881080,18.148562,455.863,35.539087179953
332.799220,18.149137,776.360,42.241400800208
332.821549,18.149783,998.390,83.856976715860
333.002102,18.150148,4594.499,32.370193376634
332.838237,18.151672,16338.569,45.468544154001
332.768774,18.149158,543.362,63.390136651291
332.912137,18.151210,6734.947,53.127878742497
332.987140,18.151638,10183.457,31.565224729260
332.842663,18.153612,6686.334,27.578048312137
333.001051,18.154106,1323.973,32.684945198202
332.936928,18.152906,537.549,36.855654258663
332.901946,18.154891,641.340,30.875088782903
332.839943,18.156357,2772.995,29.161767539619
332.921449,18.157124,1590.809,32.541145706119
332.978632,18.157146,1260.574,33.781999894963
332.803474,18.157080,633.291,31.793375820979
332.891699,18.158158,2319.175,31.332562249237
332.908230,18.158244,625.004,54.849646713987
332.845695,18.158699,1372.292,30.096140007318
332.810773,18.160496,6834.321,40.886061333433
332.852986,18.159785,649.895,81.142086415613
332.975847,18.160974,3443.696,37.033319136157
332.879858,18.162732,16334.454,49.363012430760
332.971998,18.162177,2379.612,44.580925839176
332.897144,18.163608,6276.246,38.138522813745
332.854327,18.165742,5350.143,228.71424620404
332.777122,18.164774,1362.812,228.72597750060
332.801794,18.169397,59940.857,91.433180325767
332.803697,18.168426,667.370,71.060168172785
332.848101,18.168367,17954.597,45.956638604362
332.929099,18.172862,16712.167,40.706203607435
332.901235,18.174135,7444.383,34.224021193031
332.965890,18.174140,4523.551,30.487668790749
333.014092,18.174031,2012.570,31.241123560255
333.011375,18.175268,879.383,175.13442593047
332.817894,18.175675,1025.286,34.480612493033
332.816465,18.178817,27908.729,50.544446762339
332.760922,18.176487,1685.212,35.299983236037
332.961973,18.179606,5059.801,170.69947726447
332.901501,18.178615,1354.098,52.309825188466
332.991361,18.181869,26356.734,39.565452781513
332.766940,18.182230,5119.576,34.079478986398
332.809169,18.184841,2635.594,270.97753668926
332.815581,18.187966,2262.759,40.679193900599
332.950396,18.193468,49979.017,174.10889927140
332.777037,18.190903,2994.337,77.401746489121
332.892844,18.195473,46090.863,44.211484780612
332.918783,18.194783,21495.876,35.109599814399
332.862960,18.193738,3838.287,31.978745047629
332.910318,18.194090,628.752,32.016514753574
332.788880,18.199481,760.992,33.284055856460
332.796906,18.199468,590.542,58.390213947332
332.846915,18.201312,2621.746,37.940106888881
332.928592,18.206557,6256.902,95.199018232440
332.913199,18.207540,1230.830,27.703582758898
332.980209,18.209348,11917.786,33.563415465039
332.816942,18.208433,455.761,36.852352150579
332.947651,18.210127,688.890,47.183133973751
332.847465,18.211137,2967.459,""
332.971768,18.211762,3961.008,""
