#mjd: 58314.32422
#filter: r
#airmass: 1.49
#seeing: 1.43439597
#m5sigma: 18.9457
#exptime: 2.0
#night: ut180714
#ra dec flux fluxerror
332.868203,17.954192,11488.776,54.557343894327
332.838625,17.953231,nan,49.394442048785
332.874654,17.954780,8415.571,26.991170867915
333.000956,17.958850,2837.132,29.190991295924
332.868907,17.959802,2368.553,55.443293729032
332.904008,17.961297,9018.716,38.914261150675
332.893782,17.965522,8429.647,56.856062520838
332.937733,17.966631,8906.373,32.493427759648
332.952063,17.966634,3038.903,37.076382112873
332.877155,17.967395,4851.291,29.258089287879
333.000984,17.970070,2370.004,24.816863981703
332.900792,17.973527,438.162,25.890252797990
332.991566,17.978022,931.432,24.867876254860
332.809252,17.979688,1057.296,25.217409725297
332.953848,17.980298,545.266,23.036322330997
332.840926,17.980272,408.156,23.961222272572
332.791027,17.980296,498.051,24.280093726058
332.799079,17.982036,408.653,43.687548379574
332.765307,17.984210,5283.532,23.904088868800
332.854135,17.985091,595.729,35.122786522339
332.778477,17.987613,3966.265,27.606807635132
332.861020,17.988838,926.170,50.819856777335
332.917581,17.991385,9981.515,22.534635046066
332.947681,17.989287,474.176,28.249956091895
332.816497,17.990587,2994.283,36.932149901399
332.925824,17.990856,4982.525,25.104636016208
332.902575,17.990876,1193.087,39.104810519667
332.957438,17.993249,8265.331,28.559707565560
332.986855,17.993201,2183.911,70.009702753153
332.837758,17.998814,19261.767,25.284956301532
332.884268,17.998206,906.409,22.727807169479
332.875534,17.998053,423.402,23.443081190090
332.910317,17.997562,231.764,59.977246297688
333.002405,18.001736,10930.536,23.580837463900
332.890674,18.002151,644.957,20.642303078676
332.848402,18.006427,438.137,23.668600282863
332.780444,18.009185,558.021,26.427604533513
332.759388,18.010716,1184.543,22.870982088843
332.891514,18.011852,552.506,56.740639567890
332.905596,18.014548,12759.504,30.627625655334
333.006068,18.014151,4003.150,28.484290326740
332.878258,18.014310,1934.166,35.129249051215
332.844749,18.016861,3855.112,28.972771179040
332.805841,18.016366,1512.970,22.729360314085
333.005993,18.016441,775.692,22.367240359130
332.923841,18.016524,388.383,25.585592563995
332.927449,18.018548,986.261,27.625357091263
332.850584,18.021656,916.672,27.616833471332
332.851186,18.023486,1543.569,23.879049450958
332.912966,18.023051,426.735,28.587600883793
332.896969,18.026661,3210.401,26.325918752403
332.944816,18.026240,1224.175,21.341199833260
332.949941,18.025981,329.276,41.674842166293
332.756250,18.027554,3950.043,24.567323184245
332.870201,18.029359,1330.253,29.046108644858
332.830763,18.030712,1580.745,27.478582180854
332.965264,18.035615,2270.931,24.779323961193
332.875944,18.037990,1472.354,27.684060693451
332.838405,18.041201,1671.412,25.058526326858
332.939297,18.041996,640.601,21.646427497848
332.840895,18.042600,467.795,25.778136646605
332.931428,18.044582,1236.805,25.642878087866
332.989236,18.046638,1037.521,42.376326137579
332.755954,18.049366,6169.216,25.915208625427
332.770740,18.059191,436.503,25.356070088863
332.765826,18.065156,440.780,26.590485055106
332.800628,18.067883,1629.345,44.583343327596
332.948091,18.069358,7975.918,22.678049493435
332.980455,18.070228,409.469,22.472644621339
332.799114,18.072882,751.085,25.284648437042
332.921570,18.073079,827.151,25.769444920604
332.827802,18.073450,755.961,30.835849730639
332.878812,18.074698,4594.634,25.718052089506
332.787084,18.074874,1603.626,28.351795149012
332.875990,18.077183,3439.196,26.500179309788
332.966626,18.077473,2192.329,22.068968986783
332.829743,18.077466,407.098,67.158280446872
332.792080,18.080487,8486.292,68.381795666490
332.799186,18.083637,13353.562,102.87784040740
332.945872,18.086929,23408.100,30.360106647270
332.961291,18.084858,2561.447,23.957131889957
332.835380,18.084141,789.391,48.162612198470
332.840531,18.087578,7354.486,67.440740138665
332.755753,18.087990,9499.708,27.717536064841
332.906413,18.086798,1083.272,27.228823589124
332.758603,18.086675,573.515,27.069574697720
332.942948,18.087918,950.241,28.157675172383
332.893304,18.088115,558.479,25.198748056165
332.755434,18.091436,687.502,25.310499044989
332.785290,18.092119,943.990,49.117306271067
332.863798,18.093456,7067.401,20.698184277994
332.920998,18.096722,319.030,22.027835188646
332.996286,18.099939,689.832,28.393373883145
332.761367,18.101732,1382.962,27.682604841640
332.815473,18.102808,867.091,25.750168181095
332.875557,18.104770,2105.034,27.029951509150
332.849177,18.106475,3032.872,25.574479640584
332.949511,18.111038,1919.918,38.477448217868
332.895679,18.114642,4661.560,24.527515556040
332.791454,18.114275,324.829,28.581132581104
332.875191,18.117481,1474.690,140.75486567089
332.947953,18.127625,18271.247,24.916166226344
332.965892,18.125204,444.932,23.769805167587
332.924865,18.125755,528.284,23.163632382932
332.832722,18.127270,357.953,76.973940353356
333.001195,18.132776,12781.469,30.576467297936
332.935610,18.131590,2515.793,22.619038050781
332.882861,18.130173,430.811,21.504197463052
332.907170,18.131720,1022.822,25.065259848403
332.783108,18.131521,707.493,25.685428232193
332.773280,18.133208,1082.900,22.791884616485
332.964535,18.136042,415.846,24.506466416160
332.780757,18.136794,897.111,25.722233420517
332.832937,18.138301,1900.734,26.962379968493
332.892709,18.139582,1560.445,24.182383257227
332.975949,18.139031,1000.198,24.737298543287
332.784911,18.141731,1171.807,67.403299021070
332.795977,18.147628,8860.314,24.461620815185
332.912430,18.147632,767.197,29.866556093130
333.002117,18.150182,1591.221,40.759329883467
332.838190,18.151683,5716.231,30.010872663803
332.912127,18.151243,2392.883,36.498889695838
332.987141,18.151663,3528.509,31.792598131417
332.842621,18.153632,2374.381,24.426011413062
333.001011,18.154163,524.836,26.714525068073
332.839924,18.156364,902.624,25.600177096914
332.921466,18.157166,624.555,22.406875107929
332.978665,18.157211,493.360,24.263834329331
332.891688,18.158159,751.706,26.205598676193
332.845702,18.158683,497.205,34.210137636076
332.810730,18.160488,2311.004,22.916241748687
332.975846,18.160980,1184.130,35.638576652292
332.879829,18.162749,5426.696,23.957552705087
332.972021,18.162208,800.585,27.137346484523
332.897140,18.163633,2027.745,28.293128301632
332.756635,18.163810,563.467,24.701013784912
332.777070,18.164796,502.125,27.527295595485
332.854295,18.165758,1792.335,121.27170419338
332.801745,18.169386,20632.808,37.952784814809
332.848080,18.168383,6129.966,32.979410988318
332.929088,18.172867,5519.875,23.713843681411
332.901219,18.174155,2401.747,22.535444321186
332.965881,18.174118,1595.593,22.252821779978
332.817880,18.175703,343.585,24.159778633738
332.760909,18.176475,547.677,19.972448998759
332.901493,18.178625,403.967,28.120606813967
332.961977,18.179611,1751.602,69.908102562399
332.991397,18.181851,8935.850,25.357754543575
332.766923,18.182236,1567.314,24.957943230582
332.809143,18.184856,875.491,25.045737274604
332.815532,18.187986,708.561,28.198747466242
332.777012,18.190901,981.942,101.41094348171
332.950386,18.193461,17015.348,28.980569103623
332.755028,18.192633,951.710,75.887552681721
332.892821,18.195501,14871.023,50.658335769934
332.918768,18.194790,7021.808,30.245071874980
332.862960,18.193752,1225.741,""
