#mjd: 59965.11241
#filter: r
#airmass: 1.42
#seeing: 1.330976025
#m5sigma: 20.3587
#exptime: 20.0
#night: ut230120
#ra dec flux fluxerror
88.024704,15.763932,98373.015,576.55383262503
88.009518,15.762858,2393.007,46.271188695279
88.088424,15.762622,nan,76.879570408277
88.001173,15.764139,6216.931,63.054040370646
88.118572,15.764348,6580.827,80.361046413085
88.101065,15.762869,nan,55.353983739948
88.067359,15.762463,nan,38.991761603591
87.994770,15.764933,9786.960,71.026355942997
88.178315,15.763100,nan,41.662604062846
88.020077,15.764780,4706.143,45.769121507838
88.109256,15.763861,1269.227,37.888903582871
88.048604,15.765446,7487.962,31.502292043940
88.120073,15.765547,2631.190,41.600787562309
88.130107,15.765576,4117.366,183.18441361911
88.077640,15.765301,1605.672,115.13298022433
88.003039,15.764853,877.492,49.254564274974
88.091222,15.766085,3056.460,47.733491827425
88.013294,15.768435,24033.987,41.826757365507
88.197507,15.768295,18555.672,43.591724331741
88.078725,15.766936,4464.318,38.094311739851
88.185723,15.767147,3326.723,64.555971551262
88.099339,15.767481,2365.932,32.642194213127
88.008396,15.766485,1070.536,36.585775528181
88.159366,15.767548,2156.336,60.724952374229
88.168430,15.768901,7734.073,44.477155883787
88.047516,15.767646,1547.589,38.433987717684
88.062606,15.767064,556.919,38.853135610214
88.038289,15.768920,6356.764,40.920343894495
88.105347,15.768054,1686.437,53.930023918676
88.151770,15.767763,725.299,44.318913405172
88.120170,15.768320,1531.756,59.359211870521
88.226840,15.768545,894.574,41.165016966866
88.106976,15.770093,6073.551,33.231172382861
88.234686,15.768724,1014.385,98.120534275127
88.011049,15.770340,6283.274,67.308113010619
88.085942,15.769691,1789.704,41.183256391980
88.068663,15.769491,748.875,47.437200470482
88.149406,15.771468,13398.623,37.907644262399
88.235660,15.771379,7105.404,412.81424219177
88.022814,15.770045,728.776,1172.4330109195
87.994624,15.770757,3288.269,47.472827904466
88.049928,15.770577,1793.672,87.301516840709
88.036873,15.774821,65344.508,35.099027393435
88.073043,15.773355,25252.489,35.630224307993
88.224574,15.770749,2529.809,47.831840001227
88.168307,15.772737,12853.940,40.578202855401
88.199504,15.771012,1544.905,35.360887272795
88.182681,15.770811,1065.612,69.804457653047
88.013787,15.771851,3514.668,40.129033208830
88.035854,15.771577,1756.216,33.983228912662
88.138614,15.771333,766.023,46.235856424254
88.008084,15.772840,8690.879,33.619097092028
88.054785,15.771259,732.085,38.365537999192
88.113857,15.771731,835.325,59.018618244509
88.232407,15.772748,2229.132,38.246137787663
88.117049,15.771802,526.699,37.798685258362
88.051094,15.772742,2396.695,39.953980249684
88.146126,15.773977,6799.854,32.997697730412
88.203852,15.772817,1646.572,37.982097246145
88.043575,15.772575,661.998,43.161736915160
87.993819,15.772892,1046.626,42.230844369373
88.125391,15.772409,665.807,140.92578000809
88.083392,15.773121,1232.479,37.571742244028
88.206913,15.773696,2547.253,53.841411948327
87.989827,15.773679,2291.502,37.925878241008
88.049065,15.776485,24534.671,333.85335640955
88.188056,15.773851,817.302,37.368565604365
87.994289,15.775018,3904.205,44.405475381542
88.066753,15.773982,643.727,64.481811320443
88.007221,15.778975,51252.855,74.055991612566
88.118394,15.774972,1048.744,60.628466166203
88.170237,15.774697,1157.972,46.359573373156
88.216937,15.776699,11554.124,133.68686876722
88.206193,15.776856,10232.225,41.071737787805
88.045765,15.776651,6535.430,37.664484717666
88.167444,15.776423,3430.346,40.086080445427
88.020131,15.778293,20748.983,39.046134799197
88.227837,15.776882,2965.268,38.669157021515
88.079380,15.775609,584.248,39.911461592581
88.157511,15.777332,3018.678,37.909282547218
88.056593,15.776141,654.033,39.876994022494
88.051001,15.777961,1666.205,38.336450933423
88.142048,15.777677,2031.231,249.05752252785
88.014107,15.777459,934.825,64.781441040581
88.102815,15.778082,1140.130,42.570519775709
88.056338,15.777965,844.577,533.10569150587
88.164355,15.781912,50446.333,35.740304101316
88.012018,15.780141,6823.443,47.570240014048
88.150075,15.779017,1987.116,300.92759430213
88.222272,15.783974,115382.452,43.653455108548
88.203949,15.779926,945.474,37.632093848783
88.000556,15.780953,3879.901,46.660327370215
88.068504,15.784237,53486.306,46.044758076086
88.233679,15.781205,3497.244,34.944111630952
88.046032,15.780641,591.729,35.781810737091
88.147694,15.782048,3804.338,404.68802225338
88.200561,15.782001,5325.184,76.060358615819
88.227725,15.781253,1032.669,36.571346969512
88.124653,15.781010,715.794,35.672960583573
88.012889,15.785838,69211.533,32.104585116608
87.985622,15.783117,8514.865,64.051465188782
88.155082,15.782096,1841.853,33.590706599098
88.139714,15.781944,778.330,57.954832998191
88.178562,15.781970,687.440,40.578496272967
88.122669,15.784390,10850.885,81.422442220129
88.186486,15.783116,742.911,60.814027247394
88.071571,15.785741,4708.804,282.53643045828
87.993729,15.783681,1127.944,38.753808813354
88.104767,15.785698,11262.956,42.652109538852
88.179698,15.785197,8354.499,36.281293180941
88.017992,15.787122,43843.960,32.764316523818
88.194294,15.784284,1179.804,65.322506240038
88.065405,15.785042,2424.043,38.233437147583
88.166620,15.783923,729.614,38.735490486406
88.135201,15.785340,1949.985,37.752965006678
88.162705,15.786566,11677.957,48.752207639832
88.201583,15.785655,2695.748,61.009174608252
88.001733,15.785033,1143.059,36.123554426252
88.189369,15.784508,768.296,468.06590818991
88.128482,15.786656,4628.443,71.146607300677
88.004282,15.786816,7931.409,33.764379570463
88.089564,15.786390,2890.620,52.802455168697
88.141189,15.790722,92412.065,435.09661901765
88.113003,15.787604,11266.448,91.043540942208
88.074526,15.785886,748.039,46.919992356650
88.057762,15.787265,5331.822,35.033358032352
88.004084,15.790442,70899.751,36.110016759963
88.192963,15.788407,16531.703,34.476573436232
88.191135,15.787658,3361.662,59.362200917427
88.165644,15.787243,1343.778,69.961402508951
88.048527,15.787176,643.011,41.854360935594
88.080167,15.787770,1123.396,36.632479840919
88.221206,15.789114,6535.443,37.967209751997
88.021136,15.789491,9166.086,48.032398593633
88.010071,15.788345,1365.178,32.820577854555
88.196223,15.787877,937.580,43.736576316925
88.063615,15.787603,625.213,42.692777553976
88.133899,15.789437,6870.146,36.449559798101
88.115584,15.788448,1022.347,43.957939731639
88.150034,15.789553,2542.920,39.122141436891
87.985516,15.789335,1130.925,44.658992064970
88.174762,15.789581,778.553,46.650819669449
88.147365,15.790321,3429.085,183.68304089130
88.041032,15.789362,607.168,35.771527725748
88.230115,15.790356,2405.531,97.468397318540
87.998349,15.789673,1016.072,142.50510586611
88.000755,15.794360,31346.489,52.694645775180
88.096608,15.790325,1464.422,36.957388705124
88.123593,15.792304,15124.176,50.419897537151
88.218734,15.793537,18573.256,61.495551691876
87.990806,15.791982,4494.028,43.207735511152
87.982913,15.790426,502.367,42.793274327764
88.059543,15.792504,4271.009,46.133068784953
87.988545,15.792795,6388.332,468.44236785178
88.161607,15.792239,3520.053,44.759582750455
88.082177,15.792504,2155.797,101.32214314164
88.019149,15.792529,3743.036,213.55828380945
87.988350,15.796444,72580.024,39.306301869551
88.194916,15.792288,592.133,41.155919612987
88.188890,15.794623,16142.707,64.248266629199
88.192566,15.796126,41929.230,39.161648694225
88.114459,15.793780,1716.583,121.54799806438
88.172686,15.793979,2335.936,38.058828813795
88.118485,15.795049,7120.967,58.771172329846
88.224542,15.794581,2254.458,37.292412823729
88.083251,15.796843,18644.503,64.987062327371
88.100120,15.794115,676.553,40.535821805944
88.175276,15.795725,7811.582,410.67967311134
87.997125,15.795173,2239.178,33.207143373796
88.006764,15.796316,7859.581,39.277668860136
88.081878,15.795479,1441.212,48.078185072207
87.991555,15.799423,67304.433,141.39657685757
88.003611,15.795619,675.577,50.042811960649
88.207286,15.795814,861.366,155.57753043047
88.169220,15.797121,3108.024,37.361190366212
88.151666,15.799295,21219.999,58.339946890814
88.151637,15.797410,2377.231,57.428202211148
87.994623,15.799850,27875.764,37.058984481955
88.146408,15.796374,896.931,35.896985567334
88.189513,15.798329,6640.776,49.373476784070
88.120852,15.798383,6901.355,41.985980324731
88.041373,15.796990,711.344,47.312831418719
88.159783,15.797427,1290.438,90.196315708116
88.206365,15.798457,5016.322,37.250870319017
88.071718,15.798087,2929.633,38.736605418936
88.126062,15.798084,2498.553,640.19443227546
88.129950,15.799748,12153.186,81.513934600004
87.983941,15.798383,1592.379,97.501936339666
88.123749,15.798443,1591.463,37.439099476306
87.992071,15.805489,107989.639,39.411321656700
88.043922,15.800807,12705.958,86.223543924256
88.096903,15.800614,15416.336,38.476202751265
88.160111,15.800200,1006.747,41.566947467793
88.090130,15.800004,983.095,39.042253130612
88.102158,15.802674,16978.407,38.947920344228
88.030597,15.800472,734.215,601.16562402961
87.985406,15.801413,2543.362,466.34690953486
88.109280,15.800907,720.731,77.861625394035
88.158645,15.801923,3492.525,38.412497930533
88.024925,15.805861,95164.222,75.050778078947
88.103070,15.805291,87907.976,124.24016613160
88.040217,15.803050,8749.072,66.530214950353
88.207805,15.802297,2445.201,256.06164526812
88.171488,15.802982,10069.326,52.682534744200
88.136657,15.804822,18972.431,40.522710397063
88.226061,15.803939,8233.227,42.632081609902
88.187099,15.806452,50270.804,176.75940745214
88.031240,15.803685,5848.845,47.431052063231
88.190461,15.803619,1785.800,42.868797157552
88.167364,15.803456,2730.576,334.76333239320
88.177154,15.805898,30515.890,58.636234060761
88.165129,15.804578,3792.203,41.533000395191
88.033574,15.804703,2217.825,53.800007031163
88.129653,15.808185,55852.529,35.869980181227
87.987793,15.805538,5824.845,37.124866639328
88.087878,15.804678,1573.351,156.11498087914
88.208206,15.806748,7494.157,41.051177692540
88.065893,15.805174,726.679,43.869658620769
88.043127,15.805108,611.646,37.838286663944
88.008122,15.808784,24046.167,40.798209803290
88.190015,15.806185,1448.148,37.135693433048
88.099978,15.807215,3809.634,105.81617651769
88.143419,15.806865,2819.214,39.721268763220
88.001975,15.806458,2144.936,47.202764254272
88.167119,15.805969,1261.481,97.717546523776
88.097856,15.808506,21341.189,48.660516635143
88.062709,15.806169,965.320,43.638660582552
88.006304,15.807451,3566.955,135.24852662667
88.016475,15.808844,11201.818,41.288573827767
87.991273,15.807576,1898.377,42.783800980837
88.171771,15.807695,1951.924,40.135310734302
88.160916,15.809840,21440.538,116.13173100840
88.067394,15.808478,3395.306,44.221929768001
88.157614,15.808163,4088.238,33.396875641304
88.235884,15.807851,1090.441,80.553128199872
88.121818,15.810703,17868.498,43.697886704779
88.193531,15.808625,1799.749,40.551831384147
88.122833,15.808140,809.243,44.799736838675
88.102177,15.810074,12634.574,38.104413817660
88.226314,15.809305,1812.340,38.108903409040
88.107421,15.809665,2195.368,44.164289519841
87.985978,15.809298,1507.279,40.009536024773
88.155839,15.810079,1759.825,39.038772961336
88.023315,15.809397,660.397,211.75255863810
88.206867,15.810706,3223.609,85.316803547093
88.038288,15.810297,2234.746,30.948028946088
88.213213,15.810100,785.748,39.083137742818
88.142695,15.813481,39956.101,152.29306626488
88.024443,15.813037,13694.543,38.001250714357
88.028219,15.810696,567.589,37.744614948618
88.087232,15.811510,3040.848,38.999411254779
88.010965,15.813439,21781.892,42.785178203592
88.231005,15.810754,963.848,39.001050342497
88.198695,15.811910,1281.810,121.15597789748
88.195005,15.811576,1036.600,40.969336971326
88.212858,15.812249,3395.451,45.109784751913
88.037530,15.812273,2091.257,99.641419117708
88.175280,15.814561,18479.137,608.48758969593
88.176624,15.812018,1063.919,37.858084624873
88.102358,15.812773,2503.358,42.416290856654
88.162359,15.814364,15972.714,76.858189374865
88.046334,15.817245,117825.142,38.871777819925
88.218219,15.812663,1131.789,108.42820586046
88.097229,15.812407,908.573,97.315710697605
88.180615,15.814183,11432.058,98.261267766621
88.209755,15.812621,1141.556,69.984312506890
88.050829,15.814672,17468.233,307.10362079563
88.166156,15.814638,14755.086,39.682443521627
87.995949,15.814901,12882.827,172.60850849631
88.171806,15.814797,8014.148,42.019149857641
88.079913,15.816954,48044.982,47.083026718315
88.000206,15.813734,1130.002,49.216937953703
88.104933,15.816468,22559.858,40.628796669152
88.168066,15.814194,1384.249,38.454254579305
88.204979,15.815629,4293.606,41.095614046032
88.229945,15.815430,3275.409,183.51000201051
88.040538,15.815571,2377.715,56.097428431778
88.065188,15.815081,917.382,46.854794646872
88.002447,15.815751,1529.434,39.308433442040
88.160960,15.818529,31481.151,36.232802836422
88.170806,15.816543,5656.465,56.603181093652
88.153178,15.816035,2726.990,39.804346063479
88.077251,15.816377,2008.311,36.998003447596
88.222616,15.815748,1099.644,60.973731393641
88.157312,15.817251,7210.332,107.44020735161
88.138086,15.816729,1007.279,186.30695852178
88.184130,15.817123,816.364,39.088141473727
88.074273,15.818041,5953.465,64.775697465097
88.183068,15.819437,17835.970,41.283692314888
88.007518,15.819889,29170.729,355.44840253889
88.179076,15.817351,558.520,43.051279040696
88.070730,15.819408,7825.152,106.74594541577
88.189061,15.819056,2578.164,40.434769844249
88.073027,15.821922,52486.379,36.217122160855
88.050762,15.819475,4141.334,70.320218403171
88.004989,15.820658,15519.712,36.670499013546
88.094336,15.819748,2354.167,40.865952739028
88.156225,15.819085,700.998,60.234068715192
88.010352,15.821095,8272.702,53.587767571134
88.103270,15.820241,1950.431,43.079670921690
88.212971,15.819784,1070.422,36.687144628715
88.110767,15.821577,7286.876,42.643422608967
88.123760,15.821571,5256.238,43.486782927446
88.084196,15.821188,1363.323,39.821039284416
88.198103,15.821772,1498.438,40.663425396059
88.214204,15.822611,2476.350,40.537002416234
87.983867,15.822293,2657.659,41.330443827750
87.993536,15.822114,1417.746,60.781246611251
88.051099,15.822132,1523.883,36.226144072826
88.085303,15.823338,1448.574,34.089715080254
88.001953,15.822640,1276.762,35.892621267507
88.229232,15.824440,7794.050,46.755926030709
88.235368,15.823817,886.340,42.099114936343
88.181769,15.823846,616.282,36.589724938613
88.098919,15.824232,1004.024,57.032604464917
88.039199,15.825777,2952.031,135.50403197586
88.131132,15.825986,2360.668,55.042728380765
88.108781,15.825674,862.260,40.331395477453
88.089244,15.827712,6236.868,32.898589022045
88.181737,15.829306,26008.103,38.969765389042
88.109006,15.827815,4834.215,34.819317022955
88.050163,15.827983,2575.811,38.332617338958
88.134683,15.827555,975.837,37.744654818943
88.218102,15.828050,2074.509,40.777414027883
87.984295,15.827256,801.638,75.620991206895
88.005231,15.827595,860.474,117.00270771069
88.068778,15.828376,1750.744,39.602792413679
88.103434,15.828916,3283.189,46.299399859738
88.187440,15.829918,10299.765,50.103495508616
88.068586,15.830252,15897.712,37.785425944146
88.210943,15.828189,768.812,48.442859676818
88.174877,15.829328,2663.325,45.230633556521
87.994452,15.829684,4980.218,41.895606870640
88.039922,15.829506,1750.628,37.716612337157
88.178190,15.830287,5312.123,56.495101145494
88.134333,15.830019,2531.694,94.207722417169
88.183345,15.830462,2472.343,70.673168955823
87.991214,15.829530,1124.241,34.432833226098
88.166302,15.831117,5375.167,38.763121122370
88.175094,15.832178,14651.483,42.574090414716
88.201558,15.832554,10071.024,38.448302735120
88.066404,15.830073,496.264,250.68178012433
88.138902,15.830857,733.721,36.243233455156
88.179496,15.832898,1355.400,39.179136395410
88.184824,15.833082,927.184,31.374745514933
88.105689,15.836061,33474.973,56.802080308571
88.161486,15.833168,1009.201,268.51955831462
88.057102,15.833494,1666.795,39.478039488703
88.007229,15.833286,683.867,40.961789824305
88.036366,15.835284,6643.123,64.353551325903
87.992544,15.836464,41578.199,34.969331094050
88.168862,15.834103,2134.746,38.323829244702
88.061959,15.833713,853.689,68.935523882996
88.023405,15.835207,7439.163,249.89809061789
88.200702,15.834550,1003.325,40.710817804413
88.181095,15.834610,1274.983,73.077385315645
88.210768,15.836922,8772.576,39.366780636968
88.195046,15.838194,34361.006,115.43226180847
88.071220,15.835130,1534.890,73.758466923585
88.223757,15.836458,7369.086,284.43394999548
88.148538,15.835212,714.116,43.243937852283
88.012139,15.838204,15200.804,40.258917342960
88.101270,15.837418,9019.458,164.61243772873
88.079479,15.839576,47547.175,700.11946786169
87.995010,15.836377,1086.173,551.32992474568
88.049217,15.836709,963.291,209.53520157405
88.046160,15.839717,24133.818,39.194121124120
88.122477,15.843323,107100.862,42.844115969184
88.001726,15.842671,92851.691,40.848909531463
88.075322,15.841184,32536.437,39.464192125905
88.136885,15.838220,878.251,44.205990233262
88.216049,15.839096,2312.937,43.546094582137
88.228404,15.838807,1497.260,40.667599076808
88.197221,15.838890,1771.898,46.684404459312
88.065789,15.838969,1134.006,39.952180436931
88.016995,15.839049,737.885,48.043945098146
88.192864,15.838932,965.014,48.782809035930
88.203332,15.840234,5384.015,40.970557468581
87.989002,15.839417,883.398,37.311628397985
88.039967,15.840039,1240.081,53.095161646575
88.109503,15.840810,2156.577,39.762829246636
88.165611,15.841073,2424.233,60.673709877001
88.169926,15.840885,1809.923,67.396536785799
88.057690,15.841270,3930.118,35.408604451836
88.151915,15.840953,1245.596,41.748003755551
88.059423,15.842217,6211.647,42.790293334648
88.024808,15.842572,8154.840,35.212404834733
88.185363,15.841076,2004.787,178.58630311287
88.013914,15.841249,2565.188,38.639634508551
88.018282,15.841126,993.685,41.022434659778
87.986001,15.840405,576.312,40.262242523219
88.068085,15.843811,26611.048,236.41124344702
88.123577,15.841131,1148.646,52.893528444158
88.052932,15.841757,2415.924,107.11906717295
88.211007,15.842025,2042.761,38.308196778970
88.036140,15.844361,35666.978,59.944258841915
88.076563,15.842574,4331.002,38.359116996812
88.132833,15.844064,14433.089,46.300465408423
88.218680,15.842368,2166.226,43.917520531538
88.143405,15.843014,7117.989,31.706494493290
88.234879,15.843266,3616.160,90.528493891846
88.181187,15.844132,5540.113,97.646752874228
88.119170,15.843598,3030.843,38.690861878530
88.157838,15.843059,975.533,74.662016433251
88.051069,15.845237,11383.688,65.505004938469
87.986744,15.845773,13475.577,49.226798431893
88.015572,15.844085,565.411,44.343922192140
88.104155,15.845790,7102.280,212.99053144431
88.169895,15.846718,7755.405,39.907698730072
88.047135,15.846518,4683.367,38.050561295916
88.080041,15.846287,2866.736,922.84068285047
88.132021,15.848859,29445.113,36.779044810669
88.144462,15.847032,2847.990,34.209200865227
88.216762,15.846524,727.291,73.770035333149
88.129961,15.852068,146074.673,34.381113750189
88.002199,15.846619,1005.547,42.078688737017
88.147025,15.846683,806.124,35.000239526631
88.147915,15.848662,8922.909,35.226213412143
88.118298,15.846491,664.535,60.606141146388
88.053970,15.847466,2928.080,47.873455317099
88.132889,15.847087,810.434,44.583635164445
88.185543,15.847187,919.435,37.157507113753
88.012444,15.848933,8154.293,113.09477176971
88.158904,15.848695,4190.545,41.392100444421
88.152052,15.848950,3730.255,448.50862154396
87.989017,15.848282,750.174,45.643561506970
88.027515,15.850989,22171.444,54.128053744604
88.184976,15.850104,1973.375,41.868224678450
88.225726,15.853778,77185.383,44.733178267218
88.199621,15.850249,3098.452,41.735659103316
88.098107,15.850225,3972.977,47.175988425239
88.154793,15.849352,965.872,34.486772775968
88.001665,15.850261,3553.865,39.688394550745
88.219289,15.850094,2649.723,42.648854980795
88.174227,15.851286,4387.716,55.128456273398
87.986488,15.850081,1326.467,37.084185479429
88.148846,15.850548,1147.882,47.933516421650
88.212709,15.850540,944.914,37.082998324047
88.017606,15.853101,5085.970,109.78894513322
88.137265,15.852064,797.177,35.940074869866
88.147120,15.853108,3778.357,38.931282927175
88.157309,15.852075,822.812,62.404705369423
88.086340,15.854557,11130.489,39.906439939428
88.163989,15.852156,769.990,40.350983025896
88.212833,15.852626,1625.652,44.257728300112
88.183312,15.853531,4851.038,44.464025327171
88.144801,15.853359,1129.559,52.436893371736
88.162988,15.853787,1951.631,100.74354402525
88.179121,15.854156,2629.658,56.802388039996
88.045814,15.853939,1986.906,83.723722259236
88.136104,15.854930,2815.948,258.20097443686
88.177775,15.856572,11821.930,41.336533241271
87.990235,15.855563,8144.200,43.444835087596
88.175685,15.856061,11874.182,47.389486626936
88.196403,15.860475,41624.486,39.949821457501
88.127682,15.855722,2352.718,60.808269896713
88.207517,15.855711,3772.945,81.988386099338
88.124855,15.855646,2472.808,130.46804307525
88.042591,15.854989,589.208,43.099096109068
88.096653,15.856269,5965.419,60.096836504042
88.003595,15.857064,8927.352,49.524344678459
88.166486,15.857440,17625.837,232.98039073693
88.075567,15.855445,863.941,160.29236033215
88.100746,15.856789,4335.328,223.15056798580
88.026289,15.857101,5152.838,151.00556724158
88.040935,15.859752,33003.297,86.933103860777
88.108424,15.859349,19979.769,39.787497544705
88.034414,15.859379,30019.566,38.494031512515
88.080517,15.858966,18836.980,37.605939518023
88.032106,15.859351,12519.020,46.888948706740
88.037594,15.857687,1405.095,39.096261242605
88.106204,15.857724,1127.065,40.204672714895
88.143052,15.857119,727.628,37.833850399904
87.993008,15.859159,4226.989,457.63582489466
88.230508,15.857935,801.730,64.585129558096
88.009892,15.858257,1093.710,53.197487938255
88.177641,15.859028,1459.143,37.946726796715
88.151747,15.862246,60184.870,41.841478283137
88.030481,15.860806,7811.901,32.251550067865
88.139177,15.859982,2438.736,56.513122737863
88.048107,15.859700,960.147,57.428408304605
88.122654,15.860252,2337.071,54.063753953528
88.199377,15.860009,958.630,55.284946864275
88.220400,15.861628,6901.137,36.749798623032
88.099368,15.861319,6530.756,36.421332746313
88.141082,15.861067,4869.946,263.37280611692
87.986696,15.861694,6326.253,61.773320020454
88.217571,15.861307,1470.864,46.730290907354
88.136652,15.861514,1023.676,36.746646630825
88.179521,15.866310,35976.122,67.178805367276
88.050398,15.863650,6977.434,41.012563807913
88.031974,15.864225,5200.343,32.826305230823
88.038371,15.862372,467.617,36.816195692691
88.082284,15.864196,5984.734,39.732071368975
87.997131,15.862572,693.572,40.899880718234
88.100479,15.863777,720.343,41.451396954310
88.007595,15.864385,747.471,40.769178202152
88.198120,15.865245,2852.124,38.037578809135
87.996928,15.864513,1343.963,36.618754046999
88.230243,15.865315,2940.379,52.140549852974
88.013947,15.865054,1423.586,47.808783702770
88.126447,15.865153,936.745,56.139729352400
87.989902,15.865379,628.925,35.888984305938
88.018754,15.866594,3783.961,706.43947196845
88.163020,15.867761,4439.307,44.200596504162
88.175940,15.867666,4934.920,34.155919066901
88.105637,15.866623,796.135,90.174813954311
88.198088,15.871708,100520.910,85.863545380582
88.165915,15.867489,2908.160,35.646907573643
88.036631,15.866575,706.369,94.006272193465
88.029587,15.869204,13019.289,39.381702474732
88.133776,15.869445,8982.647,94.185265060690
87.990205,15.867941,586.610,77.959558443233
87.995963,15.870212,12967.408,572.60825450437
88.174040,15.868613,1272.723,44.641942046628
88.229091,15.871719,15585.811,56.304973070023
88.141736,15.870554,8344.718,35.233563309935
88.063869,15.873726,67419.140,44.987134600870
88.117003,15.870137,2589.312,426.50723993353
87.994017,15.871049,6668.603,40.638161803143
88.096557,15.869624,780.555,50.764392234639
88.146848,15.870269,3078.584,92.378597053747
88.220522,15.874995,71526.466,37.159089268400
88.224021,15.871377,2876.714,38.595854024458
88.149577,15.871613,3871.893,36.318235401770
88.232921,15.872788,14997.332,36.638639240770
88.160728,15.870546,716.599,42.103916222494
88.163683,15.871124,860.096,38.556603899630
88.080457,15.870598,797.921,263.55430063193
87.999810,15.870559,733.900,62.049330856905
88.154505,15.871131,634.649,51.535090744830
88.034334,15.871745,1948.667,42.412747840528
88.029584,15.874727,42743.502,39.152210744303
88.125963,15.873250,4578.694,41.085506626396
88.205346,15.873720,2771.422,46.126048931565
88.027373,15.873150,2197.724,42.221797023431
88.208227,15.872824,874.160,216.50280857106
87.998262,15.873278,1127.092,50.505443024120
88.166541,15.873802,1770.613,84.765424384280
88.003299,15.874052,1809.940,36.199656036516
88.078681,15.876795,25691.001,86.295084895542
88.214076,15.874837,2648.180,37.143262063845
88.156524,15.876398,9856.116,42.853201276881
88.187104,15.874734,735.795,37.591372959559
88.104876,15.876673,9176.507,35.003302924974
88.182802,15.875273,1003.281,100.87199059762
88.062757,15.875677,1397.465,453.61272831558
88.217047,15.875772,1139.011,255.07073057421
88.013724,15.875847,581.811,40.072332626600
88.212769,15.881132,13252.943,39.880206382560
87.985640,15.880441,66360.223,51.876883239237
88.084325,15.879919,30302.680,184.28320593683
88.119922,15.877661,2183.835,47.617067145787
88.137312,15.879472,2725.655,49.743118897595
88.092675,15.878619,686.171,43.383730156587
88.111666,15.882220,21966.552,47.097507278548
88.034328,15.880446,4851.794,298.46712518692
88.124253,15.880183,2483.739,40.716102793472
88.135094,15.880422,3195.203,53.879626441400
88.057678,15.880552,3265.861,81.549378073276
87.992394,15.883673,52265.514,55.644284040304
88.194100,15.880608,1808.555,555.73249287413
88.079367,15.881180,5180.891,40.326455132908
88.183391,15.882575,12540.879,35.238711392331
88.019520,15.882217,5755.173,37.829645287558
88.046214,15.885559,78826.656,41.761352884390
88.042250,15.881380,1304.576,56.759812087775
88.230016,15.881432,1252.401,46.092367061778
88.105897,15.881039,733.586,35.677596807298
88.128789,15.882066,1468.954,40.827164269021
88.123792,15.882860,4913.965,38.646368380332
88.236345,15.888196,nan,421.56457174145
88.102365,15.883871,4087.452,654.97864083787
88.211003,15.882692,1093.935,39.941132919748
88.016543,15.883459,1650.391,38.586993136120
88.004359,15.883089,1077.887,98.454004552293
88.082561,15.887064,55252.941,111.52149808631
88.076653,15.888013,92713.087,41.846903397551
88.034192,15.884364,2658.715,40.369244879580
87.996881,15.883579,939.696,62.356524805205
88.174099,15.885487,10416.597,37.776064898322
88.231878,15.885952,16425.232,38.079729100688
88.154281,15.884502,2006.233,36.778568666811
88.122966,15.884754,2811.164,55.251868906834
88.171929,15.885566,7152.469,46.324978556632
88.214499,15.884318,1250.382,43.409081044705
88.073771,15.884398,1480.850,42.439715086467
88.031197,15.884157,1171.173,38.609868741722
88.019022,15.885631,6868.907,45.370395321138
88.146018,15.885235,3052.395,40.736720604479
88.089907,15.885766,2102.776,46.697648599400
88.084372,15.885732,2461.908,55.362316241564
88.004277,15.885734,1612.116,107.61108241994
88.127840,15.886594,3104.549,36.328706314900
88.169978,15.885757,1183.750,50.612091266436
88.087690,15.886989,3209.298,38.101570523945
88.229589,15.888532,4568.971,33.820955239623
88.142615,15.888014,12435.400,42.991304225007
88.032286,15.886242,955.384,37.367597580698
88.186146,15.888497,6048.559,33.180084205818
88.002149,15.887105,1708.591,44.478151356603
88.040358,15.887300,1073.146,37.177521879055
88.170775,15.888312,2566.364,43.068114457839
88.195974,15.887404,618.090,46.347558638515
88.011382,15.887405,900.825,42.414094184213
88.133010,15.888770,2917.932,42.739613612958
88.046116,15.888454,1329.809,51.352906337869
88.069526,15.888267,1745.944,40.969456322940
88.130392,15.889098,2907.049,52.530239641795
87.991480,15.889989,3482.803,54.266472483104
88.062752,15.889290,2197.432,87.763693447402
88.193114,15.889739,3888.383,206.85212236939
88.134976,15.889278,1670.719,42.879755626190
88.148798,15.890157,4440.184,40.965620727408
88.066138,15.890899,4148.195,42.213250565153
88.105449,15.891971,9230.165,43.316581912204
88.046721,15.893056,21913.180,622.36488641363
88.229852,15.891454,2243.595,44.834595020859
88.218439,15.890816,835.996,32.817242000937
88.109623,15.891910,1791.501,40.702988071600
88.032675,15.892131,3214.467,43.518712432658
88.076545,15.896527,92592.313,39.998530568542
88.085972,15.892349,1626.092,42.814406585378
88.009230,15.891794,788.863,39.136476620097
88.025234,15.891785,1074.829,149.39957667965
88.194217,15.892466,2516.105,42.037676648281
88.215008,15.892129,679.831,37.481517475885
88.209357,15.892920,2251.081,40.066931753592
87.992371,15.893471,3349.945,108.85864124842
88.162882,15.895466,20962.297,42.194335595894
87.998335,15.893305,2192.908,42.390048869740
88.014785,15.892754,509.198,51.828843565917
88.131282,15.893146,1564.006,77.881669215710
88.028430,15.895431,15243.459,34.557230010900
88.164163,15.893700,1433.727,815.52217862940
88.169734,15.894017,1619.546,78.267711427584
88.132732,15.894531,3039.099,47.526993079468
88.190278,15.896007,7629.387,69.670651131727
88.184501,15.894555,1079.709,214.76180111881
88.014165,15.903989,143663.592,38.415256348731
88.208611,15.896652,8750.860,86.346383955807
88.010003,15.896273,3901.166,38.695688208562
88.197983,15.897166,8042.570,41.489351915151
88.102066,15.898619,23196.550,40.510414658691
88.060844,15.896240,1624.868,37.262128297010
88.106642,15.897874,8105.098,184.80056237317
88.121668,15.896695,1220.080,54.705432188198
88.233650,15.897571,2231.770,52.720555310807
87.995273,15.897680,1458.379,35.989865124355
87.983075,15.897354,1063.276,37.677190941296
88.183853,15.901080,29480.842,36.164780015167
87.984865,15.898680,4832.955,423.23339340557
88.043080,15.899156,5041.160,125.08236236489
88.095904,15.898603,1847.574,34.728979911746
88.074202,15.897908,635.461,55.885569326132
88.203491,15.898952,2200.487,47.242120261207
88.217731,15.904119,68910.915,37.341210904979
88.209382,15.902150,17558.885,42.716363839661
88.007255,15.899689,1378.385,42.406166993889
87.994835,15.901310,6855.856,46.574738585018
88.229223,15.901119,4192.725,36.757413837402
88.112762,15.899901,657.904,40.662360035074
88.163251,15.901350,1857.385,134.00098282713
88.219558,15.901747,3161.388,63.350426600763
88.154688,15.901767,3006.482,32.409286403804
88.205843,15.902032,2648.623,177.01218931955
88.035230,15.902005,1937.604,297.47235705029
88.198308,15.904724,22117.535,47.699032950956
88.091138,15.903308,6353.075,54.355320186754
88.081193,15.902116,1101.075,47.122181987210
88.233651,15.905440,25078.226,186.78249746542
88.076827,15.906014,35949.792,37.705222642740
88.018477,15.902778,513.192,45.927563269148
88.017956,15.904700,5686.104,40.716276989961
88.214182,15.904664,3960.290,44.504696386195
88.142472,15.906354,23890.011,33.807776178029
88.027252,15.903871,1132.586,43.823633955127
88.225061,15.905589,4249.603,47.032345110166
88.139097,15.905008,2390.073,160.96800742643
88.207555,15.905482,4702.858,37.072677465289
88.180549,15.904172,672.757,433.33562559535
88.136653,15.905553,3849.569,35.950976326275
87.992349,15.906009,4037.700,95.466293205679
88.202309,15.908699,22207.336,38.782707376246
88.020968,15.905331,885.544,37.775027496212
88.118056,15.909611,56027.214,36.708031039012
88.159434,15.905409,1382.278,35.073311941208
88.166899,15.907966,9204.328,38.979684050709
88.235266,15.906456,995.697,210.79808832753
88.063377,15.907045,1394.807,39.767709510095
88.191013,15.906565,647.155,59.322116342263
88.140977,15.907498,907.968,40.719980234201
88.049991,15.908224,1196.973,37.927503817262
88.096135,15.910620,28203.665,34.600142246584
88.169130,15.907947,966.602,39.214491577489
88.227899,15.910294,6041.724,67.576847942950
88.018350,15.908555,2371.811,52.805996860751
88.107554,15.908234,765.813,49.866323655389
88.010508,15.908745,1122.380,36.528668826332
88.080773,15.908332,884.936,61.735893328614
88.161120,15.910788,6942.677,72.098565558107
88.148963,15.910192,4896.479,38.721339143524
88.173318,15.910016,2884.959,44.830126509460
88.143552,15.909824,726.584,41.055905303019
88.066210,15.911406,5324.786,594.38056333131
88.084112,15.911887,8824.959,202.77367079764
88.123841,15.910405,1147.144,58.028091255912
88.233260,15.911152,2285.780,51.757951828600
88.089309,15.910346,1255.376,33.511127964764
88.110411,15.915318,71893.239,74.821297329381
87.998502,15.915219,38585.698,41.189881648520
88.050676,15.912126,1645.115,34.882924563782
88.227967,15.912672,5248.888,132.09028324319
88.033091,15.911105,724.593,46.813505842960
88.222727,15.914872,12585.114,86.226409710631
88.038373,15.913007,2196.626,341.59789171040
88.179954,15.912530,1153.835,296.57481848847
88.028196,15.914859,18556.008,47.419469424930
88.174861,15.913502,2138.933,34.660184774014
88.153080,15.914752,10331.884,37.469083064543
88.163320,15.916913,46948.702,268.58048029671
88.176056,15.915956,39258.365,35.979170447549
88.078966,15.914283,3139.650,251.65740336555
88.032982,15.913011,497.183,132.72961586414
88.017511,15.913237,742.377,51.843036021800
88.216849,15.916831,44688.016,540.54787748103
88.207477,15.913560,582.124,346.24426967262
88.190913,15.917575,40881.543,46.403796189918
88.231520,15.916427,19576.719,653.56018487858
88.165114,15.915415,4568.895,77.221637269643
88.139434,15.919671,81831.653,39.309835749733
88.174321,15.918548,50415.951,36.538291308361
88.142052,15.915872,2925.984,52.409228286015
88.126915,15.919851,85647.681,38.302814534668
88.229559,15.917263,9222.873,37.217834936123
88.061674,15.915279,1101.529,39.065364380207
88.179252,15.915900,1290.195,46.911105829287
88.064627,15.917513,3450.892,54.632664571353
88.144331,15.916616,1391.333,49.715997397231
88.076009,15.916861,1047.198,125.86258523123
88.171348,15.917789,1591.111,60.780312210753
88.114978,15.918144,2819.736,51.111735574117
88.123622,15.918927,6559.661,304.16867273938
88.216495,15.919488,6315.322,38.400431043029
88.023799,15.920240,21009.913,40.914490771733
88.087716,15.919822,6381.697,40.339445978735
88.135910,15.919902,3716.626,57.819431385558
87.984932,15.922462,62035.817,80.713905954406
88.065690,15.919030,752.909,901.69204551069
88.081209,15.920510,2037.758,129.81881270363
88.011538,15.919844,1517.614,34.640461010994
88.192856,15.921410,7327.463,42.128339138835
88.200787,15.922114,9883.509,94.019529599026
88.191444,15.926060,130163.832,36.538296529751
88.026181,15.923419,23125.928,59.731079869389
88.183216,15.920627,945.017,44.642376252469
87.983363,15.920589,715.221,324.82906892305
88.192391,15.923769,12244.731,36.408040293486
88.044499,15.921567,1217.989,38.211270596209
88.201590,15.923821,5946.917,34.790681679510
88.185349,15.922336,2817.397,40.257006303988
88.204596,15.927294,59696.891,40.803473910122
88.070107,15.922200,1114.033,34.525809162752
88.035013,15.922525,1997.438,107.83745314368
88.219716,15.922096,1019.235,45.232542698540
88.019755,15.922617,1711.096,37.540631630676
88.137655,15.923503,3490.339,42.299597379271
88.094903,15.922565,885.463,65.354802673780
88.126790,15.924771,12641.549,37.951615556778
87.991695,15.923912,3368.277,56.677088671959
88.016604,15.922960,1171.048,41.476103968751
88.134221,15.923956,2665.314,52.970892044090
88.185316,15.925242,7362.336,62.946419851737
88.097200,15.923637,1572.690,40.695268112581
88.017128,15.925252,7369.945,291.60069930012
88.143559,15.924540,1884.950,34.243019188582
88.156681,15.925779,5092.249,68.569149735167
88.220739,15.925718,6758.599,546.11254356128
88.045023,15.924594,1162.015,40.849027718286
88.063665,15.928376,44669.005,59.545776581442
88.218427,15.924492,693.316,38.553565412796
87.983502,15.925886,9498.287,37.737491502363
88.115842,15.929477,75057.682,45.891266954216
87.998076,15.924943,1552.930,294.89587297894
88.034884,15.926633,7026.405,44.204987083588
88.042999,15.925236,1011.015,38.875720042977
88.076913,15.925277,976.191,34.897272957724
88.212777,15.926689,3992.538,37.979161667967
88.211832,15.929985,50795.901,63.692146464455
88.108240,15.925853,2018.433,49.366333579803
88.101724,15.926416,2000.175,39.582767591688
88.013595,15.926361,847.781,379.05587146219
88.138664,15.926366,808.619,75.274822219918
88.230494,15.928274,7720.866,44.064777292302
88.218796,15.928192,3987.983,35.369585381457
88.130620,15.926932,706.729,42.130669615745
88.180030,15.933584,61345.711,40.695076912112
88.151702,15.930499,7342.360,32.431889223492
88.093833,15.929962,2867.260,57.090882391883
88.060163,15.929550,881.845,210.88207022667
88.030073,15.930793,3283.576,40.453041551471
88.175851,15.930289,672.929,40.516811898174
87.986633,15.931213,2038.085,50.534150708329
88.025689,15.933105,8112.968,60.289949185647
88.116118,15.934810,31327.834,44.749099316243
88.019348,15.932017,1158.109,40.474659276531
88.176795,15.932703,2340.494,50.316291492366
88.063422,15.934179,5389.308,37.477321097762
88.154618,15.934677,4485.770,42.518873331247
88.040975,15.933921,683.411,45.903687208783
88.133540,15.934328,1167.972,64.368259075595
88.049063,15.935606,3207.065,56.392616928592
87.984256,15.934167,565.375,37.909912763688
88.080004,15.935704,2105.205,822.36806181186
88.181174,15.936050,4158.378,40.332859705306
88.071473,15.937648,7183.695,44.076840390996
88.077395,15.936704,4395.479,653.41432798772
88.235878,15.936310,1598.044,44.737617014955
88.046354,15.942425,154432.582,497.14729889785
88.225537,15.936914,2927.457,101.84710814377
88.018312,15.936409,1148.021,34.665647636928
87.995551,15.943364,134768.800,35.979135737030
87.984884,15.937012,3848.980,39.902849031656
88.117904,15.942150,72998.304,39.244672651954
88.194908,15.938733,1431.887,38.884086154253
88.223036,15.938608,1695.790,45.789908833951
88.019028,15.938276,808.096,44.217508114859
88.038054,15.939286,2853.317,41.059684405406
88.212918,15.939202,1212.346,140.22168602080
88.030441,15.939974,1179.338,37.292019538135
88.186889,15.941545,5090.502,35.539126998264
88.176362,15.941463,2875.680,36.381299950034
88.088418,15.940790,1110.343,35.591661277846
88.062100,15.943829,22804.257,39.878132867882
88.001779,15.941368,641.231,30.448125822551
88.017501,15.941670,853.101,36.099981931312
88.142930,15.942162,1241.376,43.449452157564
88.130415,15.942220,902.392,45.681662322624
88.230213,15.942981,1881.147,285.46724785444
88.051537,15.942599,983.377,34.518179215167
88.032661,15.943120,2213.980,37.607098925443
88.006692,15.944120,4618.623,72.450552730792
88.048916,15.943355,1901.384,115.00203768507
88.057841,15.947053,55399.585,37.151983015393
88.218851,15.942590,741.395,40.144951704586
88.070755,15.943182,1032.745,54.727713814572
88.189312,15.944959,8261.229,39.380562389670
88.136387,15.945812,13937.767,64.400118662242
87.987112,15.943633,732.568,36.767042621211
88.090572,15.944787,1283.830,40.415189869964
88.072895,15.946037,6671.771,38.588851349016
88.141490,15.945293,1762.131,43.433832958943
88.094503,15.946848,5834.898,37.569892388329
88.100616,15.946352,1901.504,423.44509702092
87.986550,15.946263,1256.532,38.594685630960
88.138578,15.946802,1235.116,38.538966191217
88.089169,15.946980,1583.181,211.40798826886
88.156029,15.946985,1406.482,58.539577728745
88.148466,15.951193,57871.940,36.515608940504
88.112655,15.947294,1148.663,40.120600029025
88.170994,15.947616,782.157,48.152122772511
88.141704,15.949993,27088.103,44.647179332114
88.179628,15.949239,6040.796,61.962074967762
88.050914,15.947335,919.955,155.16709088648
88.019179,15.948004,1818.692,53.038838658352
88.225894,15.948815,3352.605,68.265219152324
88.221278,15.948899,3009.000,39.432866562285
88.099367,15.948168,1419.516,40.257997433921
88.151918,15.950761,17506.050,39.048140717723
88.048288,15.949626,4461.324,69.600370064563
88.006652,15.950493,8852.772,38.238058599378
88.229399,15.948932,688.676,77.694846778414
88.054740,15.949244,2218.279,39.524737101098
87.991457,15.950043,2444.438,58.641502155066
88.063290,15.951536,10292.079,45.547892522677
88.200476,15.950092,973.466,48.045153381333
87.988324,15.952635,15964.946,41.959680833304
88.195462,15.950900,1403.737,47.693443640644
88.162503,15.951782,6324.378,37.888922276855
88.090083,15.950687,1221.547,43.947559126467
88.003935,15.951938,5462.958,191.87081846080
88.212554,15.951174,1041.408,39.766041492745
88.040478,15.951470,1315.463,36.885739728387
88.206995,15.951491,1263.546,39.716966288555
88.143707,15.951759,2212.412,89.618608230299
88.177634,15.954257,30718.403,58.960181656391
88.181239,15.951866,2509.730,37.921135955226
88.184184,15.951609,916.394,40.316985269683
88.042925,15.951882,1063.254,70.255500555341
88.098193,15.953636,7407.302,46.329552547533
88.153833,15.953937,6525.884,44.871936627183
88.139373,15.952536,863.459,41.175696231372
88.113701,15.952499,670.108,301.04368426216
88.195564,15.954531,9853.026,39.748546304343
88.090454,15.953478,2946.356,56.651665279959
88.127748,15.953077,982.454,38.085078353083
88.063926,15.953703,1288.245,37.225672033492
88.032821,15.956880,54817.903,38.821650348845
88.157869,15.954516,1715.869,291.00376196733
88.043485,15.955028,5600.510,93.137702695815
88.165860,15.954103,866.182,61.389192919092
88.055061,15.955148,1536.592,37.399573746257
88.173779,15.954908,918.463,108.27086754747
88.218822,15.964345,49020.510,39.460040567872
88.190617,15.958519,10987.481,41.364079192312
88.022269,15.958530,9465.895,40.028872479728
88.172811,15.957079,1168.341,55.495609705169
88.050313,15.959392,14204.686,37.577686915444
88.080356,15.957677,1098.370,41.083219367948
88.005483,15.958059,2262.310,35.667066077379
88.164276,15.958251,1701.369,47.848339730912
88.230643,15.958684,6737.980,39.761144625175
88.148744,15.957497,976.361,37.084874117624
88.144541,15.958662,1291.940,38.343127650588
88.166767,15.958652,2272.834,45.255352120702
87.983806,15.959082,982.925,75.178863883842
88.171808,15.958714,775.447,114.06325235233
88.053574,15.959651,2026.579,116.41624488427
88.212521,15.960501,3699.178,35.041767282800
88.067088,15.959843,2903.371,124.10571205539
88.104429,15.961172,8880.663,50.239422055883
88.064877,15.961692,18041.639,37.396481066757
87.987975,15.961974,22191.764,38.012421439634
88.014603,15.959373,639.023,36.395176415034
88.109240,15.962567,18946.370,53.352491688277
88.230859,15.961500,6044.986,44.490102744949
88.138566,15.960440,1015.931,72.857226820209
88.110877,15.960506,1360.114,34.134322824965
88.113375,15.960217,583.349,42.387016028399
88.096752,15.962111,6822.399,75.128222930849
88.170262,15.961695,3586.121,37.048276376015
88.032766,15.963151,15295.565,377.14440639164
88.004612,15.961290,1248.964,38.556820763211
88.153618,15.962191,3810.343,38.405965660591
88.086136,15.963421,11769.544,41.794405875485
88.023387,15.961633,796.767,68.369197937560
88.194894,15.966842,68620.561,43.230666540292
88.204757,15.962746,1041.025,38.983061202408
88.143959,15.963151,1623.423,57.850658144227
88.060097,15.964307,3724.548,150.00490788808
88.198150,15.965067,11648.616,88.673532184381
87.996369,15.963876,1835.462,34.241846078369
88.035432,15.964246,3255.594,304.03068650289
88.134424,15.964762,5853.782,37.674915396555
88.090499,15.966886,26395.823,32.314037534362
88.179614,15.965579,13935.513,444.38375331565
88.196098,15.963890,755.222,319.35145570159
88.034642,15.968367,58978.731,166.84076466686
88.081463,15.964804,2266.788,38.409414882928
88.182711,15.964910,701.718,37.942590625858
88.163338,15.969689,79053.440,36.378020474801
88.179115,15.969544,64308.038,41.553533468312
88.044542,15.968763,31611.417,39.036470625568
88.123781,15.965968,865.868,82.170139148335
88.029516,15.966322,1002.769,45.467384670780
88.057719,15.967058,1166.438,35.412471577460
88.027456,15.967578,3097.978,36.653702682227
88.170773,15.967328,1511.151,47.286615105275
88.184781,15.969210,13500.226,43.699562598269
88.140800,15.968404,3482.671,171.69735225919
88.011992,15.968147,1652.643,37.856747018738
88.049354,15.968190,2004.425,58.408769814487
88.036426,15.967524,775.444,36.079237410363
88.032474,15.968469,2897.542,74.946018649468
88.172397,15.970881,30728.706,52.694531817521
88.138793,15.968090,756.184,704.79176097543
87.983009,15.969921,6627.884,40.497960641680
88.081556,15.968523,1274.981,95.073722530352
88.197496,15.970748,10174.529,44.651772076205
88.057428,15.970022,4457.952,717.55689108809
88.062002,15.977831,145612.639,104.39716857456
88.087156,15.969646,777.572,480.03664647550
88.166973,15.972825,16617.355,63.223306258843
87.985164,15.970006,662.139,525.60841005775
88.145542,15.976151,144231.500,35.824888969315
88.119236,15.972870,19622.838,362.73994574701
88.088619,15.974863,76962.837,35.181128345987
88.216765,15.972087,7688.893,42.786204210851
88.127060,15.978194,96526.801,38.925262447543
88.054707,15.970825,1039.147,42.946174208989
88.038479,15.975051,64180.508,38.937484273585
88.137820,15.971840,1976.825,55.713291127610
88.201346,15.972698,3579.279,45.343718787225
88.116294,15.972228,1177.183,44.140351111683
88.190960,15.972283,1203.945,41.431546575919
88.185043,15.972150,673.140,53.203091466591
88.170459,15.973140,4965.800,42.090352994192
88.107938,15.973594,4561.847,39.812377639403
88.047003,15.973656,2594.797,38.379773575681
88.229822,15.973048,935.254,69.297861594868
88.016323,15.974533,6343.751,36.982082354359
88.031841,15.974391,3001.727,40.901341748635
88.029621,15.974076,2457.622,34.571800987626
88.142808,15.973657,926.125,42.905246938561
88.031276,15.976132,10673.689,50.938653596561
88.114256,15.974089,680.920,246.02448625563
88.173751,15.974170,1290.102,46.388323826350
88.094714,15.974672,1211.172,40.766679387020
88.128501,15.975124,1528.960,38.897969230630
88.002432,15.976382,7846.002,114.22312226546
88.169453,15.978851,46913.491,38.299519145714
88.230707,15.976373,3460.134,38.402150112024
88.066239,15.976082,2497.000,469.33910908682
88.194814,15.975893,1775.092,59.077404137997
88.203201,15.978521,21436.616,36.283009574406
87.989541,15.975644,961.998,214.62413598412
88.174806,15.975732,1154.277,45.949660922199
88.201905,15.981441,95415.184,46.516851086396
87.993133,15.977857,6576.656,46.584049435006
88.011024,15.977041,2175.716,40.728637856652
88.229495,15.981630,33144.716,43.841307378230
87.990262,15.977487,4658.568,36.721369395992
87.984540,15.977272,4404.444,35.457761151371
88.188776,15.977771,3597.905,42.672384371294
88.004914,15.977456,1546.983,34.102830821480
88.016291,15.978438,3814.038,32.849540996277
88.014344,15.977645,1289.722,41.243914559549
88.098264,15.977385,1366.764,45.437986827847
88.216241,15.978140,2544.761,68.025895055240
88.221912,15.978127,1088.626,101.47243193172
88.119657,15.978010,1395.520,31.675563983990
88.124855,15.978273,954.078,36.846512630137
88.018941,15.979308,3981.620,153.51592862331
88.068487,15.981107,11010.083,37.137808086228
88.173538,15.982097,17382.816,44.839290378135
88.182206,15.979955,1279.462,35.295322076582
88.118573,15.979822,493.936,123.54633395894
88.155499,15.983397,18393.675,296.09449623394
88.092133,15.981463,3013.320,196.19956959288
88.126280,15.982589,3708.189,127.42545875841
88.195579,15.981763,2501.519,521.62963966105
88.068602,15.984152,21429.820,41.574041431565
88.037198,15.985115,56122.102,36.385392093198
87.991934,15.985280,43349.685,37.414316557677
88.081338,15.984244,19558.353,40.899993379054
88.118250,15.987852,97837.744,40.347110322621
88.014793,15.982689,2004.784,38.744897813822
87.985197,15.981818,977.948,34.498138965975
88.079014,15.982975,1908.473,38.948932708533
88.214699,15.983672,2718.080,35.516740903163
88.189984,15.983131,1572.185,33.563937189984
88.086473,15.982950,1002.717,33.825637154334
88.026178,15.983950,2069.130,38.720754141978
88.039500,15.983372,844.958,39.592198069874
88.006773,15.983817,1268.771,36.857059329245
88.224123,15.983994,1190.072,43.144178586447
88.051691,15.984038,945.567,35.629159927949
88.089074,15.985071,2231.174,38.093133955602
88.062169,15.984879,669.919,39.497498784268
88.151769,15.985069,751.889,179.03092831090
88.221262,15.987101,4338.973,35.514769186519
88.199407,15.985974,791.218,36.070323863647
88.055055,15.986948,1948.711,39.741835394966
88.050063,15.986410,1249.405,437.28720085113
88.182431,15.989506,33753.587,70.870120536283
87.988880,15.986443,714.135,119.44604282978
88.028058,15.986902,846.022,43.561921274537
88.004802,15.986847,700.449,196.76678696093
88.198819,15.991580,86183.104,36.748492697294
88.166659,15.990015,6552.352,233.20314226666
88.187575,15.990273,17542.659,36.033472806093
88.001409,15.989548,3818.669,111.73255204117
88.143682,15.991677,29603.561,56.589523071513
88.015460,15.989014,1874.768,66.765181767079
88.232131,15.991757,31973.563,49.531570159862
87.996053,15.988492,636.740,49.641621951790
88.229456,15.991674,17045.544,80.381851596863
88.201618,15.990838,5883.487,101.04772447579
88.127029,15.990869,9342.249,114.15342259444
88.092217,15.990792,4487.548,39.936600246930
88.105501,15.991023,2672.151,94.971478480730
88.056935,15.992528,8593.321,46.740005494647
88.066491,15.992686,14583.800,56.443350249133
88.165514,15.992893,15550.259,57.558042593958
88.171595,15.991566,2129.735,39.755596640886
88.014221,15.993337,15798.455,678.01020238650
88.157144,15.992302,6203.892,42.648904592600
87.983462,15.992601,6932.298,38.774854266580
88.005629,15.992847,6910.700,39.872679420526
88.141758,15.992137,1326.086,40.322581788927
88.232078,15.998414,102157.310,123.43799269988
88.185302,15.992947,2492.504,38.934234308725
88.097108,15.992741,2380.705,37.331245834588
87.988400,15.993358,2802.818,40.347036337021
88.020946,15.992577,671.191,39.512345970927
88.210596,15.995594,20218.714,54.088948856121
88.038301,15.993903,1540.037,38.239205178370
88.032240,15.993370,770.782,45.458496000728
88.186643,15.994579,2531.251,42.401639985819
88.193501,15.994746,2555.614,48.445014033934
88.166019,15.995590,5955.150,41.542890756664
88.142553,15.994716,939.949,35.947033205113
88.220681,15.995612,3843.971,39.736311472739
88.024645,15.995251,2394.577,147.41013014709
88.164272,15.996309,4689.750,153.13192022824
88.153899,15.996525,3652.528,36.277942964894
88.215762,15.996170,929.360,43.049462898840
88.171207,15.996890,1849.451,39.636728377552
88.042793,15.998894,22647.019,33.876521431670
88.165290,15.999478,26377.063,40.545673644485
88.144735,15.996790,979.582,36.017757579898
88.053329,15.997464,4169.599,33.343981386036
88.064980,15.997191,1532.825,975.60286336247
88.217783,15.997087,1235.295,96.733297114488
88.186740,15.997477,2093.484,37.465441063558
88.195758,15.997761,1084.212,38.880353795533
88.096385,15.997584,1053.489,40.206724739803
88.225223,16.002859,123472.336,34.303082233625
88.214126,16.000299,13692.965,33.271502930649
88.080174,15.998576,1612.239,46.336540445026
88.228670,15.998661,1298.140,34.302268377751
88.208705,15.999838,2311.961,43.571940192118
88.029928,15.999285,1187.543,32.064807084010
88.094767,16.000026,1160.346,36.680267036823
88.050490,16.001075,4347.223,48.550973767773
87.992964,16.000012,763.025,36.355991787611
88.026754,16.000925,3669.137,255.39561316404
88.192663,16.000253,958.096,34.356366920024
88.063852,16.000195,751.097,273.57351942873
88.122967,16.001542,3960.275,53.822800739167
88.000527,16.000915,756.239,37.737104851884
88.043415,16.004516,43172.192,109.08991523833
88.042307,16.000975,781.231,51.448995320552
87.992793,16.005209,56231.505,38.826169193714
88.208291,16.002834,5477.254,36.614374273401
88.182426,16.001943,1095.937,46.012499760381
88.020838,16.004411,22159.602,38.258414415095
88.084051,16.003698,5155.784,92.740507774061
88.117128,16.002817,2342.921,36.427804891410
88.090575,16.002591,1646.484,34.335932483136
88.069036,16.003984,5637.622,38.400803328543
88.052156,16.003514,1749.772,36.401230804326
88.133228,16.006000,19006.458,37.830150159624
88.012511,16.002821,614.015,40.177161749207
88.054050,16.004315,2984.671,39.204116972240
88.145773,16.004245,657.870,37.185152904698
88.115198,16.004042,876.234,38.840832650411
88.004285,16.004734,1961.017,""
88.168544,16.005325,1289.453,""
88.104614,16.005829,1363.368,""
88.107945,16.006091,1243.922,""
88.064965,16.006226,602.538,""
