#mjd: 59703.39397
#filter: r
#airmass: 1.337
#seeing: 1.08665871
#m5sigma: 21.2086
#exptime: 60.0
#night: ut220503
#ra dec flux fluxerror
323.035683,0.135374,nan,73.280021042177
323.149238,0.129951,nan,70.544643491478
323.129834,0.130875,4307.403,64.247003222788
323.141567,0.131327,2988.415,68.030351796380
323.067888,0.133875,3123.474,76.308292392719
322.986488,0.134151,1090.676,342.67589589436
323.039736,0.134131,2802.752,183.82764395113
322.991731,0.137273,41465.187,77.298922438525
323.080313,0.136748,20341.952,91.847965291182
323.042065,0.136373,4491.440,60.788754362272
322.983158,0.136425,7241.864,94.030588518756
323.075381,0.135903,999.832,503.70779775678
322.944410,0.136966,8233.598,83.649151604841
322.957173,0.139794,61409.281,143.99598978989
323.058506,0.139500,8764.833,93.036395523904
323.041225,0.140899,17223.592,62.520595796613
323.115301,0.140630,9655.284,85.163408669308
323.168347,0.139934,1256.187,75.756743813684
323.018678,0.140595,6944.937,73.353787521500
323.016392,0.141193,5993.723,86.162749478532
322.981380,0.141076,2787.419,60.957082880579
322.939405,0.141638,8670.757,64.739935478917
323.128231,0.143112,2111.368,118.46338307176
322.986923,0.144037,2222.622,62.387305521724
323.126535,0.146645,13641.473,104.98167970048
323.174719,0.145873,1932.443,560.27044780065
323.051957,0.146969,11358.920,70.960901872082
323.011306,0.151311,53966.896,55.410444965813
323.071498,0.148415,4045.341,62.357145496775
323.069264,0.148729,1683.973,54.678897557353
323.011577,0.148394,1123.710,62.366738429791
323.153861,0.149149,1557.925,58.374006270507
323.118985,0.149597,3221.782,58.482262718092
323.100970,0.149671,1214.915,147.38365323480
323.034894,0.150482,1179.834,75.323003351524
323.052862,0.152333,16596.967,80.435464174713
323.040040,0.151451,3966.241,76.095614087851
322.970354,0.152729,4551.414,1899.5173527996
323.100054,0.154175,5650.627,68.829715794590
322.938183,0.158058,297926.126,66.177341741329
323.132724,0.154647,5829.032,100.52882822085
323.139904,0.154856,2926.682,60.963886071653
322.988561,0.155622,8897.047,64.327461395712
322.959503,0.155883,1091.750,75.498004150544
323.098520,0.156270,2299.296,71.279204925583
323.129166,0.157559,4141.773,64.172910461384
323.121346,0.157688,3253.251,1548.3018301269
322.975856,0.158038,1927.341,69.998506341632
322.976149,0.162185,244036.185,282.93755002787
323.078338,0.158666,3882.312,120.36935490198
322.993606,0.161234,39568.330,93.772190505340
323.014383,0.160489,13908.486,63.377478071513
323.027006,0.160184,7327.491,216.64745334175
323.009156,0.160507,1672.954,176.42984518443
323.122892,0.162705,30510.555,112.59982910332
322.953263,0.163414,23311.520,440.88836453407
323.116106,0.164350,12020.755,60.449359784112
323.025463,0.165391,53497.740,63.463009566666
323.093714,0.164211,1024.832,121.67707170173
322.985454,0.164969,1760.841,70.395730725838
323.010522,0.166304,12956.447,112.93947120122
323.106960,0.167479,4175.983,79.902327114649
323.163963,0.169786,13002.838,84.516026687121
323.160786,0.169447,7489.005,79.277266760274
323.030386,0.171577,7600.533,64.669674938464
323.039095,0.173484,3560.209,573.91759770342
323.124453,0.173370,1581.515,905.99723252966
322.997668,0.177852,75797.922,65.121443465392
322.969858,0.178458,136127.808,65.005692361338
323.128674,0.176362,873.674,62.296614352251
323.039875,0.179244,1826.351,67.052336942624
323.081255,0.179444,1670.130,61.356448752435
323.029616,0.180500,3268.052,218.00118649111
322.971279,0.180504,1600.031,62.467995141731
322.939875,0.184844,32574.402,1080.3994754411
323.076107,0.183119,920.388,62.422251728094
322.961591,0.187237,169843.943,74.519203610553
323.145917,0.184957,1526.577,180.83838217322
323.041619,0.187125,6514.014,647.85274886762
323.102059,0.188854,24032.868,110.54554966624
322.987931,0.190252,86806.992,61.179994568292
323.053230,0.189458,10211.210,72.555461343246
322.950076,0.188977,1738.835,66.975018793424
323.157114,0.189429,6989.108,63.661078184148
323.027218,0.188832,1662.118,402.16424163680
323.029951,0.189255,3980.400,67.195578038115
323.013552,0.191127,53821.849,70.079260503239
323.165190,0.190310,3025.269,62.970780934319
322.958360,0.190543,5493.456,262.06018976767
323.177162,0.191495,1685.473,100.86973217782
322.980559,0.193586,35942.069,61.542594219705
323.127056,0.193176,9018.803,65.154360386878
323.011541,0.193188,1290.873,107.49420158877
322.989107,0.193571,1254.171,253.37579943634
323.092599,0.195121,10745.802,778.48361422131
322.954912,0.197525,40273.615,52.869945645829
323.036259,0.201069,110632.909,66.317116037402
323.089920,0.198371,1079.340,67.947465489920
323.151137,0.199920,6873.442,111.54284301241
323.102797,0.199401,3853.543,68.429669377452
323.147868,0.201795,15643.235,119.87612844542
323.051597,0.201177,2471.533,900.44373596791
323.155941,0.202265,17246.752,54.992255313047
323.133795,0.204623,145067.904,61.492817802937
323.022589,0.201784,1288.819,82.971886550527
322.965072,0.202069,1545.854,61.799399690575
322.973594,0.203061,8874.198,61.734166174445
323.034841,0.202989,1091.692,61.675097494437
323.049340,0.203685,1845.432,58.041437908001
323.137997,0.205808,1375.989,185.69047011151
323.136153,0.206349,1787.323,58.797429241507
323.029550,0.207998,23620.490,107.67609807215
323.115992,0.206874,2081.481,67.727414972124
323.014017,0.208361,12021.726,61.446796019674
323.149128,0.208408,7153.853,72.908448835892
322.937228,0.207859,2745.708,112.90614358429
322.949837,0.208914,8775.577,479.02789206806
323.117923,0.209741,11939.105,100.86891079166
323.159169,0.211331,80427.583,62.618414468881
323.097129,0.210934,9265.418,57.586559841939
323.166807,0.211302,3386.145,60.891983729962
323.105730,0.211651,1409.728,59.998817579983
323.114204,0.212439,3152.554,59.229142811879
323.138340,0.212835,2432.909,59.579878866504
322.957808,0.213753,4794.698,103.34195790042
323.111927,0.213596,1637.642,65.628483440195
323.004309,0.215908,11979.680,131.89182693261
323.110332,0.215081,2329.680,95.655148469354
323.006458,0.216128,17797.988,65.033152046613
323.033382,0.216328,11158.134,68.514827547946
323.026797,0.215965,2668.695,113.63349974141
323.021348,0.218258,4003.986,58.454236640568
322.987993,0.219098,11572.158,58.426136102530
322.943390,0.219649,1106.305,66.995666143432
323.009402,0.220098,1698.126,931.76604938063
323.069920,0.220483,2070.407,60.151884472807
322.966261,0.223814,160368.969,98.118550564692
323.103544,0.220197,818.190,67.792700758680
323.141708,0.221861,11943.777,1178.6807173846
322.991712,0.221327,3578.862,423.87961187428
323.035725,0.224653,178229.868,97.497689533170
323.093540,0.224733,64666.062,59.607825560354
323.068018,0.227556,nan,63.763582636907
323.005895,0.224079,7862.676,61.259266717113
323.097712,0.224212,2834.693,97.387839590311
323.104851,0.224973,2497.905,101.37579856447
323.167148,0.224911,1623.507,80.263498344195
323.021164,0.225740,9873.937,65.627611759218
322.939642,0.226401,13645.284,66.757218048965
323.170284,0.244377,nan,66.440327192879
323.171289,0.227281,6715.332,92.719374571248
323.157666,0.226676,3479.949,66.322385896501
323.135240,0.228045,3017.425,59.643565133477
323.098715,0.229184,2892.391,70.161231950379
323.170786,0.230269,8681.705,142.54844568663
322.968101,0.230442,3412.990,114.68615758513
322.955435,0.229869,1341.058,63.260304189360
323.014955,0.230662,4042.708,800.82377926842
322.977119,0.231984,19004.925,112.27596771878
323.160795,0.231755,13552.544,153.76682859127
323.107436,0.232721,2376.475,361.04122328878
323.015209,0.238499,nan,66.244068911813
323.018301,0.236438,140635.694,153.00081778552
323.148294,0.234834,14791.971,931.13002405820
323.021847,0.235756,19586.821,63.253991617984
323.118543,0.237081,51650.377,393.21832979405
323.099738,0.235451,1127.961,66.069047613407
323.163390,0.237596,26169.875,129.23562239820
322.972155,0.241874,151602.963,104.66094079453
323.108678,0.237467,2124.857,172.26776283646
322.952603,0.240841,63021.196,75.300097304279
323.157346,0.239147,1878.027,65.146793575223
323.072630,0.240115,15187.317,71.530546441233
323.016981,0.240306,13885.152,74.270879769629
322.960988,0.241175,26561.534,85.434340638120
323.077127,0.240338,4371.732,65.797082774752
323.001808,0.239696,911.411,147.09917703027
323.154661,0.240608,2968.063,64.095988460237
323.020056,0.241566,6493.826,82.497989643140
323.153619,0.242671,9305.425,95.711150247172
322.987677,0.242312,935.397,66.194819687829
322.946526,0.244190,21674.997,364.47227675716
323.044277,0.243475,1576.004,216.80257251759
323.138722,0.244346,7184.368,62.168816050115
323.118280,0.245901,7719.430,109.00165476005
323.135472,0.247232,3204.243,173.37864002675
323.101153,0.249098,48691.771,74.855624657094
323.000620,0.249996,28472.583,61.086473773739
322.951359,0.250519,1846.552,73.792375621404
322.996924,0.252647,14873.099,668.47256417508
323.108452,0.253620,23742.783,56.038664738091
323.129538,0.252796,6279.507,70.485121685711
323.091497,0.252397,1977.123,55.269383842225
323.001992,0.253533,10028.104,117.31880536372
323.139571,0.255413,102066.957,94.499913615324
323.093920,0.252973,1335.707,65.040653326525
322.989703,0.253785,3035.645,57.697081515863
323.042480,0.254421,3778.064,60.638601890236
323.007967,0.255630,13341.579,84.303283123567
323.011111,0.255606,9509.179,355.92736609617
322.990764,0.255434,1965.874,63.846569569363
323.089859,0.257504,3725.638,503.03816636915
323.139854,0.258099,2629.014,139.87323267712
323.059625,0.259255,9123.139,56.774133232940
323.039496,0.262313,57493.671,55.945848219593
322.988719,0.260395,2584.317,318.40665986082
323.077094,0.264287,83193.002,61.104145399411
323.161873,0.263386,18377.491,62.279616605510
323.028844,0.262464,1075.667,69.586426096388
323.092457,0.262611,3259.780,574.56234855479
323.130174,0.265024,41658.600,1730.7775479357
322.963293,0.263680,2832.275,57.957045778638
323.116016,0.264418,1559.785,65.728080437730
323.104499,0.264992,5192.130,59.028261238089
322.942856,0.268415,101489.171,84.713023347801
323.051993,0.270749,287418.309,73.616621255788
323.083239,0.266810,1722.562,54.958886791429
323.002131,0.267314,2115.419,262.03089897380
323.004500,0.268721,1696.096,73.075370852670
323.162767,0.269666,7632.996,1116.2184215327
323.039353,0.269708,6682.085,233.41000315402
323.026699,0.269685,1187.497,81.238247199558
323.094119,0.271978,33634.478,59.457979736612
323.027835,0.271221,4949.579,67.354040407520
323.058377,0.273897,164677.296,62.442599695679
323.120910,0.272815,31266.575,162.06118367797
323.078222,0.272149,7513.922,72.457677362506
322.945219,0.272120,1134.402,78.562490009049
322.970007,0.273634,3537.465,836.31207324052
322.990479,0.273609,1850.906,64.431834523013
322.957999,0.276636,23440.495,65.293795832689
322.994558,0.275748,3045.754,69.85979801334
323.049108,0.276095,6816.778,65.231598022188
323.139800,0.279363,109810.781,66.494435265412
322.977820,0.277838,1784.458,213.25157044726
322.938624,0.279049,2556.889,95.002240261677
322.975047,0.280371,3879.831,78.001544568401
323.101248,0.280375,1213.697,62.636320400729
322.939156,0.282076,2448.601,113.88289593971
323.058242,0.283953,28938.086,1962.6146391081
322.937854,0.284074,10348.614,130.44110117540
323.060137,0.284161,5032.112,377.84059479984
323.161922,0.284277,1237.824,62.181029002705
323.036932,0.285366,13856.590,66.815915643850
323.043942,0.290930,313256.693,70.671822065544
323.165878,0.287426,11440.139,59.597225382091
322.935363,0.289498,64602.215,64.630995844500
322.962383,0.287666,1369.732,58.198154984033
323.040407,0.288745,1972.407,67.164188268725
322.996593,0.289510,3543.943,63.519797548160
322.956913,0.292294,1105.241,137.80301222645
323.095778,0.293021,1746.061,63.518444594804
323.146836,0.293264,1643.836,56.019332730581
323.018311,0.295209,5867.597,280.31898798023
322.973648,0.294991,2640.787,136.15147383916
323.106340,0.297250,13950.849,63.667764137913
323.097457,0.296637,2489.690,81.209934392693
323.040893,0.296237,881.578,222.03087153914
323.173063,0.298638,34101.851,58.344384952978
323.101952,0.299833,15520.003,108.38553850168
322.981329,0.299396,1054.924,316.52030831503
323.051863,0.300414,8640.962,856.64077011284
323.054214,0.301925,30388.936,59.179028954195
323.010506,0.301418,3349.260,70.105144306048
323.000147,0.303635,11388.805,62.121719905576
323.104311,0.304291,42092.660,77.490482622970
322.977221,0.307320,148404.050,122.56080452023
322.996670,0.304287,1795.403,64.569550357425
323.064735,0.306328,2943.879,59.863778777843
323.155352,0.306103,1374.857,72.955631057767
323.049873,0.308250,5867.653,61.364596642300
323.115071,0.308708,9227.166,121.17424135161
323.109152,0.308771,1515.101,72.458669193869
323.021138,0.308879,1198.756,88.672696223201
323.007747,0.310037,6412.952,158.80663703051
322.950587,0.309557,1971.366,56.596072274572
323.034021,0.311196,16087.694,211.22126168376
323.150728,0.310538,5998.620,61.442232263682
323.160567,0.310754,8088.701,65.833255176013
323.092818,0.313346,18643.882,60.519210493827
322.978193,0.313473,1986.104,72.878293806559
322.963292,0.316302,30986.113,87.390420623117
323.173519,0.315098,1402.328,79.025386620728
323.169764,0.315862,2715.585,152.29959123882
323.004598,0.316054,2430.298,114.71165788378
323.117202,0.316943,5843.301,204.34649165234
323.066461,0.319309,9853.406,58.523903874137
323.132569,0.319460,7963.566,62.345810578095
323.068186,0.320201,20296.767,83.465696539673
323.007609,0.319682,15731.393,1096.4918320202
322.936254,0.320507,30128.818,155.86698165938
322.988033,0.319084,1845.831,60.425895835555
322.940923,0.319927,1301.752,60.787935426806
323.081822,0.322238,7664.842,68.844052012202
323.108569,0.325356,139414.760,58.007139216537
323.172137,0.323817,16527.318,56.070777298502
322.966825,0.323488,2266.349,66.493868024509
323.068230,0.322951,1474.014,63.004845247939
323.041733,0.324440,6776.937,156.69010407226
323.147355,0.324533,2667.424,198.57484273052
322.976487,0.325441,1593.803,1217.3535478719
323.025415,0.325965,1673.099,990.79304093920
323.031618,0.326523,939.655,61.838707051185
323.074590,0.328889,19317.526,60.546590651883
323.160178,0.328974,22333.632,126.87363327387
323.145339,0.332308,160689.629,218.61549609608
323.085500,0.332271,142295.229,179.75798140930
323.099920,0.330034,966.644,73.788114617092
323.131885,0.333065,2083.587,73.654478961748
323.011256,0.334866,16678.589,269.88869469520
322.986200,0.337907,31597.462,70.437453606208
323.104147,0.338882,18987.588,75.341409109173
323.164190,0.339161,3924.860,65.772854215912
323.110840,0.340598,3723.911,173.25531063913
322.961752,0.341784,39136.240,65.187745106457
323.005149,0.340403,1877.803,68.948346389079
323.106351,0.341616,4033.790,378.75290985127
323.125715,0.341581,4150.521,91.570306932050
322.979037,0.343941,23041.026,350.40520441695
323.046713,0.342503,3301.256,136.44301164595
323.165337,0.342805,3282.388,96.012955119916
323.073750,0.346467,57454.782,65.277953806911
323.164331,0.345486,6178.139,58.391525957218
323.083920,0.347005,46328.590,121.83477622955
323.126988,0.346527,12942.793,61.238750494909
323.080881,0.347057,10131.805,351.98189312657
323.001983,0.347466,2658.089,75.542678547943
323.019276,0.348716,1218.602,67.176987840486
323.056947,0.350755,15846.828,71.886807946244
322.999358,0.352112,1561.382,67.570787655079
323.049735,0.354235,56899.026,64.799441612191
322.989198,0.353060,5864.662,441.32608288634
322.964927,0.353759,3916.386,58.975777898192
323.063439,0.354484,1209.706,66.329567692155
323.118158,0.355632,3541.253,91.415898486049
322.972286,0.355629,1201.143,105.34206960369
323.079811,0.357821,61390.153,60.619534827180
322.957791,0.356798,3622.870,139.78934296620
323.097956,0.356633,2729.728,60.501684842730
323.135455,0.357307,9589.477,2290.5145335103
323.089009,0.357779,10886.009,57.748696124024
323.173175,0.357296,1027.899,61.218847876575
323.093520,0.358523,16138.460,151.28470806803
322.976401,0.358435,1660.898,81.278151654906
323.101032,0.363707,290669.273,197.55548497793
323.025637,0.361387,2493.380,177.67648258025
322.941184,0.361727,1170.370,86.480589782831
323.088953,0.363837,19658.359,97.879881632028
323.113483,0.363359,4883.229,62.413245482353
323.116270,0.364892,20657.647,112.54243353928
322.971394,0.364971,26002.422,65.080272114791
323.025369,0.364788,9132.810,66.432568450086
322.939766,0.364958,11367.272,66.087541636107
323.062085,0.365800,1105.105,110.83534298687
323.015753,0.368141,18261.723,81.869457839916
323.059238,0.367167,2757.399,239.37726892234
323.108448,0.367664,921.232,62.029515784516
323.119993,0.368526,2652.570,58.931708693091
323.135964,0.369105,10603.713,91.201955137986
323.144265,0.368954,6697.123,114.48863865757
322.944575,0.370645,37904.032,""
323.042466,0.369982,3810.917,""
323.141146,0.369995,1526.135,""
323.160105,0.370706,7968.288,""
323.082937,0.371667,13834.397,""
