#mjd: 59873.03168
#filter: r
#airmass: 1.154
#seeing: 1.5336621
#m5sigma: 19.7349
#exptime: 10.0
#night: ut221020
#ra dec flux fluxerror
323.149235,0.129742,1811.417,46.694957413351
323.035703,0.135380,77742.728,799.81405339205
323.080315,0.136730,3444.214,63.490115926057
323.125476,0.135981,1042.297,50.638354757755
322.991728,0.137271,7166.400,86.522722348185
322.983162,0.136408,1225.249,44.931318248336
323.042075,0.136341,729.408,40.786686853151
322.944403,0.136942,1473.252,40.623071318574
322.957190,0.139783,10758.941,109.06740771884
323.058528,0.139480,1523.941,49.885090454562
323.041249,0.140907,2919.034,56.569920819398
323.115306,0.140622,1693.399,43.119402384385
323.016371,0.141192,938.147,49.665320611137
323.018699,0.140557,1160.144,49.639478545230
322.939424,0.141623,1450.335,44.917967062193
323.051995,0.146971,1962.036,47.893135602586
323.126517,0.146656,2404.296,52.391185445258
323.011310,0.151326,9256.139,117.72865719267
323.052890,0.152319,2879.029,49.718102107901
323.039977,0.151471,696.951,41.913453043341
322.970366,0.152726,767.414,42.929430650122
323.100059,0.154152,1007.618,43.064606451444
323.132716,0.154631,1088.100,46.162865874887
322.938189,0.158055,53303.407,488.33398374731
323.139916,0.154880,532.108,45.845807434898
322.988576,0.155602,1492.989,48.122037373545
323.129236,0.157551,710.792,42.906516073588
323.078376,0.158672,797.223,40.238122256245
322.976149,0.162186,43345.905,348.97169524893
323.014397,0.160484,2352.674,50.231276558022
323.026994,0.160172,1316.707,43.417997419755
322.993598,0.161233,6944.414,81.217432674073
323.122899,0.162699,5205.588,76.196269989611
322.953269,0.163412,4051.285,61.045397096226
323.116095,0.164320,2125.895,52.288719907945
323.025467,0.165396,8979.066,95.684209319908
323.010522,0.166302,2192.758,46.363479144961
323.177160,0.169003,nan,46.387644455471
323.106939,0.167473,566.869,53.048829052120
323.163947,0.169787,2286.896,44.459748012818
323.160792,0.169455,1266.492,48.326266033698
323.030406,0.171542,1293.375,108.55435055393
322.930316,0.174598,nan,172.38326637237
322.997677,0.177840,13137.293,64.997734957673
322.969858,0.178456,23596.435,196.26016124705
322.939891,0.184839,5804.207,43.738920123057
322.961602,0.187234,28839.961,52.132672188878
323.041626,0.187108,1083.451,89.140389158023
323.102069,0.188850,4023.223,49.532386440300
322.987948,0.190254,14572.270,44.870790948379
322.947635,0.189381,3369.308,41.414415000221
323.053219,0.189457,1688.571,72.136157767897
323.157134,0.189458,1241.036,45.313773951295
323.013559,0.191125,8867.355,64.186238409584
322.958395,0.190525,949.586,44.793186747083
322.980566,0.193596,5833.248,43.884660390510
323.127050,0.193172,1412.952,73.298432088036
323.092628,0.195122,1729.753,128.31625550564
322.954934,0.197522,7098.764,44.470987105693
323.036264,0.201073,18045.184,55.110558768704
323.151136,0.199924,1140.747,55.649248127320
323.147872,0.201804,2668.480,228.04285576272
323.155940,0.202258,3120.806,46.603512274690
323.133801,0.204613,24444.009,53.776613598587
322.973631,0.203042,1497.892,45.163628246096
323.029556,0.208006,3907.626,47.247219178795
323.014016,0.208341,1953.440,50.959295419386
323.149103,0.208401,1159.523,46.283258756437
322.949859,0.208928,1571.218,131.42288915211
323.117913,0.209729,1927.409,47.188815593330
323.159166,0.211325,14378.741,52.808459931653
323.097138,0.210913,1575.053,46.011022808370
322.957813,0.213773,800.932,46.000202400240
323.006486,0.216137,2854.970,42.958632072854
323.004317,0.215917,2073.518,40.322838067212
323.033382,0.216350,1957.381,48.082696673605
322.988018,0.219090,1809.073,203.76783511703
323.141725,0.221870,2048.333,168.80694819177
322.966264,0.223819,27318.380,102.80120360232
323.035736,0.224666,29323.217,40.998928857296
323.093533,0.224732,10638.495,403.87629879110
323.005896,0.224090,1309.554,46.125923602231
323.068017,0.227557,76119.224,49.225250137889
323.021166,0.225736,1591.090,43.756960986869
322.939652,0.226402,2390.983,42.946480037612
323.171317,0.227271,1182.062,46.003657779419
323.170798,0.230293,1502.432,50.223915152328
323.160786,0.231759,2187.713,144.98264721829
322.977138,0.231986,3075.247,53.390681861207
323.018320,0.236439,23429.902,5763.6188649999
323.148303,0.234831,2413.493,325.59643567326
323.170287,0.244360,803646.840,325.50455883080
323.015221,0.238501,79195.566,54.304717012150
323.017006,0.240317,2288.919,74.023805676481
323.021867,0.235745,3340.149,57.178917524964
323.118547,0.237076,8563.673,90.890682844357
323.163386,0.237591,4489.683,190.13349834805
322.952626,0.240851,10672.137,53.832526266052
322.972200,0.241918,25730.482,62.974429831657
323.072639,0.240111,2450.757,45.038376933154
322.961003,0.241201,4461.822,43.890404660021
323.077111,0.240350,721.855,48.581221179654
323.020073,0.241552,1014.641,52.528257722228
323.153621,0.242660,1590.852,40.399868376342
322.946546,0.244172,2221.128,42.276282098260
323.138725,0.244349,1177.679,82.961036603828
323.118296,0.245882,1110.938,49.311174166792
323.101153,0.249100,7947.766,48.775575942443
323.000634,0.250014,4551.479,49.466440196444
322.996914,0.252661,2329.241,38.663434153776
323.108457,0.253624,4064.794,47.427858216806
323.129533,0.252803,950.323,144.50483114592
323.001997,0.253549,1646.930,42.799331598296
323.139573,0.255412,17393.278,45.579724366976
322.930050,0.255444,nan,48.142487274653
322.989680,0.253744,557.045,36.738404712329
323.007968,0.255641,2133.128,85.856487461334
323.011122,0.255612,1370.872,104.48354692734
323.059608,0.259268,1482.204,63.437087947182
323.039501,0.262323,9284.353,65.326900416576
323.077085,0.264295,13405.947,48.754201249123
323.161879,0.263390,3270.295,44.247740299896
323.130178,0.265019,7047.013,168.09596732314
322.963276,0.263732,558.791,337.18976000594
323.104481,0.264988,775.976,44.157133193280
322.942877,0.268429,17536.633,50.544268597828
323.051997,0.270765,46852.390,45.575749633539
322.930925,0.268266,1510.517,61.092110951998
323.162763,0.269682,1253.799,69.751154967858
323.039382,0.269751,1005.198,175.45366155892
323.094115,0.271970,5363.680,42.433419860284
323.120904,0.272806,5134.806,43.494664419056
323.058377,0.273913,27030.508,52.502717218804
323.078213,0.272164,1235.517,46.269294222559
322.970034,0.273624,650.529,42.997433483622
322.958019,0.276652,4048.796,137.33062615563
323.049120,0.276133,1051.139,50.535554783297
323.176408,0.275302,220.478,50.552426115095
323.139792,0.279366,18480.581,42.441402176672
323.058230,0.283974,4484.982,47.818881842603
323.060163,0.284174,842.249,43.146552952679
322.937870,0.284097,1766.091,387.27528348411
323.036918,0.285369,2171.485,120.97871042777
323.165899,0.287445,1976.017,43.390945824742
323.043939,0.290950,50336.823,43.775422864671
322.935380,0.289509,11121.158,45.736098159350
322.996572,0.289519,610.805,63.417757465206
323.018309,0.295210,991.198,47.577395923057
323.106311,0.297266,2297.989,131.92606590902
323.173066,0.298646,5813.491,46.559771453180
323.101959,0.299852,2563.722,54.410063099154
322.930961,0.301568,11305.487,46.264747179848
323.051870,0.300427,1286.548,66.129775134204
323.054199,0.301943,4842.725,233.11413884030
323.000130,0.303645,1809.371,61.482660986334
323.104314,0.304310,6871.690,40.188532160296
322.977227,0.307342,24826.005,45.562428499172
322.930756,0.308544,3295.587,42.431060769585
323.049889,0.308262,961.033,46.077954801317
323.115042,0.308725,1534.461,46.641769228053
323.007781,0.310044,949.191,46.136468143637
323.160564,0.310771,1477.985,50.630859144352
323.150742,0.310531,981.428,71.708735443889
323.034034,0.311205,2567.492,45.579476290043
323.092792,0.313372,2881.349,45.066240427178
322.963306,0.316319,5287.266,46.038963291730
323.117194,0.316975,886.307,46.049108925742
323.007620,0.319695,2695.375,63.332529820115
323.066455,0.319350,1604.993,46.014147018561
323.068174,0.320218,3244.139,42.565118410048
322.936256,0.320527,5122.837,54.758823130920
323.132561,0.319462,1353.149,127.29289999128
323.081833,0.322257,1301.828,51.027061290930
323.172112,0.323814,2977.270,51.568280920220
323.108561,0.325376,22980.304,61.863025064864
323.041754,0.324468,1155.080,145.26231792932
323.074589,0.328908,3176.958,223.31987024090
323.160177,0.328986,3896.554,47.331479669252
323.085479,0.332286,22721.798,70.230121340740
323.145327,0.332314,27709.842,54.405250273914
323.011255,0.334862,2667.912,74.661333704579
322.986209,0.337930,4920.135,64.395390648742
323.104134,0.338891,3081.292,46.034860715764
322.961773,0.341800,6369.707,80.066390355706
322.979048,0.343957,3647.380,49.276427161846
323.046794,0.342553,545.963,73.231349106375
323.073742,0.346483,9313.657,46.992293529111
323.164286,0.345504,1086.240,42.555606114136
323.083913,0.347015,7179.009,44.890013857461
323.126980,0.346547,2198.026,98.124263859339
323.080893,0.347070,1471.535,45.853399642405
323.056947,0.350758,2497.722,85.320536762849
323.049738,0.354252,8844.573,43.337237334328
322.989239,0.353060,998.040,45.293403306796
323.079801,0.357827,9796.275,44.716752729661
323.135432,0.357309,1619.871,41.379891549846
323.088987,0.357796,1704.825,250.16291461813
322.957813,0.356835,562.849,49.593198962962
323.093520,0.358540,2504.712,46.052741871563
323.101018,0.363724,47440.700,63.369538549750
323.088953,0.363828,3124.712,44.194362212892
323.113506,0.363386,852.767,46.910618429095
322.971397,0.364998,4117.883,49.682334237909
323.025401,0.364774,1488.617,45.137985719543
323.116254,0.364908,3151.979,47.671414885044
322.939762,0.364975,1984.942,46.683314864332
323.015781,0.368147,2767.576,73.136680390409
323.144280,0.368966,1225.740,44.300140968408
323.135950,0.369092,1818.808,48.592823582792
322.944593,0.370655,6541.906,43.581561775304
323.042530,0.370039,608.929,""
323.160081,0.370686,1384.038,""
323.082950,0.371673,2064.607,""
